ID	X	Y	Z
10	2628632.1030	1104505.2820	2802.4541
11	2628632.1030	1104505.2820	2802.4541
12	2628632.1030	1104505.2820	2802.4541
13	2628632.1030	1104505.2820	2802.4541
14	2628564.7570	1104513.4360	2769.6909
15	2628564.7570	1104513.4360	2769.6909
16	2628564.7570	1104513.4360	2769.6909
17	2628564.7570	1104513.4360	2769.6909
18	2628564.7570	1104513.4360	2769.6909
19	2628564.7570	1104513.4360	2769.6909
20	2628564.7570	1104513.4360	2769.6909
21	2628442.6460	1104630.6700	2666.2451
22	2628425.8990	1104658.3380	2643.7200
23	2628419.4390	1104670.1810	2637.4299
24	2628419.4390	1104670.1810	2637.4299
25	2628396.4150	1104727.8090	2590.5850
26	2628397.0090	1104733.5010	2587.8831
27	2628397.0090	1104733.5010	2587.8831
28	2628397.0090	1104733.5010	2587.8831
29	2628397.0090	1104733.5010	2587.8831
30	2628397.0090	1104733.5010	2587.8831
31	2628397.0090	1104733.5010	2587.8831
32	2628397.0090	1104733.5010	2587.8831
33	2628373.7550	1104923.7950	2462.9290
55	2628632.1030	1104505.2820	2802.4541
56	2628632.1030	1104505.2820	2802.4541
57	2628632.1030	1104505.2820	2802.4541
58	2628632.1030	1104505.2820	2802.4541
59	2628564.7570	1104513.4360	2769.6909
60	2628564.7570	1104513.4360	2769.6909
61	2628564.7570	1104513.4360	2769.6909
62	2628564.7570	1104513.4360	2769.6909
63	2628564.7570	1104513.4360	2769.6909
64	2628564.7570	1104513.4360	2769.6909
65	2628564.7570	1104513.4360	2769.6909
66	2628564.7570	1104513.4360	2769.6909
67	2628427.0890	1104662.7620	2642.6919
68	2628419.4390	1104670.1810	2637.4299
69	2628419.4390	1104670.1810	2637.4299
70	2628395.9870	1104719.1620	2600.8081
71	2628397.0090	1104733.5010	2587.8831
72	2628397.0090	1104733.5010	2587.8831
73	2628397.0090	1104733.5010	2587.8831
74	2628397.0090	1104733.5010	2587.8831
75	2628397.0090	1104733.5010	2587.8831
76	2628397.0090	1104733.5010	2587.8831
77	2628397.0090	1104733.5010	2587.8831
78	2628362.3060	1104925.2070	2455.0610
100	2628632.1030	1104505.2820	2802.4541
101	2628632.1030	1104505.2820	2802.4541
102	2628632.1030	1104505.2820	2802.4541
103	2628632.1030	1104505.2820	2802.4541
104	2628564.7570	1104513.4360	2769.6909
105	2628564.7570	1104513.4360	2769.6909
106	2628564.7570	1104513.4360	2769.6909
107	2628564.7570	1104513.4360	2769.6909
108	2628564.7570	1104513.4360	2769.6909
109	2628564.7570	1104513.4360	2769.6909
110	2628564.7570	1104513.4360	2769.6909
111	2628564.7570	1104513.4360	2769.6909
112	2628425.3350	1104659.4130	2642.9790
113	2628419.4390	1104670.1810	2637.4299
114	2628419.4390	1104670.1810	2637.4299
115	2628396.4150	1104727.8090	2590.5850
116	2628397.0090	1104733.5010	2587.8831
117	2628397.0090	1104733.5010	2587.8831
118	2628397.0090	1104733.5010	2587.8831
119	2628397.0090	1104733.5010	2587.8831
120	2628397.0090	1104733.5010	2587.8831
121	2628397.0090	1104733.5010	2587.8831
122	2628397.0090	1104733.5010	2587.8831
123	2628373.8820	1104923.4360	2463.2261
144	2628633.3430	1104504.2290	2802.9070
145	2628632.1030	1104505.2820	2802.4541
146	2628632.1030	1104505.2820	2802.4541
147	2628632.1030	1104505.2820	2802.4541
148	2628632.1030	1104505.2820	2802.4541
149	2628564.7570	1104513.4360	2769.6909
150	2628564.7570	1104513.4360	2769.6909
151	2628564.7570	1104513.4360	2769.6909
152	2628564.7570	1104513.4360	2769.6909
153	2628564.7570	1104513.4360	2769.6909
155	2628564.7570	1104513.4360	2769.6909
156	2628442.6460	1104630.6700	2666.2451
157	2628427.0890	1104662.7620	2642.6919
158	2628419.4390	1104670.1810	2637.4299
159	2628419.4390	1104670.1810	2637.4299
160	2628419.4390	1104670.1810	2637.4299
161	2628397.0090	1104733.5010	2587.8831
162	2628397.0090	1104733.5010	2587.8831
163	2628397.0090	1104733.5010	2587.8831
164	2628397.0090	1104733.5010	2587.8831
165	2628397.0090	1104733.5010	2587.8831
166	2628397.0090	1104733.5010	2587.8831
167	2628397.0090	1104733.5010	2587.8831
168	2628373.7550	1104923.7950	2462.9290
190	2628632.1030	1104505.2820	2802.4541
191	2628632.1030	1104505.2820	2802.4541
192	2628632.1030	1104505.2820	2802.4541
193	2628564.7570	1104513.4360	2769.6909
194	2628564.7570	1104513.4360	2769.6909
195	2628564.7570	1104513.4360	2769.6909
196	2628564.7570	1104513.4360	2769.6909
197	2628564.7570	1104513.4360	2769.6909
198	2628564.7570	1104513.4360	2769.6909
200	2628564.7570	1104513.4360	2769.6909
201	2628442.6460	1104630.6700	2666.2451
202	2628427.0890	1104662.7620	2642.6919
203	2628419.4390	1104670.1810	2637.4299
204	2628419.4390	1104670.1810	2637.4299
205	2628396.4150	1104727.8090	2590.5850
206	2628397.0090	1104733.5010	2587.8831
207	2628397.0090	1104733.5010	2587.8831
208	2628397.0090	1104733.5010	2587.8831
209	2628397.0090	1104733.5010	2587.8831
210	2628397.0090	1104733.5010	2587.8831
211	2628397.0090	1104733.5010	2587.8831
212	2628397.0090	1104733.5010	2587.8831
213	2628374.2580	1104922.7940	2464.0010
214	2628362.3060	1104925.2070	2455.0610
235	2628632.1030	1104505.2820	2802.4541
236	2628632.1030	1104505.2820	2802.4541
237	2628632.1030	1104505.2820	2802.4541
238	2628564.7570	1104513.4360	2769.6909
239	2628564.7570	1104513.4360	2769.6909
240	2628564.7570	1104513.4360	2769.6909
241	2628564.7570	1104513.4360	2769.6909
242	2628564.7570	1104513.4360	2769.6909
245	2628450.2460	1104623.7590	2669.9170
246	2628442.6460	1104630.6700	2666.2451
247	2628425.3750	1104659.9750	2642.7649
248	2628419.4390	1104670.1810	2637.4299
249	2628419.4390	1104670.1810	2637.4299
250	2628399.4920	1104728.3710	2591.7991
251	2628397.0090	1104733.5010	2587.8831
252	2628397.0090	1104733.5010	2587.8831
253	2628397.0090	1104733.5010	2587.8831
254	2628397.0090	1104733.5010	2587.8831
255	2628397.0090	1104733.5010	2587.8831
256	2628397.0090	1104733.5010	2587.8831
257	2628397.0090	1104733.5010	2587.8831
258	2628397.0090	1104733.5010	2587.8831
279	2628634.9800	1104503.4600	2803.5620
280	2628632.1030	1104505.2820	2802.4541
281	2628632.1030	1104505.2820	2802.4541
282	2628582.0790	1104515.8620	2777.4021
283	2628564.7570	1104513.4360	2769.6909
284	2628564.7570	1104513.4360	2769.6909
285	2628564.7570	1104513.4360	2769.6909
286	2628564.7570	1104513.4360	2769.6909
287	2628564.7570	1104513.4360	2769.6909
290	2628451.4919	1104622.2110	2670.6990
291	2628442.6460	1104630.6700	2666.2451
292	2628428.0460	1104663.1640	2643.2561
293	2628419.4390	1104670.1810	2637.4299
294	2628419.4390	1104670.1810	2637.4299
295	2628399.4230	1104728.8270	2591.4570
296	2628397.0090	1104733.5010	2587.8831
297	2628397.0090	1104733.5010	2587.8831
298	2628397.0090	1104733.5010	2587.8831
299	2628397.0090	1104733.5010	2587.8831
300	2628397.0090	1104733.5010	2587.8831
301	2628397.0090	1104733.5010	2587.8831
302	2628397.0090	1104733.5010	2587.8831
303	2628397.0090	1104733.5010	2587.8831
325	2628632.1030	1104505.2820	2802.4541
326	2628632.1030	1104505.2820	2802.4541
327	2628584.2070	1104516.5140	2778.2500
328	2628564.7570	1104513.4360	2769.6909
329	2628564.7570	1104513.4360	2769.6909
330	2628564.7570	1104513.4360	2769.6909
331	2628564.7570	1104513.4360	2769.6909
335	2628449.9260	1104622.8600	2669.9399
336	2628442.6460	1104630.6700	2666.2451
337	2628427.0890	1104662.7620	2642.6919
338	2628419.4390	1104670.1810	2637.4299
339	2628419.4390	1104670.1810	2637.4299
340	2628397.8390	1104723.8880	2595.6021
341	2628397.0090	1104733.5010	2587.8831
342	2628397.0090	1104733.5010	2587.8831
343	2628397.0090	1104733.5010	2587.8831
344	2628397.0090	1104733.5010	2587.8831
345	2628397.0090	1104733.5010	2587.8831
346	2628397.0090	1104733.5010	2587.8831
347	2628397.0090	1104733.5010	2587.8831
348	2628373.7550	1104923.7950	2462.9290
370	2628632.1030	1104505.2820	2802.4541
372	2628580.6880	1104517.8520	2776.6931
373	2628564.7570	1104513.4360	2769.6909
374	2628564.7570	1104513.4360	2769.6909
375	2628535.0601	1104534.2800	2746.2639
380	2628450.2460	1104623.7590	2669.9170
381	2628442.6460	1104630.6700	2666.2451
382	2628425.3750	1104659.9750	2642.7649
383	2628419.4390	1104670.1810	2637.4299
384	2628419.4390	1104670.1810	2637.4299
385	2628399.4230	1104728.8270	2591.4570
386	2628397.0090	1104733.5010	2587.8831
387	2628397.0090	1104733.5010	2587.8831
388	2628397.0090	1104733.5010	2587.8831
389	2628397.0090	1104733.5010	2587.8831
390	2628397.0090	1104733.5010	2587.8831
391	2628397.0090	1104733.5010	2587.8831
392	2628397.0090	1104733.5010	2587.8831
393	2628373.7550	1104923.7950	2462.9290
415	2628627.9690	1104517.2510	2797.2151
417	2628581.9530	1104515.0390	2777.5691
418	2628564.7570	1104513.4360	2769.6909
419	2628564.7570	1104513.4360	2769.6909
420	2628535.0601	1104534.2800	2746.2639
425	2628449.4790	1104623.5680	2669.6030
426	2628442.6460	1104630.6700	2666.2451
427	2628425.3750	1104659.9750	2642.7649
428	2628419.4390	1104670.1810	2637.4299
429	2628419.4390	1104670.1810	2637.4299
430	2628397.5690	1104723.0890	2596.3420
431	2628397.0090	1104733.5010	2587.8831
432	2628397.0090	1104733.5010	2587.8831
433	2628397.0090	1104733.5010	2587.8831
434	2628397.0090	1104733.5010	2587.8831
435	2628397.0090	1104733.5010	2587.8831
436	2628397.0090	1104733.5010	2587.8831
437	2628397.0090	1104733.5010	2587.8831
438	2628373.7550	1104923.7950	2462.9290
450	2628919.1110	1104680.1820	2825.1980
451	2628895.5330	1104665.0490	2822.3911
452	2628875.4590	1104658.1550	2820.4600
461	2628621.2780	1104533.0290	2783.6550
462	2628582.7000	1104516.2780	2777.7290
463	2628565.9490	1104527.3640	2766.9331
464	2628547.1340	1104535.9380	2753.6230
465	2628535.0601	1104534.2800	2746.2639
470	2628450.2460	1104623.7590	2669.9170
471	2628442.6460	1104630.6700	2666.2451
472	2628428.0460	1104663.1640	2643.2561
473	2628419.4390	1104670.1810	2637.4299
474	2628419.4390	1104670.1810	2637.4299
475	2628396.4150	1104727.8090	2590.5850
476	2628397.0090	1104733.5010	2587.8831
477	2628397.0090	1104733.5010	2587.8831
478	2628397.0090	1104733.5010	2587.8831
479	2628397.0090	1104733.5010	2587.8831
480	2628397.0090	1104733.5010	2587.8831
481	2628397.0090	1104733.5010	2587.8831
482	2628397.0090	1104733.5010	2587.8831
483	2628373.7550	1104923.7950	2462.9290
495	2628928.6240	1104699.6270	2817.2009
496	2628912.5040	1104697.9670	2815.4819
497	2628891.7159	1104689.2360	2812.4729
498	2628869.3810	1104678.6840	2808.0330
499	2628842.6169	1104661.9490	2803.7271
507	2628611.3790	1104552.9020	2768.7319
508	2628571.3860	1104533.9070	2763.0020
509	2628546.4990	1104533.2090	2753.9250
510	2628535.0601	1104534.2800	2746.2639
515	2628450.1450	1104625.4090	2669.5229
516	2628442.6460	1104630.6700	2666.2451
517	2628427.0890	1104662.7620	2642.6919
518	2628419.4390	1104670.1810	2637.4299
519	2628419.4390	1104670.1810	2637.4299
520	2628399.4230	1104728.8270	2591.4570
521	2628397.0090	1104733.5010	2587.8831
522	2628397.0090	1104733.5010	2587.8831
523	2628397.0090	1104733.5010	2587.8831
524	2628397.0090	1104733.5010	2587.8831
525	2628397.0090	1104733.5010	2587.8831
526	2628397.0090	1104733.5010	2587.8831
527	2628397.0090	1104733.5010	2587.8831
528	2628373.7550	1104923.7950	2462.9290
540	2628936.3400	1104714.3440	2806.7959
541	2628918.8040	1104711.0160	2806.3010
542	2628903.8260	1104713.9940	2802.9839
543	2628884.4700	1104705.7180	2801.3511
544	2628868.1310	1104705.0330	2799.5100
545	2628848.0260	1104699.6300	2794.9180
554	2628561.1479	1104554.6270	2745.1321
560	2628449.9260	1104622.8600	2669.9399
561	2628442.6460	1104630.6700	2666.2451
562	2628425.3750	1104659.9750	2642.7649
563	2628419.4390	1104670.1810	2637.4299
564	2628419.4390	1104670.1810	2637.4299
565	2628399.4920	1104728.3710	2591.7991
566	2628397.0090	1104733.5010	2587.8831
567	2628397.0090	1104733.5010	2587.8831
568	2628397.0090	1104733.5010	2587.8831
569	2628397.0090	1104733.5010	2587.8831
570	2628397.0090	1104733.5010	2587.8831
571	2628397.0090	1104733.5010	2587.8831
572	2628397.0090	1104733.5010	2587.8831
573	2628373.7550	1104923.7950	2462.9290
585	2628933.6530	1104721.3900	2801.0249
586	2628928.5320	1104729.0890	2798.0339
587	2628914.0570	1104731.4930	2795.7490
588	2628897.2520	1104728.2640	2792.7700
589	2628878.2581	1104724.7280	2790.1531
590	2628859.3650	1104720.7720	2786.8879
591	2628834.2430	1104709.1520	2781.5791
600	2628545.9800	1104570.9730	2729.9600
604	2628462.6840	1104601.9010	2678.2209
605	2628449.9260	1104622.8600	2669.9399
606	2628442.6460	1104630.6700	2666.2451
607	2628426.9930	1104664.9730	2642.1311
608	2628419.4390	1104670.1810	2637.4299
609	2628419.4390	1104670.1810	2637.4299
610	2628397.8390	1104723.8880	2595.6021
611	2628397.0090	1104733.5010	2587.8831
612	2628397.0090	1104733.5010	2587.8831
613	2628397.0090	1104733.5010	2587.8831
614	2628397.0090	1104733.5010	2587.8831
615	2628397.0090	1104733.5010	2587.8831
616	2628397.0090	1104733.5010	2587.8831
617	2628397.0090	1104733.5010	2587.8831
618	2628367.3160	1104925.9940	2457.8611
630	2628933.6530	1104721.3900	2801.0249
631	2628928.2190	1104729.5090	2797.6030
632	2628918.0660	1104744.9280	2788.8970
633	2628907.7550	1104747.6410	2785.4939
634	2628888.9330	1104740.9600	2782.9080
635	2628869.5300	1104736.8080	2778.6340
636	2628847.1600	1104726.9240	2774.1960
637	2628818.5120	1104708.2340	2768.2830
638	2628799.7531	1104706.1500	2766.9800
646	2628532.6169	1104586.2210	2714.8210
650	2628451.3480	1104621.2370	2670.7939
651	2628442.6460	1104630.6700	2666.2451
652	2628426.9930	1104664.9730	2642.1311
653	2628419.4390	1104670.1810	2637.4299
654	2628419.4390	1104670.1810	2637.4299
655	2628399.4920	1104728.3710	2591.7991
656	2628397.0090	1104733.5010	2587.8831
657	2628397.0090	1104733.5010	2587.8831
658	2628397.0090	1104733.5010	2587.8831
659	2628397.0090	1104733.5010	2587.8831
660	2628397.0090	1104733.5010	2587.8831
661	2628397.0090	1104733.5010	2587.8831
662	2628397.0090	1104733.5010	2587.8831
663	2628373.7550	1104923.7950	2462.9290
675	2628933.6530	1104721.3900	2801.0249
676	2628919.9340	1104742.1320	2790.7839
677	2628919.3600	1104742.9070	2790.3140
678	2628911.2760	1104754.9430	2781.6379
679	2628899.2679	1104763.0410	2773.0830
680	2628877.9740	1104750.5190	2769.6780
681	2628859.4150	1104746.5050	2767.1021
682	2628833.2850	1104730.2900	2760.5811
683	2628810.6740	1104723.6110	2755.0740
692	2628521.6610	1104605.0050	2699.7109
694	2628462.0460	1104604.8170	2677.6560
695	2628450.2460	1104623.7590	2669.9170
696	2628442.6460	1104630.6700	2666.2451
697	2628427.0890	1104662.7620	2642.6919
698	2628419.4390	1104670.1810	2637.4299
699	2628419.4390	1104670.1810	2637.4299
700	2628399.4230	1104728.8270	2591.4570
701	2628397.0090	1104733.5010	2587.8831
702	2628397.0090	1104733.5010	2587.8831
703	2628397.0090	1104733.5010	2587.8831
704	2628397.0090	1104733.5010	2587.8831
705	2628397.0090	1104733.5010	2587.8831
706	2628397.0090	1104733.5010	2587.8831
707	2628397.0090	1104733.5010	2587.8831
708	2628373.7550	1104923.7950	2462.9290
720	2628933.6530	1104721.3900	2801.0249
721	2628919.9340	1104742.1320	2790.7839
722	2628919.3600	1104742.9070	2790.3140
723	2628910.8190	1104755.8680	2780.8401
724	2628902.9580	1104767.7250	2772.1179
725	2628889.3530	1104768.8160	2762.7781
726	2628866.5820	1104757.8720	2757.1460
727	2628844.4590	1104749.7120	2752.5449
729	2628798.4780	1104731.9000	2742.5701
730	2628778.6090	1104730.1050	2738.8960
738	2628516.9041	1104632.1380	2682.4319
739	2628484.7230	1104630.2570	2678.0371
740	2628450.2460	1104623.7590	2669.9170
741	2628442.6460	1104630.6700	2666.2451
742	2628427.0890	1104662.7620	2642.6919
743	2628419.4390	1104670.1810	2637.4299
744	2628419.4390	1104670.1810	2637.4299
745	2628399.4230	1104728.8270	2591.4570
746	2628397.0090	1104733.5010	2587.8831
747	2628397.0090	1104733.5010	2587.8831
748	2628397.0090	1104733.5010	2587.8831
749	2628397.0090	1104733.5010	2587.8831
750	2628397.0090	1104733.5010	2587.8831
751	2628397.0090	1104733.5010	2587.8831
752	2628397.0090	1104733.5010	2587.8831
753	2628373.7550	1104923.7950	2462.9290
765	2628919.9340	1104742.1320	2790.7839
766	2628919.9340	1104742.1320	2790.7839
767	2628919.3600	1104742.9070	2790.3140
768	2628910.5140	1104756.3300	2780.7151
769	2628903.2120	1104767.3000	2772.3889
770	2628892.0240	1104784.2720	2755.2910
771	2628879.0920	1104777.3000	2751.5959
772	2628855.5420	1104768.0600	2744.0149
773	2628834.6620	1104760.3610	2739.9690
775	2628789.9740	1104745.8620	2730.7539
776	2628764.5270	1104738.7190	2725.9409
784	2628503.0790	1104649.8180	2668.4690
785	2628478.0330	1104653.9890	2663.7041
786	2628442.8760	1104645.4690	2657.8459
787	2628428.0460	1104663.1640	2643.2561
788	2628419.4390	1104670.1810	2637.4299
789	2628419.4390	1104670.1810	2637.4299
790	2628396.4150	1104727.8090	2590.5850
791	2628397.0090	1104733.5010	2587.8831
792	2628397.0090	1104733.5010	2587.8831
793	2628397.0090	1104733.5010	2587.8831
794	2628397.0090	1104733.5010	2587.8831
795	2628397.0090	1104733.5010	2587.8831
796	2628397.0090	1104733.5010	2587.8831
797	2628397.0090	1104733.5010	2587.8831
798	2628367.7350	1104925.7970	2458.0540
810	2628919.9340	1104742.1320	2790.7839
811	2628919.9340	1104742.1320	2790.7839
812	2628919.1050	1104743.3490	2790.1770
813	2628911.2760	1104754.9430	2781.6379
814	2628903.3910	1104767.0360	2772.6350
815	2628895.2590	1104779.3400	2760.2939
816	2628886.5560	1104792.5670	2749.3889
817	2628873.7629	1104797.6370	2740.4741
822	2628751.5240	1104748.9640	2711.5750
830	2628500.3669	1104674.0410	2654.1069
831	2628470.3929	1104677.6270	2653.0481
832	2628439.2290	1104675.7450	2643.3870
833	2628416.5890	1104684.8570	2630.6030
834	2628404.9130	1104704.0480	2617.0000
835	2628396.8840	1104728.2020	2590.4819
836	2628397.0090	1104733.5010	2587.8831
837	2628397.0090	1104733.5010	2587.8831
838	2628397.0090	1104733.5010	2587.8831
839	2628397.0090	1104733.5010	2587.8831
840	2628397.0090	1104733.5010	2587.8831
841	2628397.0090	1104733.5010	2587.8831
842	2628397.0090	1104733.5010	2587.8831
843	2628373.7550	1104923.7950	2462.9290
855	2628919.9340	1104742.1320	2790.7839
856	2628919.9340	1104742.1320	2790.7839
857	2628919.3600	1104742.9070	2790.3140
858	2628911.0270	1104755.5160	2781.0620
859	2628902.9580	1104767.7250	2772.1179
860	2628894.6750	1104779.9090	2759.5540
861	2628886.0350	1104792.1090	2749.1851
862	2628875.3070	1104809.4650	2737.2881
863	2628870.2350	1104817.2100	2732.7581
868	2628746.6670	1104769.1180	2699.1760
869	2628725.7230	1104767.7590	2695.1101
876	2628492.0010	1104697.8980	2640.4819
877	2628457.5500	1104698.6440	2636.3860
878	2628428.1790	1104695.5770	2626.8430
879	2628404.9130	1104704.0480	2617.0000
880	2628396.4150	1104727.8090	2590.5850
881	2628397.0090	1104733.5010	2587.8831
882	2628397.0090	1104733.5010	2587.8831
883	2628397.0090	1104733.5010	2587.8831
884	2628397.0090	1104733.5010	2587.8831
885	2628397.0090	1104733.5010	2587.8831
886	2628397.0090	1104733.5010	2587.8831
887	2628397.0090	1104733.5010	2587.8831
888	2628373.7550	1104923.7950	2462.9290
900	2628919.9340	1104742.1320	2790.7839
901	2628919.9340	1104742.1320	2790.7839
902	2628919.3600	1104742.9070	2790.3140
903	2628911.2760	1104754.9430	2781.6379
904	2628903.5300	1104766.8700	2773.0149
905	2628894.6160	1104780.3110	2759.4570
906	2628885.4440	1104792.2710	2748.8970
907	2628875.3070	1104809.4650	2737.2881
908	2628863.7581	1104826.9930	2721.5310
909	2628858.8490	1104825.8560	2719.0439
914	2628735.7300	1104784.2630	2687.3550
922	2628485.7419	1104720.5240	2625.8960
923	2628451.6801	1104718.4580	2619.7881
924	2628412.8530	1104712.0800	2610.5029
925	2628398.5910	1104713.1110	2608.0959
926	2628397.0090	1104733.5010	2587.8831
927	2628397.0090	1104733.5010	2587.8831
928	2628397.6170	1104771.8390	2564.6440
929	2628397.0090	1104733.5010	2587.8831
930	2628397.0090	1104733.5010	2587.8831
931	2628397.0090	1104733.5010	2587.8831
932	2628397.0090	1104733.5010	2587.8831
933	2628373.7550	1104923.7950	2462.9290
945	2628919.9340	1104742.1320	2790.7839
946	2628919.9340	1104742.1320	2790.7839
947	2628919.3600	1104742.9070	2790.3140
948	2628911.0270	1104755.5160	2781.0620
949	2628903.0820	1104767.5260	2772.2170
950	2628895.0140	1104779.7380	2759.8879
951	2628886.9310	1104791.9090	2749.8320
952	2628875.3070	1104809.4650	2737.2881
953	2628870.0940	1104817.2800	2732.6709
954	2628854.4000	1104837.7630	2710.4399
955	2628849.1370	1104834.0890	2707.6851
960	2628729.6150	1104801.5600	2676.6060
961	2628709.8650	1104802.9120	2671.7571
962	2628679.4120	1104795.0070	2663.2471
968	2628468.6591	1104735.5330	2608.6311
969	2628445.2120	1104740.9170	2605.0769
970	2628397.7450	1104725.2960	2593.3201
971	2628397.0090	1104733.5010	2587.8831
972	2628397.6170	1104771.8390	2564.6440
973	2628397.6170	1104771.8390	2564.6440
975	2628397.0090	1104733.5010	2587.8831
976	2628397.0090	1104733.5010	2587.8831
978	2628367.7350	1104925.7970	2458.0540
990	2628933.6530	1104721.3900	2801.0249
991	2628928.7321	1104728.7460	2798.1941
992	2628919.3600	1104742.9070	2790.3140
993	2628911.2760	1104754.9430	2781.6379
994	2628902.7020	1104768.1150	2771.7981
995	2628895.1410	1104779.5910	2760.0359
996	2628886.5560	1104792.5670	2749.3889
997	2628875.3070	1104809.4650	2737.2881
998	2628854.4000	1104837.7630	2710.4399
999	2628854.4000	1104837.7630	2710.4399
1000	2628851.9540	1104841.1370	2708.0591
1001	2628840.7159	1104847.6500	2697.4331
1006	2628721.5670	1104816.8950	2664.6160
1014	2628460.3960	1104755.4240	2595.1360
1015	2628429.2870	1104756.9700	2589.3210
1016	2628402.0240	1104758.9570	2577.5330
1017	2628397.6170	1104771.8390	2564.6440
1018	2628397.6170	1104771.8390	2564.6440
1021	2628400.3130	1104893.3380	2495.5190
1022	2628390.6710	1104891.0020	2490.0710
1023	2628390.6710	1104891.0020	2490.0710
1024	2628390.6710	1104891.0020	2490.0710
1035	2628933.6530	1104721.3900	2801.0249
1036	2628928.6290	1104728.9960	2798.0959
1037	2628919.3600	1104742.9070	2790.3140
1038	2628911.2760	1104754.9430	2781.6379
1039	2628903.6490	1104766.7320	2773.1509
1040	2628895.1410	1104779.5910	2760.0359
1041	2628854.4000	1104837.7630	2710.4399
1042	2628854.4000	1104837.7630	2710.4399
1043	2628854.4000	1104837.7630	2710.4399
1044	2628854.4000	1104837.7630	2710.4399
1045	2628851.0500	1104841.7020	2707.2671
1046	2628841.1331	1104847.5170	2697.9270
1047	2628834.3051	1104863.7050	2691.0879
1052	2628712.4960	1104832.2710	2650.3279
1053	2628691.9160	1104832.5430	2645.8931
1054	2628653.3669	1104820.7200	2634.1270
1060	2628443.3459	1104771.4860	2578.0449
1061	2628419.8480	1104776.1650	2569.4050
1062	2628397.6170	1104771.8390	2564.6440
1063	2628397.6170	1104771.8390	2564.6440
1065	2628396.6640	1104770.5570	2565.4341
1066	2628400.3130	1104893.3380	2495.5190
1067	2628390.6710	1104891.0020	2490.0710
1068	2628390.6710	1104891.0020	2490.0710
1069	2628390.6710	1104891.0020	2490.0710
1080	2628933.6530	1104721.3900	2801.0249
1081	2628927.3920	1104730.8120	2797.2539
1082	2628919.3600	1104742.9070	2790.3140
1083	2628910.8190	1104755.8680	2780.8401
1084	2628854.4000	1104837.7630	2710.4399
1085	2628854.4000	1104837.7630	2710.4399
1086	2628854.4000	1104837.7630	2710.4399
1087	2628854.4000	1104837.7630	2710.4399
1088	2628854.4000	1104837.7630	2710.4399
1089	2628854.4000	1104837.7630	2710.4399
1090	2628852.0780	1104841.9600	2708.0510
1091	2628838.9080	1104845.9470	2696.6230
1094	2628814.6990	1104886.0490	2673.6750
1098	2628699.7260	1104845.2720	2638.1001
1099	2628680.7850	1104845.7740	2633.2219
1100	2628647.1510	1104835.7890	2623.6760
1101	2628611.0031	1104843.8980	2606.7649
1106	2628442.9780	1104795.6820	2565.1780
1108	2628387.2690	1104777.5810	2547.3440
1111	2628395.0530	1104891.6630	2492.6470
1112	2628390.6710	1104891.0020	2490.0710
1113	2628390.6710	1104891.0020	2490.0710
1114	2628390.6710	1104891.0020	2490.0710
1125	2628933.6530	1104721.3900	2801.0249
1126	2628928.4420	1104729.1550	2797.9961
1127	2628854.4000	1104837.7630	2710.4399
1128	2628854.4000	1104837.7630	2710.4399
1129	2628854.4000	1104837.7630	2710.4399
1130	2628854.4000	1104837.7630	2710.4399
1131	2628854.4000	1104837.7630	2710.4399
1132	2628854.4000	1104837.7630	2710.4399
1133	2628854.4000	1104837.7630	2710.4399
1134	2628854.4000	1104837.7630	2710.4399
1139	2628815.2980	1104888.5820	2673.1760
1140	2628799.0601	1104890.2150	2660.5649
1144	2628690.5750	1104858.1060	2626.9070
1145	2628665.7930	1104856.0360	2619.4290
1146	2628641.3300	1104854.1340	2612.2981
1151	2628461.0660	1104812.6880	2557.6160
1152	2628432.0350	1104816.1640	2549.6460
1156	2628400.3130	1104893.3380	2495.5190
1157	2628390.6710	1104891.0020	2490.0710
1158	2628390.6710	1104891.0020	2490.0710
1159	2628390.6710	1104891.0020	2490.0710
1170	2628932.5129	1104722.4190	2800.6831
1171	2628854.4000	1104837.7630	2710.4399
1172	2628854.4000	1104837.7630	2710.4399
1173	2628854.4000	1104837.7630	2710.4399
1174	2628854.4000	1104837.7630	2710.4399
1175	2628854.4000	1104837.7630	2710.4399
1176	2628854.4000	1104837.7630	2710.4399
1177	2628854.4000	1104837.7630	2710.4399
1178	2628854.4000	1104837.7630	2710.4399
1179	2628854.4000	1104837.7630	2710.4399
1184	2628809.6689	1104908.7190	2658.1160
1185	2628809.6689	1104908.7190	2658.1160
1186	2628789.1689	1104899.0260	2647.9231
1187	2628769.6190	1104899.1880	2640.8979
1190	2628684.3860	1104873.9260	2614.2839
1191	2628657.7000	1104871.0530	2605.3120
1192	2628635.1150	1104870.7950	2599.9331
1197	2628449.5320	1104833.1570	2542.2471
1198	2628406.7110	1104823.4460	2529.4910
1203	2628390.6710	1104891.0020	2490.0710
1204	2628390.6710	1104891.0020	2490.0710
1215	2628933.6530	1104721.3900	2801.0249
1216	2628854.4000	1104837.7630	2710.4399
1217	2628854.4000	1104837.7630	2710.4399
1218	2628854.4000	1104837.7630	2710.4399
1219	2628854.4000	1104837.7630	2710.4399
1220	2628854.4000	1104837.7630	2710.4399
1221	2628854.4000	1104837.7630	2710.4399
1222	2628854.4000	1104837.7630	2710.4399
1223	2628854.4000	1104837.7630	2710.4399
1229	2628815.2980	1104888.5820	2673.1760
1230	2628810.2419	1104907.7860	2659.1960
1231	2628802.1030	1104920.1440	2646.3540
1232	2628775.0940	1104905.1910	2632.5911
1237	2628646.5300	1104884.7820	2592.2390
1238	2628621.1410	1104885.7270	2585.5549
1240	2628545.2280	1104880.9670	2556.6230
1241	2628510.1910	1104878.3820	2544.6289
1242	2628473.7860	1104857.4220	2537.7300
1243	2628448.8000	1104859.4230	2533.3770
1244	2628402.3420	1104846.2630	2516.3850
1247	2628390.6710	1104891.0020	2490.0710
1248	2628390.6710	1104891.0020	2490.0710
1249	2628390.6710	1104891.0020	2490.0710
1260	2628854.4000	1104837.7630	2710.4399
1261	2628854.4000	1104837.7630	2710.4399
1262	2628854.4000	1104837.7630	2710.4399
1263	2628854.4000	1104837.7630	2710.4399
1264	2628854.4000	1104837.7630	2710.4399
1265	2628854.4000	1104837.7630	2710.4399
1266	2628854.4000	1104837.7630	2710.4399
1267	2628854.4000	1104837.7630	2710.4399
1268	2628854.4000	1104837.7630	2710.4399
1274	2628815.2980	1104888.5820	2673.1760
1275	2628799.3700	1104922.8150	2642.4641
1276	2628799.3700	1104922.8150	2642.4641
1277	2628795.2040	1104930.5410	2636.0891
1278	2628771.9570	1104925.2550	2623.2939
1284	2628615.3290	1104902.5820	2571.7539
1286	2628539.9680	1104904.0140	2544.4160
1287	2628515.4030	1104906.5700	2539.1411
1288	2628473.0959	1104882.3720	2528.1841
1289	2628445.9510	1104880.4420	2522.7170
1290	2628396.9520	1104866.4930	2502.6111
1291	2628400.3130	1104893.3380	2495.5190
1292	2628390.6710	1104891.0020	2490.0710
1293	2628390.6710	1104891.0020	2490.0710
1305	2628854.4000	1104837.7630	2710.4399
1306	2628854.4000	1104837.7630	2710.4399
1307	2628854.4000	1104837.7630	2710.4399
1308	2628854.4000	1104837.7630	2710.4399
1309	2628854.4000	1104837.7630	2710.4399
1310	2628854.4000	1104837.7630	2710.4399
1311	2628854.4000	1104837.7630	2710.4399
1312	2628854.4000	1104837.7630	2710.4399
1313	2628854.4000	1104837.7630	2710.4399
1319	2628815.2980	1104888.5820	2673.1760
1320	2628799.3700	1104922.8150	2642.4641
1321	2628799.3700	1104922.8150	2642.4641
1322	2628795.2040	1104930.5410	2636.0891
1323	2628785.1270	1104944.9160	2622.8120
1324	2628759.1420	1104932.5190	2611.2070
1330	2628607.6740	1104915.7800	2561.9761
1332	2628534.5070	1104919.4830	2531.8621
1333	2628515.3320	1104926.9170	2528.0930
1334	2628470.8521	1104916.1090	2513.1689
1335	2628439.4320	1104899.8800	2509.2070
1336	2628395.0530	1104891.6630	2492.6470
1338	2628373.7550	1104923.7950	2462.9290
1350	2628854.4000	1104837.7630	2710.4399
1351	2628854.4000	1104837.7630	2710.4399
1352	2628854.4000	1104837.7630	2710.4399
1353	2628854.4000	1104837.7630	2710.4399
1354	2628854.4000	1104837.7630	2710.4399
1355	2628854.4000	1104837.7630	2710.4399
1356	2628854.4000	1104837.7630	2710.4399
1357	2628854.4000	1104837.7630	2710.4399
1364	2628815.2980	1104888.5820	2673.1760
1365	2628799.3700	1104922.8150	2642.4641
1366	2628799.3700	1104922.8150	2642.4641
1367	2628795.2040	1104930.5410	2636.0891
1368	2628785.1270	1104944.9160	2622.8120
1369	2628778.8550	1104955.2190	2614.9980
1370	2628756.0750	1104949.8860	2602.0139
1376	2628596.8760	1104932.0350	2549.7451
1377	2628572.5439	1104934.8450	2539.1951
1378	2628527.8030	1104934.7250	2521.2461
1379	2628500.5551	1104940.8520	2513.4661
1380	2628465.5410	1104935.9530	2501.6831
1381	2628428.3510	1104917.7130	2494.1311
1383	2628373.7550	1104923.7950	2462.9290
1395	2628854.4000	1104837.7630	2710.4399
1396	2628854.4000	1104837.7630	2710.4399
1397	2628854.4000	1104837.7630	2710.4399
1398	2628854.4000	1104837.7630	2710.4399
1399	2628854.4000	1104837.7630	2710.4399
1400	2628854.4000	1104837.7630	2710.4399
1401	2628854.4000	1104837.7630	2710.4399
1402	2628854.4000	1104837.7630	2710.4399
1409	2628815.2980	1104888.5820	2673.1760
1410	2628799.3700	1104922.8150	2642.4641
1411	2628799.3700	1104922.8150	2642.4641
1412	2628795.2040	1104930.5410	2636.0891
1413	2628785.1270	1104944.9160	2622.8120
1414	2628778.8590	1104955.2710	2614.9619
1415	2628770.6320	1104966.9710	2606.2839
1416	2628745.2679	1104962.0720	2589.8091
1422	2628587.7640	1104948.1750	2535.8020
1423	2628567.4440	1104950.9590	2530.7900
1424	2628518.2040	1104954.0460	2510.6541
1425	2628494.6160	1104957.8920	2503.7329
1426	2628459.3080	1104953.5480	2489.7939
1427	2628412.8790	1104931.6770	2478.1311
1428	2628367.3820	1104924.7800	2458.0530
1438	2628232.6740	1105083.3480	2325.9050
1440	2628854.4000	1104837.7630	2710.4399
1441	2628854.4000	1104837.7630	2710.4399
1442	2628854.4000	1104837.7630	2710.4399
1443	2628854.4000	1104837.7630	2710.4399
1444	2628854.4000	1104837.7630	2710.4399
1445	2628854.4000	1104837.7630	2710.4399
1446	2628854.4000	1104837.7630	2710.4399
1454	2628815.2980	1104888.5820	2673.1760
1455	2628799.3700	1104922.8150	2642.4641
1456	2628799.3700	1104922.8150	2642.4641
1457	2628795.2040	1104930.5410	2636.0891
1458	2628780.2690	1104951.1860	2617.5720
1459	2628778.7280	1104955.4790	2614.8259
1460	2628763.7440	1104977.9470	2596.0569
1461	2628762.7390	1104979.6140	2593.9099
1462	2628739.1560	1104976.1820	2579.7839
1468	2628584.0229	1104966.0040	2526.2219
1469	2628556.5760	1104968.7040	2519.6509
1470	2628525.3550	1104967.3420	2506.2009
1471	2628487.5980	1104974.9830	2492.7639
1472	2628452.2531	1104970.9790	2476.6760
1473	2628401.3490	1104948.6310	2463.1680
1481	2628241.9180	1105048.1450	2348.5210
1482	2628236.8170	1105065.8950	2338.4060
1483	2628232.6740	1105083.3480	2325.9050
1484	2628223.7930	1105109.2360	2304.5120
1485	2628854.4000	1104837.7630	2710.4399
1486	2628854.4000	1104837.7630	2710.4399
1487	2628854.4000	1104837.7630	2710.4399
1488	2628854.4000	1104837.7630	2710.4399
1489	2628854.4000	1104837.7630	2710.4399
1490	2628854.4000	1104837.7630	2710.4399
1491	2628854.4000	1104837.7630	2710.4399
1499	2628815.2980	1104888.5820	2673.1760
1500	2628799.3700	1104922.8150	2642.4641
1501	2628799.3700	1104922.8150	2642.4641
1502	2628795.2040	1104930.5410	2636.0891
1503	2628780.2690	1104951.1860	2617.5720
1504	2628778.8550	1104955.2190	2614.9980
1505	2628763.7440	1104977.9470	2596.0569
1506	2628757.0320	1104988.2800	2585.6360
1507	2628752.9020	1104994.4690	2579.9529
1514	2628577.5861	1104985.6290	2516.7700
1515	2628560.2830	1104995.8020	2510.4380
1516	2628523.8970	1104989.3420	2498.0681
1517	2628489.1510	1104998.5120	2482.8450
1518	2628447.2920	1104987.8510	2467.6421
1519	2628386.7950	1104965.5930	2446.1431
1520	2628352.4680	1104966.8100	2433.7000
1525	2628250.0730	1105028.7780	2354.4880
1526	2628241.6140	1105048.7450	2348.3040
1527	2628236.8170	1105065.8950	2338.4060
1528	2628232.6740	1105083.3480	2325.9050
1529	2628224.2150	1105107.8830	2305.3821
1530	2628854.4000	1104837.7630	2710.4399
1531	2628854.4000	1104837.7630	2710.4399
1532	2628854.4000	1104837.7630	2710.4399
1533	2628854.4000	1104837.7630	2710.4399
1534	2628854.4000	1104837.7630	2710.4399
1535	2628854.4000	1104837.7630	2710.4399
1544	2628815.2980	1104888.5820	2673.1760
1545	2628810.2419	1104907.7860	2659.1960
1546	2628799.3700	1104922.8150	2642.4641
1547	2628794.8781	1104931.0490	2635.7190
1548	2628780.2690	1104951.1860	2617.5720
1549	2628779.0820	1104954.9000	2615.2820
1550	2628763.7440	1104977.9470	2596.0569
1551	2628761.9230	1104980.8680	2592.5349
1552	2628747.6160	1105002.5070	2572.6851
1553	2628744.3820	1105007.3160	2568.2571
1559	2628587.1250	1104992.6150	2507.1021
1560	2628574.7520	1105004.9570	2507.5459
1561	2628554.6570	1105010.9530	2500.3621
1562	2628515.3900	1105004.4840	2485.7910
1563	2628481.7250	1105008.4580	2472.0930
1564	2628436.4830	1105002.9400	2454.7109
1565	2628372.3140	1104980.8730	2427.7190
1570	2628250.9210	1105031.7350	2354.7041
1571	2628242.1830	1105050.0220	2347.2051
1572	2628236.8170	1105065.8950	2338.4060
1573	2628234.4100	1105085.5820	2325.7610
1574	2628223.3870	1105109.9530	2304.2351
1575	2628854.4000	1104837.7630	2710.4399
1576	2628854.4000	1104837.7630	2710.4399
1577	2628854.4000	1104837.7630	2710.4399
1578	2628854.4000	1104837.7630	2710.4399
1579	2628854.4000	1104837.7630	2710.4399
1580	2628854.4000	1104837.7630	2710.4399
1589	2628815.2980	1104888.5820	2673.1760
1590	2628799.3700	1104922.8150	2642.4641
1591	2628799.3700	1104922.8150	2642.4641
1592	2628795.2040	1104930.5410	2636.0891
1593	2628785.1270	1104944.9160	2622.8120
1594	2628779.0820	1104954.9000	2615.2820
1595	2628763.7440	1104977.9470	2596.0569
1596	2628762.7390	1104979.6140	2593.9099
1597	2628747.6160	1105002.5070	2572.6851
1598	2628745.7750	1105005.2870	2570.0171
1599	2628735.3580	1105015.1150	2559.0200
1605	2628579.0900	1105009.3650	2495.0190
1606	2628561.8080	1105017.7170	2495.4790
1607	2628544.1121	1105025.3360	2489.6060
1608	2628504.5730	1105020.1220	2472.5530
1609	2628468.6071	1105023.8870	2457.2000
1610	2628425.8770	1105017.0250	2442.4360
1615	2628250.0730	1105028.7780	2354.4880
1616	2628249.3550	1105033.6250	2354.8679
1617	2628235.5400	1105069.8370	2334.8589
1618	2628249.3550	1105033.6250	2354.8679
1619	2628223.3870	1105109.9530	2304.2351
1620	2628854.4000	1104837.7630	2710.4399
1621	2628854.4000	1104837.7630	2710.4399
1622	2628854.4000	1104837.7630	2710.4399
1623	2628854.4000	1104837.7630	2710.4399
1624	2628854.4000	1104837.7630	2710.4399
1625	2628854.4000	1104837.7630	2710.4399
1634	2628815.2980	1104888.5820	2673.1760
1635	2628799.3700	1104922.8150	2642.4641
1636	2628799.3700	1104922.8150	2642.4641
1637	2628795.2040	1104930.5410	2636.0891
1638	2628785.1270	1104944.9160	2622.8120
1639	2628763.7440	1104977.9470	2596.0569
1640	2628763.7440	1104977.9470	2596.0569
1641	2628761.8910	1104980.6790	2592.7051
1642	2628754.4420	1104992.0730	2582.4351
1643	2628745.5260	1105005.6510	2569.7209
1645	2628722.4690	1105025.0030	2548.0281
1651	2628574.2440	1105024.5970	2485.5281
1652	2628553.9030	1105034.0990	2480.7439
1653	2628535.4210	1105041.9490	2476.6069
1654	2628488.8060	1105031.4980	2456.2920
1655	2628448.6281	1105033.6680	2444.0740
1656	2628419.0260	1105031.0550	2430.2610
1660	2628250.0730	1105028.7780	2354.4880
1661	2628241.9180	1105048.1450	2348.5210
1662	2628236.8170	1105065.8950	2338.4060
1663	2628230.3680	1105086.9620	2321.4360
1664	2628224.6130	1105106.0680	2306.6440
1665	2628854.4000	1104837.7630	2710.4399
1666	2628854.4000	1104837.7630	2710.4399
1667	2628854.4000	1104837.7630	2710.4399
1668	2628854.4000	1104837.7630	2710.4399
1669	2628854.4000	1104837.7630	2710.4399
1679	2628811.0580	1104887.4830	2669.3911
1680	2628799.3700	1104922.8150	2642.4641
1681	2628799.3700	1104922.8150	2642.4641
1682	2628794.8781	1104931.0490	2635.7190
1683	2628785.1270	1104944.9160	2622.8120
1684	2628763.7440	1104977.9470	2596.0569
1685	2628763.7440	1104977.9470	2596.0569
1686	2628762.2380	1104980.3860	2593.0991
1687	2628753.8240	1104993.1140	2581.3301
1688	2628745.6130	1105005.4370	2569.8811
1697	2628565.0460	1105041.6930	2472.3799
1698	2628549.6281	1105051.0840	2470.8379
1699	2628524.3540	1105054.4970	2463.7490
1700	2628482.3190	1105046.5620	2444.7830
1701	2628454.1490	1105051.7470	2432.1799
1702	2628415.9480	1105051.5260	2419.2100
1705	2628260.3750	1105035.2670	2354.5239
1706	2628241.7340	1105049.3490	2347.3560
1707	2628235.6670	1105069.4780	2335.0850
1708	2628230.3680	1105086.9620	2321.4360
1709	2628224.6130	1105106.0680	2306.6440
1710	2628854.4000	1104837.7630	2710.4399
1711	2628854.4000	1104837.7630	2710.4399
1712	2628854.4000	1104837.7630	2710.4399
1713	2628854.4000	1104837.7630	2710.4399
1714	2628854.4000	1104837.7630	2710.4399
1724	2628815.2980	1104888.5820	2673.1760
1725	2628799.3700	1104922.8150	2642.4641
1726	2628799.3700	1104922.8150	2642.4641
1727	2628795.2040	1104930.5410	2636.0891
1728	2628785.1270	1104944.9160	2622.8120
1729	2628763.7440	1104977.9470	2596.0569
1730	2628763.7440	1104977.9470	2596.0569
1731	2628762.2380	1104980.3860	2593.0991
1743	2628558.4449	1105057.6600	2462.3269
1744	2628539.5510	1105065.1410	2459.6580
1745	2628517.5380	1105069.4400	2451.5969
1746	2628466.2850	1105062.0160	2427.6499
1747	2628441.1190	1105063.4070	2418.2881
1748	2628382.6120	1105057.2620	2395.6240
1751	2628256.0310	1105056.0720	2343.1189
1752	2628235.6400	1105069.0170	2335.7610
1753	2628230.3680	1105086.9620	2321.4360
1754	2628224.6130	1105106.0680	2306.6440
1755	2628854.4000	1104837.7630	2710.4399
1756	2628854.4000	1104837.7630	2710.4399
1757	2628854.4000	1104837.7630	2710.4399
1758	2628854.4000	1104837.7630	2710.4399
1769	2628815.2980	1104888.5820	2673.1760
1770	2628799.3700	1104922.8150	2642.4641
1771	2628799.3700	1104922.8150	2642.4641
1772	2628795.2040	1104930.5410	2636.0891
1773	2628785.1270	1104944.9160	2622.8120
1774	2628779.0820	1104954.9000	2615.2820
1775	2628763.7440	1104977.9470	2596.0569
1789	2628554.9210	1105074.1090	2454.2891
1790	2628531.9720	1105080.5160	2448.1631
1791	2628508.3290	1105084.9350	2438.4299
1792	2628464.5250	1105079.3580	2419.3521
1793	2628424.0291	1105078.9040	2401.0291
1794	2628377.5540	1105072.1170	2381.7070
1797	2628248.0900	1105075.0460	2329.4241
1798	2628230.2430	1105088.1420	2320.1770
1799	2628224.6130	1105106.0680	2306.6440
1800	2628854.4000	1104837.7630	2710.4399
1801	2628854.4000	1104837.7630	2710.4399
1802	2628854.4000	1104837.7630	2710.4399
1803	2628854.4000	1104837.7630	2710.4399
1814	2628815.2980	1104888.5820	2673.1760
1815	2628799.3700	1104922.8150	2642.4641
1816	2628799.3700	1104922.8150	2642.4641
1817	2628795.2040	1104930.5410	2636.0891
1818	2628785.1270	1104944.9160	2622.8120
1819	2628763.7440	1104977.9470	2596.0569
1820	2628763.7440	1104977.9470	2596.0569
1835	2628547.1260	1105091.8720	2443.4890
1836	2628531.1949	1105099.2220	2439.3611
1837	2628498.5360	1105098.9010	2426.3511
1838	2628466.2170	1105102.4200	2413.1370
1839	2628408.6880	1105091.4730	2384.7949
1840	2628359.2420	1105086.5560	2364.0959
1842	2628269.3160	1105086.0380	2325.7700
1843	2628237.8380	1105093.8580	2314.4199
1844	2628224.6130	1105106.0680	2306.6440
1845	2628854.4000	1104837.7630	2710.4399
1846	2628854.4000	1104837.7630	2710.4399
1847	2628854.4000	1104837.7630	2710.4399
1860	2628799.3700	1104922.8150	2642.4641
1861	2628799.3700	1104922.8150	2642.4641
1881	2628544.0710	1105106.7880	2433.8210
1882	2628524.6300	1105115.1680	2429.4980
1883	2628495.9330	1105117.5260	2417.3450
1884	2628460.3571	1105117.9260	2402.6160
1885	2628391.7060	1105104.4720	2366.8511
1888	2628259.0990	1105105.8480	2310.5979
1889	2628230.1680	1105113.6720	2301.5920
1890	2628854.4000	1104837.7630	2710.4399
1891	2628854.4000	1104837.7630	2710.4399
1892	2628854.4000	1104837.7630	2710.4399
1905	2628799.3700	1104922.8150	2642.4641
1909	2628763.7440	1104977.9470	2596.0569
1926	2628549.2740	1105111.4590	2424.1689
1927	2628534.8380	1105121.6380	2421.1641
1928	2628516.6940	1105132.2150	2417.0979
1929	2628489.9290	1105134.3050	2406.7859
1930	2628451.0520	1105133.7900	2390.4910
1934	2628254.4230	1105124.0930	2298.1509
1935	2628854.4000	1104837.7630	2710.4399
1936	2628854.4000	1104837.7630	2710.4399
1973	2628520.9611	1105133.9860	2406.6479
1974	2628511.1610	1105146.6180	2406.4861
1975	2628478.0490	1105147.9930	2392.7939
1976	2628454.1000	1105154.9440	2385.3560
1977	2628372.9770	1105137.1280	2341.0229
1980	2628854.4000	1104837.7630	2710.4399
1981	2628854.4000	1104837.7630	2710.4399
2019	2628517.1071	1105149.9990	2400.4929
2020	2628494.3350	1105157.0660	2391.4509
2021	2628464.7560	1105160.8580	2379.2661
2022	2628448.3240	1105172.6130	2374.8330
