ID	X	Y	Z
10	2628632.1030	1104505.2820	2802.4541
11	2628632.1030	1104505.2820	2802.4541
12	2628632.1030	1104505.2820	2802.4541
13	2628632.1030	1104505.2820	2802.4541
14	2628632.1030	1104505.2820	2802.4541
15	2628564.7570	1104513.4360	2769.6909
16	2628564.7570	1104513.4360	2769.6909
17	2628564.7570	1104513.4360	2769.6909
18	2628564.7570	1104513.4360	2769.6909
19	2628564.7570	1104513.4360	2769.6909
20	2628564.7570	1104513.4360	2769.6909
21	2628564.7570	1104513.4360	2769.6909
22	2628427.0890	1104662.7620	2642.6919
23	2628419.4390	1104670.1810	2637.4299
24	2628419.4390	1104670.1810	2637.4299
25	2628397.9760	1104731.1850	2588.2070
26	2628397.0090	1104733.5010	2587.8831
27	2628397.0090	1104733.5010	2587.8831
28	2628397.0090	1104733.5010	2587.8831
29	2628397.0090	1104733.5010	2587.8831
30	2628397.0090	1104733.5010	2587.8831
31	2628397.0090	1104733.5010	2587.8831
32	2628397.0090	1104733.5010	2587.8831
33	2628373.7550	1104923.7950	2462.9290
55	2628632.1030	1104505.2820	2802.4541
56	2628632.1030	1104505.2820	2802.4541
57	2628632.1030	1104505.2820	2802.4541
58	2628632.1030	1104505.2820	2802.4541
59	2628564.7570	1104513.4360	2769.6909
60	2628564.7570	1104513.4360	2769.6909
61	2628564.7570	1104513.4360	2769.6909
62	2628564.7570	1104513.4360	2769.6909
63	2628564.7570	1104513.4360	2769.6909
64	2628564.7570	1104513.4360	2769.6909
65	2628564.7570	1104513.4360	2769.6909
66	2628564.7570	1104513.4360	2769.6909
67	2628427.0890	1104662.7620	2642.6919
68	2628419.4390	1104670.1810	2637.4299
69	2628419.4390	1104670.1810	2637.4299
70	2628399.4230	1104728.8270	2591.4570
71	2628397.0090	1104733.5010	2587.8831
72	2628397.0090	1104733.5010	2587.8831
73	2628397.0090	1104733.5010	2587.8831
74	2628397.0090	1104733.5010	2587.8831
75	2628397.0090	1104733.5010	2587.8831
76	2628397.0090	1104733.5010	2587.8831
77	2628397.0090	1104733.5010	2587.8831
78	2628373.7550	1104923.7950	2462.9290
100	2628632.1030	1104505.2820	2802.4541
101	2628632.1030	1104505.2820	2802.4541
102	2628632.1030	1104505.2820	2802.4541
103	2628632.1030	1104505.2820	2802.4541
104	2628564.7570	1104513.4360	2769.6909
105	2628564.7570	1104513.4360	2769.6909
106	2628564.7570	1104513.4360	2769.6909
107	2628564.7570	1104513.4360	2769.6909
108	2628564.7570	1104513.4360	2769.6909
109	2628564.7570	1104513.4360	2769.6909
110	2628564.7570	1104513.4360	2769.6909
111	2628564.7570	1104513.4360	2769.6909
112	2628427.0890	1104662.7620	2642.6919
113	2628419.4390	1104670.1810	2637.4299
114	2628419.4390	1104670.1810	2637.4299
115	2628399.4230	1104728.8270	2591.4570
116	2628397.0090	1104733.5010	2587.8831
117	2628397.0090	1104733.5010	2587.8831
118	2628397.0090	1104733.5010	2587.8831
119	2628397.0090	1104733.5010	2587.8831
120	2628397.0090	1104733.5010	2587.8831
121	2628397.0090	1104733.5010	2587.8831
122	2628397.0090	1104733.5010	2587.8831
123	2628373.7550	1104923.7950	2462.9290
145	2628632.1030	1104505.2820	2802.4541
146	2628632.1030	1104505.2820	2802.4541
147	2628632.1030	1104505.2820	2802.4541
148	2628632.1030	1104505.2820	2802.4541
149	2628564.7570	1104513.4360	2769.6909
150	2628564.7570	1104513.4360	2769.6909
151	2628564.7570	1104513.4360	2769.6909
152	2628564.7570	1104513.4360	2769.6909
153	2628564.7570	1104513.4360	2769.6909
155	2628564.7570	1104513.4360	2769.6909
156	2628442.6460	1104630.6700	2666.2451
157	2628427.0890	1104662.7620	2642.6919
158	2628419.4390	1104670.1810	2637.4299
159	2628419.4390	1104670.1810	2637.4299
160	2628399.4230	1104728.8270	2591.4570
161	2628397.0090	1104733.5010	2587.8831
162	2628397.0090	1104733.5010	2587.8831
163	2628397.0090	1104733.5010	2587.8831
164	2628397.0090	1104733.5010	2587.8831
165	2628397.0090	1104733.5010	2587.8831
166	2628397.0090	1104733.5010	2587.8831
167	2628397.0090	1104733.5010	2587.8831
168	2628373.7550	1104923.7950	2462.9290
190	2628632.1030	1104505.2820	2802.4541
191	2628632.1030	1104505.2820	2802.4541
192	2628632.1030	1104505.2820	2802.4541
193	2628564.7570	1104513.4360	2769.6909
194	2628564.7570	1104513.4360	2769.6909
195	2628564.7570	1104513.4360	2769.6909
196	2628564.7570	1104513.4360	2769.6909
197	2628564.7570	1104513.4360	2769.6909
198	2628564.7570	1104513.4360	2769.6909
200	2628564.7570	1104513.4360	2769.6909
201	2628442.6460	1104630.6700	2666.2451
202	2628427.0890	1104662.7620	2642.6919
203	2628419.4390	1104670.1810	2637.4299
204	2628419.4390	1104670.1810	2637.4299
205	2628399.4230	1104728.8270	2591.4570
206	2628397.0090	1104733.5010	2587.8831
207	2628397.0090	1104733.5010	2587.8831
208	2628397.0090	1104733.5010	2587.8831
209	2628397.0090	1104733.5010	2587.8831
210	2628397.0090	1104733.5010	2587.8831
211	2628397.0090	1104733.5010	2587.8831
212	2628397.0090	1104733.5010	2587.8831
213	2628373.7550	1104923.7950	2462.9290
235	2628632.1030	1104505.2820	2802.4541
236	2628632.1030	1104505.2820	2802.4541
237	2628632.1030	1104505.2820	2802.4541
238	2628564.7570	1104513.4360	2769.6909
239	2628564.7570	1104513.4360	2769.6909
240	2628564.7570	1104513.4360	2769.6909
241	2628564.7570	1104513.4360	2769.6909
242	2628564.7570	1104513.4360	2769.6909
245	2628450.2460	1104623.7590	2669.9170
246	2628442.6460	1104630.6700	2666.2451
247	2628427.0890	1104662.7620	2642.6919
248	2628419.4390	1104670.1810	2637.4299
249	2628419.4390	1104670.1810	2637.4299
250	2628399.4230	1104728.8270	2591.4570
251	2628397.0090	1104733.5010	2587.8831
252	2628397.0090	1104733.5010	2587.8831
253	2628397.0090	1104733.5010	2587.8831
254	2628397.0090	1104733.5010	2587.8831
255	2628397.0090	1104733.5010	2587.8831
256	2628397.0090	1104733.5010	2587.8831
257	2628397.0090	1104733.5010	2587.8831
258	2628373.7550	1104923.7950	2462.9290
280	2628632.1030	1104505.2820	2802.4541
281	2628632.1030	1104505.2820	2802.4541
282	2628584.2070	1104516.5140	2778.2500
283	2628564.7570	1104513.4360	2769.6909
284	2628564.7570	1104513.4360	2769.6909
285	2628564.7570	1104513.4360	2769.6909
286	2628564.7570	1104513.4360	2769.6909
287	2628564.7570	1104513.4360	2769.6909
290	2628450.2460	1104623.7590	2669.9170
291	2628442.6460	1104630.6700	2666.2451
292	2628427.0890	1104662.7620	2642.6919
293	2628419.4390	1104670.1810	2637.4299
294	2628419.4390	1104670.1810	2637.4299
295	2628399.4230	1104728.8270	2591.4570
296	2628397.0090	1104733.5010	2587.8831
297	2628397.0090	1104733.5010	2587.8831
298	2628397.0090	1104733.5010	2587.8831
299	2628397.0090	1104733.5010	2587.8831
300	2628397.0090	1104733.5010	2587.8831
301	2628397.0090	1104733.5010	2587.8831
302	2628397.0090	1104733.5010	2587.8831
303	2628373.7550	1104923.7950	2462.9290
325	2628632.1030	1104505.2820	2802.4541
326	2628632.1030	1104505.2820	2802.4541
327	2628585.1840	1104515.3640	2779.0791
328	2628564.7570	1104513.4360	2769.6909
329	2628564.7570	1104513.4360	2769.6909
330	2628564.7570	1104513.4360	2769.6909
331	2628564.7570	1104513.4360	2769.6909
335	2628449.4790	1104623.5680	2669.6030
336	2628442.6460	1104630.6700	2666.2451
337	2628427.0890	1104662.7620	2642.6919
338	2628419.4390	1104670.1810	2637.4299
339	2628419.4390	1104670.1810	2637.4299
340	2628399.4230	1104728.8270	2591.4570
341	2628397.0090	1104733.5010	2587.8831
342	2628397.0090	1104733.5010	2587.8831
343	2628397.0090	1104733.5010	2587.8831
344	2628397.0090	1104733.5010	2587.8831
345	2628397.0090	1104733.5010	2587.8831
346	2628397.0090	1104733.5010	2587.8831
347	2628397.0090	1104733.5010	2587.8831
348	2628373.7550	1104923.7950	2462.9290
370	2628632.1030	1104505.2820	2802.4541
372	2628581.9530	1104515.0390	2777.5691
373	2628564.7570	1104513.4360	2769.6909
374	2628564.7570	1104513.4360	2769.6909
375	2628535.0601	1104534.2800	2746.2639
380	2628450.2460	1104623.7590	2669.9170
381	2628442.6460	1104630.6700	2666.2451
382	2628427.0890	1104662.7620	2642.6919
383	2628419.4390	1104670.1810	2637.4299
384	2628419.4390	1104670.1810	2637.4299
385	2628399.4920	1104728.3710	2591.7991
386	2628397.0090	1104733.5010	2587.8831
387	2628397.0090	1104733.5010	2587.8831
388	2628397.0090	1104733.5010	2587.8831
389	2628397.0090	1104733.5010	2587.8831
390	2628397.0090	1104733.5010	2587.8831
391	2628397.0090	1104733.5010	2587.8831
392	2628397.0090	1104733.5010	2587.8831
393	2628373.7550	1104923.7950	2462.9290
415	2628629.3210	1104512.4290	2799.1379
417	2628583.4640	1104515.3430	2778.1150
418	2628564.7570	1104513.4360	2769.6909
419	2628564.7570	1104513.4360	2769.6909
420	2628535.0601	1104534.2800	2746.2639
425	2628450.2460	1104623.7590	2669.9170
426	2628442.6460	1104630.6700	2666.2451
427	2628427.0890	1104662.7620	2642.6919
428	2628419.4390	1104670.1810	2637.4299
429	2628419.4390	1104670.1810	2637.4299
430	2628397.8390	1104723.8880	2595.6021
431	2628397.0090	1104733.5010	2587.8831
432	2628397.0090	1104733.5010	2587.8831
433	2628397.0090	1104733.5010	2587.8831
434	2628397.0090	1104733.5010	2587.8831
435	2628397.0090	1104733.5010	2587.8831
436	2628397.0090	1104733.5010	2587.8831
437	2628397.0090	1104733.5010	2587.8831
438	2628373.7550	1104923.7950	2462.9290
450	2628917.6340	1104678.6170	2825.6140
451	2628895.3510	1104665.0530	2822.4009
452	2628876.4310	1104659.6500	2819.9150
453	2628856.1740	1104653.9220	2817.3240
461	2628619.8850	1104533.3030	2783.6860
462	2628582.7000	1104516.2780	2777.7290
463	2628564.7570	1104513.4360	2769.6909
464	2628547.1340	1104535.9380	2753.6230
465	2628535.0601	1104534.2800	2746.2639
470	2628450.2460	1104623.7590	2669.9170
471	2628442.6460	1104630.6700	2666.2451
472	2628427.0890	1104662.7620	2642.6919
473	2628419.4390	1104670.1810	2637.4299
474	2628419.4390	1104670.1810	2637.4299
475	2628397.8390	1104723.8880	2595.6021
476	2628397.0090	1104733.5010	2587.8831
477	2628397.0090	1104733.5010	2587.8831
478	2628397.0090	1104733.5010	2587.8831
479	2628397.0090	1104733.5010	2587.8831
480	2628397.0090	1104733.5010	2587.8831
481	2628397.0090	1104733.5010	2587.8831
482	2628397.0090	1104733.5010	2587.8831
483	2628373.7550	1104923.7950	2462.9290
495	2628928.3020	1104699.3290	2817.1589
496	2628911.9070	1104698.0080	2815.0100
497	2628892.0229	1104689.6330	2812.1970
498	2628869.4449	1104677.1540	2808.6279
499	2628846.0940	1104664.6310	2804.9890
507	2628609.0300	1104551.8990	2768.5281
508	2628570.9010	1104533.8880	2762.8850
509	2628547.1340	1104535.9380	2753.6230
510	2628535.0601	1104534.2800	2746.2639
515	2628450.2460	1104623.7590	2669.9170
516	2628442.6460	1104630.6700	2666.2451
517	2628427.0890	1104662.7620	2642.6919
518	2628419.4390	1104670.1810	2637.4299
519	2628419.4390	1104670.1810	2637.4299
520	2628397.5690	1104723.0890	2596.3420
521	2628397.0090	1104733.5010	2587.8831
522	2628397.0090	1104733.5010	2587.8831
523	2628397.0090	1104733.5010	2587.8831
524	2628397.0090	1104733.5010	2587.8831
525	2628397.0090	1104733.5010	2587.8831
526	2628397.0090	1104733.5010	2587.8831
527	2628397.0090	1104733.5010	2587.8831
528	2628373.7550	1104923.7950	2462.9290
540	2628935.0640	1104712.2440	2807.6660
541	2628919.8180	1104712.2910	2806.0000
542	2628903.2080	1104710.9250	2803.5791
543	2628885.4780	1104707.5900	2801.2600
544	2628868.0210	1104706.1500	2798.9619
545	2628845.2581	1104695.1980	2795.4441
553	2628593.7220	1104564.1980	2752.1089
554	2628557.6420	1104551.0530	2746.9099
560	2628450.2460	1104623.7590	2669.9170
561	2628442.6460	1104630.6700	2666.2451
562	2628427.0890	1104662.7620	2642.6919
563	2628419.4390	1104670.1810	2637.4299
564	2628419.4390	1104670.1810	2637.4299
565	2628399.4920	1104728.3710	2591.7991
566	2628397.0090	1104733.5010	2587.8831
567	2628397.0090	1104733.5010	2587.8831
568	2628397.0090	1104733.5010	2587.8831
569	2628397.0090	1104733.5010	2587.8831
570	2628397.0090	1104733.5010	2587.8831
571	2628397.0090	1104733.5010	2587.8831
572	2628397.0090	1104733.5010	2587.8831
573	2628373.7550	1104923.7950	2462.9290
585	2628933.6530	1104721.3900	2801.0249
586	2628928.2190	1104729.5090	2797.6030
587	2628914.0570	1104731.4930	2795.7490
588	2628896.6700	1104727.7730	2793.0911
589	2628878.5530	1104724.1790	2790.5950
590	2628858.8010	1104719.2760	2787.4021
592	2628811.2340	1104697.4530	2778.4961
600	2628546.5450	1104570.6470	2730.7490
605	2628450.2460	1104623.7590	2669.9170
606	2628442.6460	1104630.6700	2666.2451
607	2628428.0460	1104663.1640	2643.2561
608	2628419.4390	1104670.1810	2637.4299
609	2628419.4390	1104670.1810	2637.4299
610	2628397.8390	1104723.8880	2595.6021
611	2628397.0090	1104733.5010	2587.8831
612	2628397.0090	1104733.5010	2587.8831
613	2628397.0090	1104733.5010	2587.8831
614	2628397.0090	1104733.5010	2587.8831
615	2628397.0090	1104733.5010	2587.8831
616	2628397.0090	1104733.5010	2587.8831
617	2628397.0090	1104733.5010	2587.8831
618	2628373.7550	1104923.7950	2462.9290
630	2628933.6530	1104721.3900	2801.0249
631	2628928.2190	1104729.5090	2797.6030
632	2628919.3600	1104742.9070	2790.3140
633	2628907.5400	1104748.0020	2785.2600
634	2628888.9810	1104742.4230	2781.9839
635	2628869.3590	1104736.4640	2778.7161
636	2628845.6639	1104724.9120	2773.8411
637	2628818.7540	1104708.1050	2768.3589
646	2628533.7340	1104587.5850	2714.4360
650	2628449.9260	1104622.8600	2669.9399
651	2628442.6460	1104630.6700	2666.2451
652	2628427.0890	1104662.7620	2642.6919
653	2628419.4390	1104670.1810	2637.4299
654	2628419.4390	1104670.1810	2637.4299
655	2628399.4920	1104728.3710	2591.7991
656	2628397.0090	1104733.5010	2587.8831
657	2628397.0090	1104733.5010	2587.8831
658	2628397.0090	1104733.5010	2587.8831
659	2628397.0090	1104733.5010	2587.8831
660	2628397.0090	1104733.5010	2587.8831
661	2628397.0090	1104733.5010	2587.8831
662	2628397.0090	1104733.5010	2587.8831
663	2628373.7550	1104923.7950	2462.9290
675	2628933.6530	1104721.3900	2801.0249
676	2628919.9340	1104742.1320	2790.7839
677	2628919.3600	1104742.9070	2790.3140
678	2628911.2760	1104754.9430	2781.6379
679	2628899.9950	1104761.2560	2774.6030
680	2628877.9740	1104750.5190	2769.6780
681	2628859.6899	1104746.5310	2766.7271
682	2628831.0820	1104727.5800	2760.3989
683	2628809.8080	1104722.8430	2755.8789
692	2628523.2791	1104607.8270	2698.7871
695	2628449.9260	1104622.8600	2669.9399
696	2628442.6460	1104630.6700	2666.2451
697	2628427.0890	1104662.7620	2642.6919
698	2628419.4390	1104670.1810	2637.4299
699	2628419.4390	1104670.1810	2637.4299
700	2628399.4920	1104728.3710	2591.7991
701	2628397.0090	1104733.5010	2587.8831
702	2628397.0090	1104733.5010	2587.8831
703	2628397.0090	1104733.5010	2587.8831
704	2628397.0090	1104733.5010	2587.8831
705	2628397.0090	1104733.5010	2587.8831
706	2628397.0090	1104733.5010	2587.8831
707	2628397.0090	1104733.5010	2587.8831
708	2628373.7550	1104923.7950	2462.9290
720	2628933.6530	1104721.3900	2801.0249
721	2628919.9340	1104742.1320	2790.7839
722	2628918.0660	1104744.9280	2788.8970
723	2628911.2760	1104754.9430	2781.6379
724	2628903.0820	1104767.5260	2772.2170
725	2628888.9530	1104768.8350	2762.3330
726	2628866.0690	1104757.4560	2757.1750
727	2628844.5010	1104749.3280	2752.6670
729	2628797.7020	1104731.9850	2742.7930
730	2628776.9980	1104729.0520	2738.8960
738	2628514.6790	1104630.2300	2683.3989
739	2628484.7740	1104629.1860	2678.9761
740	2628451.1270	1104623.1210	2670.4460
741	2628442.6460	1104630.6700	2666.2451
742	2628427.0890	1104662.7620	2642.6919
743	2628419.4390	1104670.1810	2637.4299
744	2628419.4390	1104670.1810	2637.4299
745	2628399.4230	1104728.8270	2591.4570
746	2628397.0090	1104733.5010	2587.8831
747	2628397.0090	1104733.5010	2587.8831
748	2628397.0090	1104733.5010	2587.8831
749	2628397.0090	1104733.5010	2587.8831
750	2628397.0090	1104733.5010	2587.8831
751	2628397.0090	1104733.5010	2587.8831
752	2628397.0090	1104733.5010	2587.8831
753	2628373.7550	1104923.7950	2462.9290
765	2628919.9340	1104742.1320	2790.7839
766	2628919.9340	1104742.1320	2790.7839
767	2628919.3600	1104742.9070	2790.3140
768	2628911.2760	1104754.9430	2781.6379
769	2628903.1790	1104767.4320	2772.3159
770	2628892.0240	1104784.2720	2755.2910
771	2628879.3101	1104778.5880	2750.6851
772	2628854.9440	1104765.9680	2744.6621
773	2628834.3820	1104760.3440	2740.1240
775	2628787.6250	1104744.8860	2730.0120
776	2628764.4790	1104739.1750	2725.3181
784	2628504.0000	1104650.2610	2668.2029
785	2628477.6110	1104652.9720	2664.0339
786	2628440.1780	1104645.4220	2656.7461
787	2628427.0890	1104662.7620	2642.6919
788	2628419.4390	1104670.1810	2637.4299
789	2628419.4390	1104670.1810	2637.4299
790	2628399.4920	1104728.3710	2591.7991
791	2628397.0090	1104733.5010	2587.8831
792	2628397.0090	1104733.5010	2587.8831
793	2628397.0090	1104733.5010	2587.8831
794	2628397.0090	1104733.5010	2587.8831
795	2628397.0090	1104733.5010	2587.8831
796	2628397.0090	1104733.5010	2587.8831
797	2628397.0090	1104733.5010	2587.8831
798	2628373.7550	1104923.7950	2462.9290
810	2628919.9340	1104742.1320	2790.7839
811	2628919.9340	1104742.1320	2790.7839
812	2628919.3600	1104742.9070	2790.3140
813	2628911.2760	1104754.9430	2781.6379
814	2628903.1790	1104767.4320	2772.3159
815	2628895.0140	1104779.7380	2759.8879
816	2628886.5560	1104792.5670	2749.3889
817	2628870.2480	1104791.2180	2739.0410
822	2628751.8870	1104749.4250	2711.3120
830	2628498.4030	1104674.4780	2653.8940
831	2628473.5680	1104680.3960	2650.7129
832	2628404.8730	1104640.8240	2632.3870
833	2628416.5890	1104684.8570	2630.6030
834	2628404.9480	1104704.5310	2616.7939
835	2628399.4230	1104728.8270	2591.4570
836	2628397.0090	1104733.5010	2587.8831
837	2628397.0090	1104733.5010	2587.8831
838	2628397.0090	1104733.5010	2587.8831
839	2628397.0090	1104733.5010	2587.8831
840	2628397.0090	1104733.5010	2587.8831
841	2628397.0090	1104733.5010	2587.8831
842	2628397.0090	1104733.5010	2587.8831
843	2628373.7550	1104923.7950	2462.9290
855	2628919.9340	1104742.1320	2790.7839
856	2628919.9340	1104742.1320	2790.7839
857	2628919.3600	1104742.9070	2790.3140
858	2628911.2760	1104754.9430	2781.6379
859	2628903.1790	1104767.4320	2772.3159
860	2628894.7560	1104779.6090	2759.7261
861	2628886.5560	1104792.5670	2749.3889
862	2628875.3070	1104809.4650	2737.2881
863	2628867.4210	1104814.6160	2730.9060
868	2628745.0140	1104767.7210	2699.3091
869	2628723.2880	1104766.3610	2695.5259
876	2628491.1169	1104698.0310	2640.1689
877	2628463.5389	1104700.6150	2635.4741
878	2628426.7430	1104694.2600	2627.4741
879	2628404.9130	1104704.0480	2617.0000
880	2628410.8150	1104693.3930	2623.4761
881	2628397.0090	1104733.5010	2587.8831
882	2628397.0090	1104733.5010	2587.8831
883	2628397.0090	1104733.5010	2587.8831
884	2628397.0090	1104733.5010	2587.8831
885	2628397.0090	1104733.5010	2587.8831
886	2628397.0090	1104733.5010	2587.8831
887	2628397.0090	1104733.5010	2587.8831
888	2628373.7550	1104923.7950	2462.9290
900	2628919.9340	1104742.1320	2790.7839
901	2628919.9340	1104742.1320	2790.7839
902	2628919.3600	1104742.9070	2790.3140
903	2628911.2760	1104754.9430	2781.6379
904	2628903.0820	1104767.5260	2772.2170
905	2628895.0140	1104779.7380	2759.8879
906	2628886.0350	1104792.1090	2749.1851
907	2628875.3070	1104809.4650	2737.2881
908	2628863.7581	1104826.9930	2721.5310
909	2628858.9080	1104825.6000	2719.2151
914	2628736.4740	1104783.7450	2687.4861
922	2628483.5330	1104720.3420	2625.7200
923	2628452.1600	1104718.9560	2619.3069
924	2628412.8530	1104712.0800	2610.5029
925	2628397.3390	1104713.5180	2607.2371
926	2628397.0090	1104733.5010	2587.8831
927	2628397.0090	1104733.5010	2587.8831
928	2628397.6170	1104771.8390	2564.6440
929	2628397.0090	1104733.5010	2587.8831
930	2628397.0090	1104733.5010	2587.8831
931	2628397.0090	1104733.5010	2587.8831
932	2628397.0090	1104733.5010	2587.8831
933	2628373.7550	1104923.7950	2462.9290
945	2628919.9340	1104742.1320	2790.7839
946	2628919.9340	1104742.1320	2790.7839
947	2628919.1050	1104743.3490	2790.1770
948	2628911.0270	1104755.5160	2781.0620
949	2628903.0820	1104767.5260	2772.2170
950	2628895.0140	1104779.7380	2759.8879
951	2628886.0350	1104792.1090	2749.1851
952	2628875.3070	1104809.4650	2737.2881
953	2628870.0940	1104817.2800	2732.6709
954	2628854.4000	1104837.7630	2710.4399
955	2628848.5660	1104834.3960	2707.2019
960	2628730.8149	1104801.9580	2676.2200
961	2628709.5580	1104802.6290	2671.9839
968	2628468.6750	1104735.1760	2608.9109
969	2628444.0880	1104740.9230	2604.9890
970	2628399.4230	1104728.8270	2591.4570
971	2628397.0090	1104733.5010	2587.8831
972	2628397.6170	1104771.8390	2564.6440
973	2628397.6170	1104771.8390	2564.6440
975	2628397.0090	1104733.5010	2587.8831
976	2628397.0090	1104733.5010	2587.8831
978	2628373.7550	1104923.7950	2462.9290
990	2628933.6530	1104721.3900	2801.0249
991	2628928.5320	1104729.0890	2798.0339
992	2628919.3600	1104742.9070	2790.3140
993	2628911.2760	1104754.9430	2781.6379
994	2628903.0820	1104767.5260	2772.2170
995	2628895.0070	1104779.6350	2759.9241
996	2628886.5560	1104792.5670	2749.3889
997	2628875.3070	1104809.4650	2737.2881
998	2628854.4000	1104837.7630	2710.4399
999	2628854.4000	1104837.7630	2710.4399
1000	2628852.6880	1104841.2160	2708.6069
1001	2628839.1899	1104845.9360	2696.7981
1006	2628722.0690	1104817.4940	2664.3311
1007	2628700.2400	1104817.0110	2659.6331
1014	2628459.9969	1104755.9970	2594.7529
1015	2628430.2380	1104757.7660	2588.8220
1016	2628401.6000	1104760.6240	2576.7380
1017	2628397.6170	1104771.8390	2564.6440
1018	2628397.6170	1104771.8390	2564.6440
1021	2628395.0530	1104891.6630	2492.6470
1022	2628390.6710	1104891.0020	2490.0710
1023	2628390.6710	1104891.0020	2490.0710
1024	2628390.6710	1104891.0020	2490.0710
1035	2628933.6530	1104721.3900	2801.0249
1036	2628928.5320	1104729.0890	2798.0339
1037	2628919.3600	1104742.9070	2790.3140
1038	2628911.2760	1104754.9430	2781.6379
1039	2628903.2120	1104767.3000	2772.3889
1040	2628895.0140	1104779.7380	2759.8879
1041	2628854.4000	1104837.7630	2710.4399
1042	2628854.4000	1104837.7630	2710.4399
1043	2628854.4000	1104837.7630	2710.4399
1044	2628854.4000	1104837.7630	2710.4399
1045	2628852.5640	1104839.7610	2708.7600
1046	2628840.7159	1104847.6500	2697.4331
1047	2628834.3051	1104863.7050	2691.0879
1052	2628711.5540	1104830.4170	2651.4231
1053	2628689.6210	1104830.4080	2646.3950
1060	2628445.6970	1104771.9880	2578.1631
1061	2628416.3430	1104773.6190	2571.6621
1062	2628397.6170	1104771.8390	2564.6440
1063	2628397.6170	1104771.8390	2564.6440
1065	2628396.5930	1104770.0420	2565.6150
1066	2628395.0530	1104891.6630	2492.6470
1067	2628390.6710	1104891.0020	2490.0710
1068	2628390.6710	1104891.0020	2490.0710
1069	2628390.6710	1104891.0020	2490.0710
1080	2628933.6530	1104721.3900	2801.0249
1081	2628928.4420	1104729.1550	2797.9961
1082	2628919.3600	1104742.9070	2790.3140
1083	2628911.2760	1104754.9430	2781.6379
1084	2628854.4000	1104837.7630	2710.4399
1085	2628854.4000	1104837.7630	2710.4399
1086	2628854.4000	1104837.7630	2710.4399
1087	2628854.4000	1104837.7630	2710.4399
1088	2628854.4000	1104837.7630	2710.4399
1089	2628854.4000	1104837.7630	2710.4399
1090	2628852.1760	1104841.1220	2708.1970
1091	2628840.7159	1104847.6500	2697.4331
1094	2628819.2100	1104891.7290	2676.6819
1098	2628701.6801	1104844.4560	2638.7339
1099	2628679.4250	1104844.6960	2633.1399
1106	2628438.9320	1104793.7890	2564.3501
1107	2628387.5130	1104777.2950	2547.7251
1108	2628387.2690	1104777.5810	2547.3440
1111	2628395.0530	1104891.6630	2492.6470
1112	2628390.6710	1104891.0020	2490.0710
1113	2628390.6710	1104891.0020	2490.0710
1114	2628390.6710	1104891.0020	2490.0710
1125	2628933.6530	1104721.3900	2801.0249
1126	2628928.5320	1104729.0890	2798.0339
1127	2628854.4000	1104837.7630	2710.4399
1128	2628854.4000	1104837.7630	2710.4399
1129	2628854.4000	1104837.7630	2710.4399
1130	2628854.4000	1104837.7630	2710.4399
1131	2628854.4000	1104837.7630	2710.4399
1132	2628854.4000	1104837.7630	2710.4399
1133	2628854.4000	1104837.7630	2710.4399
1134	2628854.4000	1104837.7630	2710.4399
1139	2628815.0380	1104899.6880	2665.8350
1140	2628802.3960	1104893.0730	2660.9961
1144	2628691.8020	1104858.6520	2625.8860
1145	2628668.0780	1104857.0790	2619.4990
1146	2628641.5380	1104854.2510	2612.2151
1151	2628460.8590	1104812.7190	2557.7720
1152	2628430.8850	1104814.7920	2550.5190
1156	2628395.0530	1104891.6630	2492.6470
1157	2628390.6710	1104891.0020	2490.0710
1158	2628390.6710	1104891.0020	2490.0710
1159	2628390.6710	1104891.0020	2490.0710
1170	2628932.5129	1104722.4190	2800.6831
1171	2628854.4000	1104837.7630	2710.4399
1172	2628854.4000	1104837.7630	2710.4399
1173	2628854.4000	1104837.7630	2710.4399
1174	2628854.4000	1104837.7630	2710.4399
1175	2628854.4000	1104837.7630	2710.4399
1176	2628854.4000	1104837.7630	2710.4399
1177	2628854.4000	1104837.7630	2710.4399
1178	2628854.4000	1104837.7630	2710.4399
1179	2628854.4000	1104837.7630	2710.4399
1184	2628809.6689	1104908.7190	2658.1160
1185	2628809.6689	1104908.7190	2658.1160
1186	2628789.6400	1104899.7930	2647.5520
1190	2628684.0190	1104874.3160	2613.8159
1191	2628657.3650	1104870.7690	2606.2971
1192	2628633.4301	1104870.8460	2599.9470
1197	2628450.7469	1104831.7930	2543.0901
1198	2628409.1900	1104823.9030	2530.2581
1203	2628390.6710	1104891.0020	2490.0710
1204	2628390.6710	1104891.0020	2490.0710
1215	2628933.6530	1104721.3900	2801.0249
1216	2628854.4000	1104837.7630	2710.4399
1217	2628854.4000	1104837.7630	2710.4399
1218	2628854.4000	1104837.7630	2710.4399
1219	2628854.4000	1104837.7630	2710.4399
1220	2628854.4000	1104837.7630	2710.4399
1221	2628854.4000	1104837.7630	2710.4399
1222	2628854.4000	1104837.7630	2710.4399
1223	2628854.4000	1104837.7630	2710.4399
1229	2628815.2980	1104888.5820	2673.1760
1230	2628810.2419	1104907.7860	2659.1960
1231	2628802.1030	1104920.1440	2646.3540
1232	2628774.6899	1104905.0800	2632.4390
1237	2628646.9930	1104884.0560	2592.8660
1238	2628622.1870	1104884.7020	2586.3850
1241	2628524.1410	1104870.4940	2555.4810
1242	2628480.6190	1104857.4420	2540.9590
1243	2628455.8621	1104862.6860	2535.5791
1244	2628400.3570	1104844.7680	2516.2571
1247	2628390.6710	1104891.0020	2490.0710
1248	2628390.6710	1104891.0020	2490.0710
1249	2628390.6710	1104891.0020	2490.0710
1260	2628854.4000	1104837.7630	2710.4399
1261	2628854.4000	1104837.7630	2710.4399
1262	2628854.4000	1104837.7630	2710.4399
1263	2628854.4000	1104837.7630	2710.4399
1264	2628854.4000	1104837.7630	2710.4399
1265	2628854.4000	1104837.7630	2710.4399
1266	2628854.4000	1104837.7630	2710.4399
1267	2628854.4000	1104837.7630	2710.4399
1268	2628854.4000	1104837.7630	2710.4399
1274	2628815.2980	1104888.5820	2673.1760
1275	2628799.3700	1104922.8150	2642.4641
1276	2628799.3700	1104922.8150	2642.4641
1277	2628795.2040	1104930.5410	2636.0891
1284	2628612.3810	1104899.6390	2573.0759
1286	2628544.5439	1104888.2640	2550.3101
1287	2628522.0020	1104893.3080	2545.2759
1288	2628479.1600	1104882.0770	2530.4871
1289	2628447.5280	1104881.8810	2521.9109
1291	2628395.0530	1104891.6630	2492.6470
1292	2628390.6710	1104891.0020	2490.0710
1293	2628390.6710	1104891.0020	2490.0710
1305	2628854.4000	1104837.7630	2710.4399
1306	2628854.4000	1104837.7630	2710.4399
1307	2628854.4000	1104837.7630	2710.4399
1308	2628854.4000	1104837.7630	2710.4399
1309	2628854.4000	1104837.7630	2710.4399
1310	2628854.4000	1104837.7630	2710.4399
1311	2628854.4000	1104837.7630	2710.4399
1312	2628854.4000	1104837.7630	2710.4399
1313	2628854.4000	1104837.7630	2710.4399
1319	2628815.2980	1104888.5820	2673.1760
1320	2628799.3700	1104922.8150	2642.4641
1321	2628799.3700	1104922.8150	2642.4641
1322	2628795.2040	1104930.5410	2636.0891
1323	2628785.1270	1104944.9160	2622.8120
1324	2628760.1340	1104933.6310	2611.1140
1330	2628605.0280	1104916.2180	2561.2700
1332	2628542.9430	1104911.2350	2540.8110
1333	2628519.1060	1104915.4110	2535.1440
1334	2628473.8850	1104903.4900	2519.2229
1335	2628439.7050	1104900.8940	2508.7009
1336	2628395.2910	1104893.1020	2492.3491
1338	2628373.7550	1104923.7950	2462.9290
1350	2628854.4000	1104837.7630	2710.4399
1351	2628854.4000	1104837.7630	2710.4399
1352	2628854.4000	1104837.7630	2710.4399
1353	2628854.4000	1104837.7630	2710.4399
1354	2628854.4000	1104837.7630	2710.4399
1355	2628854.4000	1104837.7630	2710.4399
1356	2628854.4000	1104837.7630	2710.4399
1357	2628854.4000	1104837.7630	2710.4399
1364	2628815.2980	1104888.5820	2673.1760
1365	2628799.3700	1104922.8150	2642.4641
1366	2628799.3700	1104922.8150	2642.4641
1367	2628795.2040	1104930.5410	2636.0891
1368	2628785.1270	1104944.9160	2622.8120
1369	2628777.4340	1104957.4500	2613.1531
1370	2628754.6021	1104950.0540	2601.6279
1376	2628596.5720	1104932.5760	2549.2300
1378	2628531.8311	1104925.8160	2526.8711
1379	2628508.8110	1104931.3950	2521.4661
1380	2628469.1210	1104924.3210	2507.4761
1381	2628429.5990	1104918.5300	2494.1980
1383	2628373.7550	1104923.7950	2462.9290
1395	2628854.4000	1104837.7630	2710.4399
1396	2628854.4000	1104837.7630	2710.4399
1397	2628854.4000	1104837.7630	2710.4399
1398	2628854.4000	1104837.7630	2710.4399
1399	2628854.4000	1104837.7630	2710.4399
1400	2628854.4000	1104837.7630	2710.4399
1401	2628854.4000	1104837.7630	2710.4399
1402	2628854.4000	1104837.7630	2710.4399
1409	2628815.2980	1104888.5820	2673.1760
1410	2628799.3700	1104922.8150	2642.4641
1411	2628799.3700	1104922.8150	2642.4641
1412	2628795.2040	1104930.5410	2636.0891
1413	2628785.1270	1104944.9160	2622.8120
1414	2628778.8550	1104955.2190	2614.9980
1415	2628770.7100	1104967.5900	2606.0911
1416	2628745.1510	1104961.8890	2589.8550
1422	2628587.1180	1104948.0010	2536.0249
1423	2628561.1270	1104949.3020	2528.1370
1424	2628526.9900	1104945.2810	2515.7290
1425	2628501.5520	1104949.0600	2509.2000
1426	2628463.4570	1104944.2350	2495.4451
1427	2628417.3719	1104934.4940	2478.5520
1428	2628367.9590	1104924.6760	2458.4131
1437	2628236.8170	1105065.8950	2338.4060
1438	2628232.6740	1105083.3480	2325.9050
1440	2628854.4000	1104837.7630	2710.4399
1441	2628854.4000	1104837.7630	2710.4399
1442	2628854.4000	1104837.7630	2710.4399
1443	2628854.4000	1104837.7630	2710.4399
1444	2628854.4000	1104837.7630	2710.4399
1445	2628854.4000	1104837.7630	2710.4399
1446	2628854.4000	1104837.7630	2710.4399
1454	2628815.2980	1104888.5820	2673.1760
1455	2628799.3700	1104922.8150	2642.4641
1456	2628799.3700	1104922.8150	2642.4641
1457	2628795.2040	1104930.5410	2636.0891
1458	2628785.1270	1104944.9160	2622.8120
1459	2628778.8590	1104955.2710	2614.9619
1460	2628763.7440	1104977.9470	2596.0569
1461	2628762.1990	1104980.4320	2593.0381
1462	2628737.9860	1104976.0620	2579.2671
1468	2628582.9520	1104967.4510	2526.0891
1469	2628559.5250	1104971.0270	2519.7451
1470	2628534.0900	1104973.5440	2511.7261
1471	2628497.5850	1104970.0750	2498.6121
1472	2628456.9780	1104963.2900	2483.5950
1473	2628402.9810	1104949.6280	2462.5901
1481	2628241.9700	1105047.7090	2348.7710
1482	2628236.8170	1105065.8950	2338.4060
1483	2628232.6740	1105083.3480	2325.9050
1484	2628223.7080	1105109.5700	2304.2971
1485	2628854.4000	1104837.7630	2710.4399
1486	2628854.4000	1104837.7630	2710.4399
1487	2628854.4000	1104837.7630	2710.4399
1488	2628854.4000	1104837.7630	2710.4399
1489	2628854.4000	1104837.7630	2710.4399
1490	2628854.4000	1104837.7630	2710.4399
1491	2628854.4000	1104837.7630	2710.4399
1499	2628815.2980	1104888.5820	2673.1760
1500	2628799.3700	1104922.8150	2642.4641
1501	2628799.3700	1104922.8150	2642.4641
1502	2628795.2040	1104930.5410	2636.0891
1503	2628785.1270	1104944.9160	2622.8120
1504	2628778.8590	1104955.2710	2614.9619
1505	2628763.7440	1104977.9470	2596.0569
1506	2628757.0320	1104988.2800	2585.6360
1507	2628752.9020	1104994.4690	2579.9529
1514	2628578.5490	1104986.3380	2516.1860
1515	2628557.0670	1104991.5570	2510.4819
1516	2628523.7720	1104989.0550	2498.2490
1517	2628497.0200	1104992.1780	2490.2759
1518	2628446.8260	1104980.3750	2470.1599
1519	2628391.4260	1104966.5440	2447.8379
1520	2628353.0220	1104966.2780	2434.1550
1525	2628250.3320	1105028.4530	2354.9170
1526	2628241.9700	1105047.7090	2348.7710
1527	2628236.8170	1105065.8950	2338.4060
1528	2628232.6740	1105083.3480	2325.9050
1529	2628223.7930	1105109.2360	2304.5120
1530	2628854.4000	1104837.7630	2710.4399
1531	2628854.4000	1104837.7630	2710.4399
1532	2628854.4000	1104837.7630	2710.4399
1533	2628854.4000	1104837.7630	2710.4399
1534	2628854.4000	1104837.7630	2710.4399
1535	2628854.4000	1104837.7630	2710.4399
1544	2628815.2980	1104888.5820	2673.1760
1545	2628799.3700	1104922.8150	2642.4641
1546	2628799.3700	1104922.8150	2642.4641
1547	2628795.2040	1104930.5410	2636.0891
1548	2628785.1270	1104944.9160	2622.8120
1549	2628763.7440	1104977.9470	2596.0569
1550	2628763.7440	1104977.9470	2596.0569
1551	2628761.9910	1104980.4120	2592.9619
1552	2628747.6160	1105002.5070	2572.6851
1553	2628745.7750	1105005.2870	2570.0171
1560	2628575.1320	1105004.9670	2507.0630
1561	2628553.4050	1105010.4960	2501.0901
1562	2628514.6140	1105004.7610	2485.5991
1563	2628486.0400	1105007.1890	2476.6809
1564	2628441.8690	1104999.8520	2459.1909
1565	2628375.8480	1104980.7590	2429.3469
1570	2628250.0730	1105028.7780	2354.4880
1571	2628241.9700	1105047.7090	2348.7710
1572	2628236.8170	1105065.8950	2338.4060
1573	2628234.4100	1105085.5820	2325.7610
1574	2628223.7080	1105109.5700	2304.2971
1575	2628854.4000	1104837.7630	2710.4399
1576	2628854.4000	1104837.7630	2710.4399
1577	2628854.4000	1104837.7630	2710.4399
1578	2628854.4000	1104837.7630	2710.4399
1579	2628854.4000	1104837.7630	2710.4399
1580	2628854.4000	1104837.7630	2710.4399
1589	2628815.2980	1104888.5820	2673.1760
1590	2628799.3700	1104922.8150	2642.4641
1591	2628799.3700	1104922.8150	2642.4641
1592	2628795.2040	1104930.5410	2636.0891
1593	2628785.1270	1104944.9160	2622.8120
1594	2628778.8590	1104955.2710	2614.9619
1595	2628763.7440	1104977.9470	2596.0569
1596	2628762.5010	1104979.9860	2593.4680
1597	2628747.6160	1105002.5070	2572.6851
1598	2628745.7750	1105005.2870	2570.0171
1599	2628736.7100	1105016.5640	2559.6040
1601	2628714.4240	1105036.9580	2553.9670
1605	2628579.2889	1105009.1490	2495.4480
1606	2628563.9530	1105018.8280	2493.4561
1607	2628545.2629	1105026.0160	2489.5549
1608	2628504.7560	1105020.0230	2472.7561
1609	2628471.3180	1105019.2610	2461.1389
1610	2628435.8350	1105018.0960	2447.7759
1611	2628393.4750	1105015.0640	2430.3311
1615	2628250.0730	1105028.7780	2354.4880
1616	2628249.3550	1105033.6250	2354.8679
1617	2628249.3550	1105033.6250	2354.8679
1618	2628249.3550	1105033.6250	2354.8679
1619	2628223.3870	1105109.9530	2304.2351
1620	2628854.4000	1104837.7630	2710.4399
1621	2628854.4000	1104837.7630	2710.4399
1622	2628854.4000	1104837.7630	2710.4399
1623	2628854.4000	1104837.7630	2710.4399
1624	2628854.4000	1104837.7630	2710.4399
1625	2628854.4000	1104837.7630	2710.4399
1634	2628815.2980	1104888.5820	2673.1760
1635	2628799.3700	1104922.8150	2642.4641
1636	2628799.3700	1104922.8150	2642.4641
1637	2628795.2040	1104930.5410	2636.0891
1638	2628785.1270	1104944.9160	2622.8120
1639	2628763.7440	1104977.9470	2596.0569
1640	2628763.7440	1104977.9470	2596.0569
1641	2628762.2380	1104980.3860	2593.0991
1642	2628753.2920	1104993.2110	2580.7981
1643	2628745.8790	1105005.0720	2570.2371
1645	2628720.8140	1105022.1480	2546.8740
1651	2628573.0050	1105025.1930	2484.6951
1652	2628554.8600	1105033.5270	2480.1240
1653	2628536.2740	1105041.3700	2477.3501
1654	2628488.8480	1105031.2720	2456.4709
1655	2628459.7920	1105034.7360	2446.3411
1656	2628420.6870	1105031.8640	2430.4270
1657	2628382.4870	1105031.3820	2416.5320
1660	2628250.0730	1105028.7780	2354.4880
1661	2628241.9180	1105048.1450	2348.5210
1662	2628236.8170	1105065.8950	2338.4060
1663	2628230.3680	1105086.9620	2321.4360
1664	2628224.6130	1105106.0680	2306.6440
1665	2628854.4000	1104837.7630	2710.4399
1666	2628854.4000	1104837.7630	2710.4399
1667	2628854.4000	1104837.7630	2710.4399
1668	2628854.4000	1104837.7630	2710.4399
1669	2628854.4000	1104837.7630	2710.4399
1679	2628815.2980	1104888.5820	2673.1760
1680	2628799.3700	1104922.8150	2642.4641
1681	2628799.3700	1104922.8150	2642.4641
1682	2628795.2040	1104930.5410	2636.0891
1683	2628785.1270	1104944.9160	2622.8120
1684	2628763.7440	1104977.9470	2596.0569
1685	2628763.7440	1104977.9470	2596.0569
1686	2628762.2380	1104980.3860	2593.0991
1687	2628753.8330	1104992.7660	2581.5371
1688	2628745.8790	1105005.0720	2570.2371
1697	2628564.3680	1105040.6010	2473.0891
1698	2628549.6281	1105051.0840	2470.8379
1699	2628525.7419	1105055.3280	2463.3320
1700	2628481.5000	1105047.1910	2443.8511
1701	2628449.8300	1105049.4940	2432.5520
1702	2628413.1590	1105049.9370	2418.3479
1705	2628261.6800	1105034.9930	2355.1509
1706	2628241.9180	1105048.1450	2348.5210
1707	2628236.8170	1105065.8950	2338.4060
1708	2628229.7990	1105088.3810	2319.9360
1709	2628224.6130	1105106.0680	2306.6440
1710	2628854.4000	1104837.7630	2710.4399
1711	2628854.4000	1104837.7630	2710.4399
1712	2628854.4000	1104837.7630	2710.4399
1713	2628854.4000	1104837.7630	2710.4399
1714	2628854.4000	1104837.7630	2710.4399
1724	2628815.2980	1104888.5820	2673.1760
1725	2628799.3700	1104922.8150	2642.4641
1726	2628799.3700	1104922.8150	2642.4641
1727	2628795.2040	1104930.5410	2636.0891
1728	2628785.1270	1104944.9160	2622.8120
1729	2628763.7440	1104977.9470	2596.0569
1730	2628763.7440	1104977.9470	2596.0569
1731	2628762.2380	1104980.3860	2593.0991
1743	2628558.8230	1105057.6550	2462.2000
1744	2628541.7660	1105066.3890	2459.2471
1745	2628515.3879	1105069.4720	2449.9199
1746	2628471.3170	1105063.3650	2430.2251
1747	2628437.7640	1105063.8240	2417.1240
1748	2628394.7320	1105061.9520	2399.6479
1751	2628256.1150	1105056.0560	2343.1560
1752	2628236.8170	1105065.8950	2338.4060
1753	2628229.7990	1105088.3810	2319.9360
1754	2628224.6130	1105106.0680	2306.6440
1755	2628854.4000	1104837.7630	2710.4399
1756	2628854.4000	1104837.7630	2710.4399
1757	2628854.4000	1104837.7630	2710.4399
1758	2628854.4000	1104837.7630	2710.4399
1769	2628815.2980	1104888.5820	2673.1760
1770	2628799.3700	1104922.8150	2642.4641
1771	2628799.3700	1104922.8150	2642.4641
1772	2628795.2040	1104930.5410	2636.0891
1773	2628785.1270	1104944.9160	2622.8120
1774	2628778.8590	1104955.2710	2614.9619
1775	2628763.7440	1104977.9470	2596.0569
1789	2628554.8440	1105075.2890	2453.3860
1790	2628534.5100	1105082.1770	2447.8250
1791	2628506.7170	1105084.9300	2437.6111
1792	2628470.0950	1105083.4020	2422.3899
1793	2628423.2020	1105078.1350	2401.3669
1794	2628376.3160	1105073.7410	2380.7949
1796	2628278.1790	1105067.6080	2338.9141
1797	2628247.6440	1105075.2350	2329.4209
1798	2628229.7990	1105088.3810	2319.9360
1799	2628224.6130	1105106.0680	2306.6440
1800	2628854.4000	1104837.7630	2710.4399
1801	2628854.4000	1104837.7630	2710.4399
1802	2628854.4000	1104837.7630	2710.4399
1803	2628854.4000	1104837.7630	2710.4399
1814	2628815.2980	1104888.5820	2673.1760
1815	2628799.3700	1104922.8150	2642.4641
1816	2628799.3700	1104922.8150	2642.4641
1817	2628795.2040	1104930.5410	2636.0891
1818	2628785.1270	1104944.9160	2622.8120
1819	2628763.7440	1104977.9470	2596.0569
1820	2628763.7440	1104977.9470	2596.0569
1835	2628548.0959	1105091.7190	2442.9041
1836	2628530.3340	1105099.4750	2438.7729
1837	2628498.0229	1105100.0600	2425.4319
1838	2628466.8630	1105102.0810	2413.4390
1839	2628409.6150	1105091.5230	2385.1809
1840	2628361.2990	1105087.8790	2363.5061
1842	2628270.0010	1105086.7470	2325.3240
1843	2628237.3440	1105093.6610	2314.4871
1844	2628224.6130	1105106.0680	2306.6440
1845	2628854.4000	1104837.7630	2710.4399
1846	2628854.4000	1104837.7630	2710.4399
1847	2628854.4000	1104837.7630	2710.4399
1860	2628799.3700	1104922.8150	2642.4641
1861	2628799.3700	1104922.8150	2642.4641
1864	2628763.7440	1104977.9470	2596.0569
1881	2628543.2740	1105107.5610	2433.1379
1882	2628525.4940	1105116.4480	2429.2781
1883	2628494.3590	1105118.0330	2416.7161
1884	2628460.1580	1105119.0890	2402.2930
1885	2628392.4800	1105104.7890	2367.2839
1888	2628260.3420	1105104.9020	2311.2610
1889	2628230.1800	1105112.9100	2301.9131
1890	2628854.4000	1104837.7630	2710.4399
1891	2628854.4000	1104837.7630	2710.4399
1892	2628854.4000	1104837.7630	2710.4399
1905	2628799.3700	1104922.8150	2642.4641
1909	2628763.7440	1104977.9470	2596.0569
1927	2628534.0800	1105122.2690	2420.9670
1928	2628518.0510	1105131.5900	2417.8320
1929	2628488.6810	1105134.6390	2406.3611
1930	2628452.3571	1105135.0320	2390.7839
1934	2628252.1500	1105123.6900	2297.6470
1935	2628854.4000	1104837.7630	2710.4399
1936	2628854.4000	1104837.7630	2710.4399
1973	2628521.0200	1105133.9610	2406.6479
1974	2628510.0570	1105146.4580	2406.3589
1975	2628477.5400	1105148.0980	2392.4221
1976	2628454.5959	1105155.0900	2385.0271
1977	2628373.0150	1105137.0100	2340.5139
1980	2628854.4000	1104837.7630	2710.4399
1981	2628854.4000	1104837.7630	2710.4399
2019	2628517.0950	1105150.2760	2400.6709
2020	2628495.4670	1105157.8690	2390.5701
2021	2628466.4760	1105161.6830	2378.2000
2022	2628449.8440	1105172.0300	2375.0349
