ID	X	Y	Z
10	2628632.1030	1104505.2820	2802.4541
11	2628632.1030	1104505.2820	2802.4541
12	2628632.1030	1104505.2820	2802.4541
13	2628632.1030	1104505.2820	2802.4541
14	2628564.7570	1104513.4360	2769.6909
15	2628564.7570	1104513.4360	2769.6909
16	2628564.7570	1104513.4360	2769.6909
17	2628564.7570	1104513.4360	2769.6909
18	2628564.7570	1104513.4360	2769.6909
19	2628564.7570	1104513.4360	2769.6909
20	2628564.7570	1104513.4360	2769.6909
21	2628564.7570	1104513.4360	2769.6909
22	2628426.0710	1104659.0340	2643.5779
23	2628419.4390	1104670.1810	2637.4299
24	2628419.4390	1104670.1810	2637.4299
25	2628397.8320	1104730.5600	2588.7900
26	2628397.0090	1104733.5010	2587.8831
27	2628397.0090	1104733.5010	2587.8831
28	2628397.0090	1104733.5010	2587.8831
29	2628397.0090	1104733.5010	2587.8831
30	2628397.0090	1104733.5010	2587.8831
31	2628397.0090	1104733.5010	2587.8831
32	2628397.0090	1104733.5010	2587.8831
33	2628373.7550	1104923.7950	2462.9290
55	2628632.1030	1104505.2820	2802.4541
56	2628632.1030	1104505.2820	2802.4541
57	2628632.1030	1104505.2820	2802.4541
58	2628632.1030	1104505.2820	2802.4541
59	2628564.7570	1104513.4360	2769.6909
60	2628564.7570	1104513.4360	2769.6909
61	2628564.7570	1104513.4360	2769.6909
62	2628564.7570	1104513.4360	2769.6909
63	2628564.7570	1104513.4360	2769.6909
64	2628564.7570	1104513.4360	2769.6909
65	2628564.7570	1104513.4360	2769.6909
66	2628564.7570	1104513.4360	2769.6909
67	2628428.0460	1104663.1640	2643.2561
68	2628419.4390	1104670.1810	2637.4299
69	2628419.4390	1104670.1810	2637.4299
70	2628396.8910	1104721.9980	2596.9529
71	2628397.0090	1104733.5010	2587.8831
72	2628397.0090	1104733.5010	2587.8831
73	2628397.0090	1104733.5010	2587.8831
74	2628397.0090	1104733.5010	2587.8831
75	2628397.0090	1104733.5010	2587.8831
76	2628397.0090	1104733.5010	2587.8831
77	2628397.0090	1104733.5010	2587.8831
78	2628364.7680	1104925.4030	2456.3010
100	2628632.1030	1104505.2820	2802.4541
101	2628632.1030	1104505.2820	2802.4541
102	2628632.1030	1104505.2820	2802.4541
103	2628632.1030	1104505.2820	2802.4541
104	2628564.7570	1104513.4360	2769.6909
105	2628564.7570	1104513.4360	2769.6909
106	2628564.7570	1104513.4360	2769.6909
107	2628564.7570	1104513.4360	2769.6909
108	2628564.7570	1104513.4360	2769.6909
109	2628564.7570	1104513.4360	2769.6909
110	2628564.7570	1104513.4360	2769.6909
111	2628564.7570	1104513.4360	2769.6909
112	2628428.0460	1104663.1640	2643.2561
113	2628419.4390	1104670.1810	2637.4299
114	2628419.4390	1104670.1810	2637.4299
115	2628397.5690	1104723.0890	2596.3420
116	2628397.0090	1104733.5010	2587.8831
117	2628397.0090	1104733.5010	2587.8831
118	2628397.0090	1104733.5010	2587.8831
119	2628397.0090	1104733.5010	2587.8831
120	2628397.0090	1104733.5010	2587.8831
121	2628397.0090	1104733.5010	2587.8831
122	2628397.0090	1104733.5010	2587.8831
123	2628373.7550	1104923.7950	2462.9290
145	2628632.1030	1104505.2820	2802.4541
146	2628632.1030	1104505.2820	2802.4541
147	2628632.1030	1104505.2820	2802.4541
148	2628632.1030	1104505.2820	2802.4541
149	2628564.7570	1104513.4360	2769.6909
150	2628564.7570	1104513.4360	2769.6909
151	2628564.7570	1104513.4360	2769.6909
152	2628564.7570	1104513.4360	2769.6909
153	2628564.7570	1104513.4360	2769.6909
155	2628564.7570	1104513.4360	2769.6909
156	2628442.6460	1104630.6700	2666.2451
157	2628427.0890	1104662.7620	2642.6919
158	2628419.4390	1104670.1810	2637.4299
159	2628419.4390	1104670.1810	2637.4299
160	2628395.9870	1104719.1620	2600.8081
161	2628397.0090	1104733.5010	2587.8831
162	2628397.0090	1104733.5010	2587.8831
163	2628397.0090	1104733.5010	2587.8831
164	2628397.0090	1104733.5010	2587.8831
165	2628397.0090	1104733.5010	2587.8831
166	2628397.0090	1104733.5010	2587.8831
167	2628397.0090	1104733.5010	2587.8831
168	2628373.7550	1104923.7950	2462.9290
190	2628632.1030	1104505.2820	2802.4541
191	2628632.1030	1104505.2820	2802.4541
192	2628632.1030	1104505.2820	2802.4541
193	2628564.7570	1104513.4360	2769.6909
194	2628564.7570	1104513.4360	2769.6909
195	2628564.7570	1104513.4360	2769.6909
196	2628564.7570	1104513.4360	2769.6909
197	2628564.7570	1104513.4360	2769.6909
198	2628564.7570	1104513.4360	2769.6909
200	2628564.7570	1104513.4360	2769.6909
201	2628442.6460	1104630.6700	2666.2451
202	2628427.0890	1104662.7620	2642.6919
203	2628419.4390	1104670.1810	2637.4299
204	2628419.4390	1104670.1810	2637.4299
205	2628399.4920	1104728.3710	2591.7991
206	2628397.0090	1104733.5010	2587.8831
207	2628397.0090	1104733.5010	2587.8831
208	2628397.0090	1104733.5010	2587.8831
209	2628397.0090	1104733.5010	2587.8831
210	2628397.0090	1104733.5010	2587.8831
211	2628397.0090	1104733.5010	2587.8831
212	2628397.0090	1104733.5010	2587.8831
213	2628373.7550	1104923.7950	2462.9290
235	2628632.1030	1104505.2820	2802.4541
236	2628632.1030	1104505.2820	2802.4541
237	2628632.1030	1104505.2820	2802.4541
238	2628564.7570	1104513.4360	2769.6909
239	2628564.7570	1104513.4360	2769.6909
240	2628564.7570	1104513.4360	2769.6909
241	2628564.7570	1104513.4360	2769.6909
242	2628564.7570	1104513.4360	2769.6909
245	2628451.6060	1104622.8990	2670.5449
246	2628442.6460	1104630.6700	2666.2451
247	2628428.0460	1104663.1640	2643.2561
248	2628419.4390	1104670.1810	2637.4299
249	2628419.4390	1104670.1810	2637.4299
250	2628399.4230	1104728.8270	2591.4570
251	2628397.0090	1104733.5010	2587.8831
252	2628397.0090	1104733.5010	2587.8831
253	2628397.0090	1104733.5010	2587.8831
254	2628397.0090	1104733.5010	2587.8831
255	2628397.0090	1104733.5010	2587.8831
256	2628397.0090	1104733.5010	2587.8831
257	2628397.0090	1104733.5010	2587.8831
258	2628374.7600	1104920.9570	2465.8210
280	2628632.1030	1104505.2820	2802.4541
281	2628632.1030	1104505.2820	2802.4541
282	2628581.9530	1104515.0390	2777.5691
283	2628564.7570	1104513.4360	2769.6909
284	2628564.7570	1104513.4360	2769.6909
285	2628564.7570	1104513.4360	2769.6909
286	2628564.7570	1104513.4360	2769.6909
287	2628564.7570	1104513.4360	2769.6909
290	2628449.9260	1104622.8600	2669.9399
291	2628442.6460	1104630.6700	2666.2451
292	2628427.0890	1104662.7620	2642.6919
293	2628419.4390	1104670.1810	2637.4299
294	2628419.4390	1104670.1810	2637.4299
295	2628399.4230	1104728.8270	2591.4570
296	2628397.0090	1104733.5010	2587.8831
297	2628397.0090	1104733.5010	2587.8831
298	2628397.0090	1104733.5010	2587.8831
299	2628397.0090	1104733.5010	2587.8831
300	2628397.0090	1104733.5010	2587.8831
301	2628397.0090	1104733.5010	2587.8831
302	2628397.0090	1104733.5010	2587.8831
303	2628373.7550	1104923.7950	2462.9290
325	2628632.1030	1104505.2820	2802.4541
326	2628632.1030	1104505.2820	2802.4541
327	2628583.9750	1104514.1730	2778.7791
328	2628564.7570	1104513.4360	2769.6909
329	2628564.7570	1104513.4360	2769.6909
330	2628564.7570	1104513.4360	2769.6909
331	2628564.7570	1104513.4360	2769.6909
335	2628450.2460	1104623.7590	2669.9170
336	2628442.6460	1104630.6700	2666.2451
337	2628427.0890	1104662.7620	2642.6919
338	2628419.4390	1104670.1810	2637.4299
339	2628419.4390	1104670.1810	2637.4299
340	2628399.4230	1104728.8270	2591.4570
341	2628397.0090	1104733.5010	2587.8831
342	2628397.0090	1104733.5010	2587.8831
343	2628397.0090	1104733.5010	2587.8831
344	2628397.0090	1104733.5010	2587.8831
345	2628397.0090	1104733.5010	2587.8831
346	2628397.0090	1104733.5010	2587.8831
347	2628397.0090	1104733.5010	2587.8831
348	2628373.7550	1104923.7950	2462.9290
370	2628632.1030	1104505.2820	2802.4541
371	2628600.1940	1104506.8480	2786.3511
372	2628582.4810	1104517.1070	2777.4719
373	2628564.7570	1104513.4360	2769.6909
374	2628564.7570	1104513.4360	2769.6909
375	2628535.0601	1104534.2800	2746.2639
380	2628449.9260	1104622.8600	2669.9399
381	2628442.6460	1104630.6700	2666.2451
382	2628427.0890	1104662.7620	2642.6919
383	2628419.4390	1104670.1810	2637.4299
384	2628419.4390	1104670.1810	2637.4299
385	2628399.4230	1104728.8270	2591.4570
386	2628397.0090	1104733.5010	2587.8831
387	2628397.0090	1104733.5010	2587.8831
388	2628397.0090	1104733.5010	2587.8831
389	2628397.0090	1104733.5010	2587.8831
390	2628397.0090	1104733.5010	2587.8831
391	2628397.0090	1104733.5010	2587.8831
392	2628397.0090	1104733.5010	2587.8831
393	2628373.7550	1104923.7950	2462.9290
405	2628899.8510	1104640.5250	2832.6340
415	2628628.9330	1104513.1570	2798.7800
416	2628601.2030	1104507.1000	2786.6589
417	2628584.2070	1104516.5140	2778.2500
418	2628564.7570	1104513.4360	2769.6909
419	2628564.7570	1104513.4360	2769.6909
420	2628535.0601	1104534.2800	2746.2639
425	2628449.9260	1104622.8600	2669.9399
426	2628442.6460	1104630.6700	2666.2451
427	2628428.0460	1104663.1640	2643.2561
428	2628419.4390	1104670.1810	2637.4299
429	2628419.4390	1104670.1810	2637.4299
430	2628397.5690	1104723.0890	2596.3420
431	2628397.0090	1104733.5010	2587.8831
432	2628397.0090	1104733.5010	2587.8831
433	2628397.0090	1104733.5010	2587.8831
434	2628397.0090	1104733.5010	2587.8831
435	2628397.0090	1104733.5010	2587.8831
436	2628397.0090	1104733.5010	2587.8831
437	2628397.0090	1104733.5010	2587.8831
438	2628373.7550	1104923.7950	2462.9290
450	2628918.5610	1104679.6550	2825.5190
451	2628895.5330	1104665.0490	2822.3911
452	2628876.4310	1104659.6500	2819.9150
453	2628856.6490	1104653.7180	2817.0969
461	2628619.7490	1104532.2010	2784.5249
462	2628582.7000	1104516.2780	2777.7290
463	2628564.7570	1104513.4360	2769.6909
464	2628547.4390	1104535.1200	2753.9551
465	2628535.0601	1104534.2800	2746.2639
470	2628449.9260	1104622.8600	2669.9399
471	2628442.6460	1104630.6700	2666.2451
472	2628428.0460	1104663.1640	2643.2561
473	2628419.4390	1104670.1810	2637.4299
474	2628419.4390	1104670.1810	2637.4299
475	2628397.5690	1104723.0890	2596.3420
476	2628397.0090	1104733.5010	2587.8831
477	2628397.0090	1104733.5010	2587.8831
478	2628397.0090	1104733.5010	2587.8831
479	2628397.0090	1104733.5010	2587.8831
480	2628397.0090	1104733.5010	2587.8831
481	2628397.0090	1104733.5010	2587.8831
482	2628397.0090	1104733.5010	2587.8831
483	2628373.7550	1104923.7950	2462.9290
495	2628928.3020	1104699.3290	2817.1589
496	2628911.7180	1104697.6480	2815.0920
497	2628891.9130	1104689.6660	2812.1709
498	2628869.1720	1104677.4320	2808.3931
507	2628610.2209	1104552.3910	2768.6790
508	2628571.2209	1104533.1030	2763.5471
509	2628547.1340	1104535.9380	2753.6230
510	2628535.0601	1104534.2800	2746.2639
515	2628450.6790	1104625.4300	2669.7520
516	2628442.6460	1104630.6700	2666.2451
517	2628428.0460	1104663.1640	2643.2561
518	2628419.4390	1104670.1810	2637.4299
519	2628419.4390	1104670.1810	2637.4299
520	2628397.5690	1104723.0890	2596.3420
521	2628397.0090	1104733.5010	2587.8831
522	2628397.0090	1104733.5010	2587.8831
523	2628397.0090	1104733.5010	2587.8831
524	2628397.0090	1104733.5010	2587.8831
525	2628397.0090	1104733.5010	2587.8831
526	2628397.0090	1104733.5010	2587.8831
527	2628397.0090	1104733.5010	2587.8831
528	2628373.7550	1104923.7950	2462.9290
540	2628935.3550	1104712.6590	2807.3291
541	2628919.0190	1104711.9300	2805.7190
542	2628902.7990	1104711.2480	2803.3540
543	2628885.4780	1104707.5900	2801.2600
544	2628867.4659	1104704.9830	2799.1101
553	2628593.4850	1104564.3730	2751.2749
554	2628558.3920	1104551.7230	2746.5300
560	2628449.9260	1104622.8600	2669.9399
561	2628442.6460	1104630.6700	2666.2451
562	2628428.0460	1104663.1640	2643.2561
563	2628419.4390	1104670.1810	2637.4299
564	2628419.4390	1104670.1810	2637.4299
565	2628397.5690	1104723.0890	2596.3420
566	2628397.0090	1104733.5010	2587.8831
567	2628397.0090	1104733.5010	2587.8831
568	2628397.0090	1104733.5010	2587.8831
569	2628397.0090	1104733.5010	2587.8831
570	2628397.0090	1104733.5010	2587.8831
571	2628397.0090	1104733.5010	2587.8831
572	2628397.0090	1104733.5010	2587.8831
573	2628373.7550	1104923.7950	2462.9290
585	2628933.6530	1104721.3900	2801.0249
586	2628928.2190	1104729.5090	2797.6030
587	2628914.2430	1104731.8800	2795.3860
588	2628898.1331	1104731.0860	2793.3511
589	2628879.5350	1104725.2310	2790.3301
590	2628859.5240	1104720.2490	2787.3530
600	2628546.2080	1104570.7730	2730.7080
605	2628449.9260	1104622.8600	2669.9399
606	2628442.6460	1104630.6700	2666.2451
607	2628427.0890	1104662.7620	2642.6919
608	2628419.4390	1104670.1810	2637.4299
609	2628419.4390	1104670.1810	2637.4299
610	2628397.5690	1104723.0890	2596.3420
611	2628397.0090	1104733.5010	2587.8831
612	2628397.0090	1104733.5010	2587.8831
613	2628397.0090	1104733.5010	2587.8831
614	2628397.0090	1104733.5010	2587.8831
615	2628397.0090	1104733.5010	2587.8831
616	2628397.0090	1104733.5010	2587.8831
617	2628397.0090	1104733.5010	2587.8831
618	2628373.7550	1104923.7950	2462.9290
630	2628933.6530	1104721.3900	2801.0249
631	2628928.2190	1104729.5090	2797.6030
632	2628918.0660	1104744.9280	2788.8970
633	2628908.0081	1104748.2480	2785.1450
634	2628888.6660	1104741.7930	2782.3440
635	2628870.0590	1104737.3360	2778.5569
636	2628847.1600	1104726.9240	2774.1960
637	2628818.9640	1104708.9670	2767.8879
646	2628532.8760	1104586.5590	2714.6050
650	2628451.4919	1104622.2110	2670.6990
651	2628442.6460	1104630.6700	2666.2451
652	2628427.0890	1104662.7620	2642.6919
653	2628419.4390	1104670.1810	2637.4299
654	2628419.4390	1104670.1810	2637.4299
655	2628397.8390	1104723.8880	2595.6021
656	2628397.0090	1104733.5010	2587.8831
657	2628397.0090	1104733.5010	2587.8831
658	2628397.0090	1104733.5010	2587.8831
659	2628397.0090	1104733.5010	2587.8831
660	2628397.0090	1104733.5010	2587.8831
661	2628397.0090	1104733.5010	2587.8831
662	2628397.0090	1104733.5010	2587.8831
663	2628373.7550	1104923.7950	2462.9290
675	2628933.6530	1104721.3900	2801.0249
676	2628919.9340	1104742.1320	2790.7839
677	2628919.3600	1104742.9070	2790.3140
678	2628911.2760	1104754.9430	2781.6379
679	2628899.5480	1104761.6860	2773.9390
680	2628878.6410	1104750.9080	2769.5779
681	2628857.9449	1104745.0920	2765.6980
682	2628832.7660	1104729.8050	2760.7080
683	2628810.5170	1104723.0230	2755.4609
692	2628521.6331	1104605.6410	2699.0891
694	2628461.7590	1104604.1890	2677.7629
695	2628450.2460	1104623.7590	2669.9170
696	2628442.6460	1104630.6700	2666.2451
697	2628427.0890	1104662.7620	2642.6919
698	2628419.4390	1104670.1810	2637.4299
699	2628419.4390	1104670.1810	2637.4299
700	2628399.4920	1104728.3710	2591.7991
701	2628397.0090	1104733.5010	2587.8831
702	2628397.0090	1104733.5010	2587.8831
703	2628397.0090	1104733.5010	2587.8831
704	2628397.0090	1104733.5010	2587.8831
705	2628397.0090	1104733.5010	2587.8831
706	2628397.0090	1104733.5010	2587.8831
707	2628397.0090	1104733.5010	2587.8831
708	2628373.7550	1104923.7950	2462.9290
720	2628933.6530	1104721.3900	2801.0249
721	2628919.9340	1104742.1320	2790.7839
722	2628918.0660	1104744.9280	2788.8970
723	2628911.0270	1104755.5160	2781.0620
724	2628903.0820	1104767.5260	2772.2170
725	2628889.3530	1104768.8160	2762.7781
726	2628866.8110	1104758.2820	2756.9299
727	2628844.8160	1104749.6640	2752.1221
729	2628798.2280	1104731.9420	2742.7019
730	2628776.9980	1104729.0520	2738.8960
738	2628514.8380	1104630.9490	2682.8540
739	2628486.0870	1104630.0250	2678.5100
740	2628450.5770	1104622.9660	2670.1699
741	2628442.6460	1104630.6700	2666.2451
742	2628428.0460	1104663.1640	2643.2561
743	2628419.4390	1104670.1810	2637.4299
744	2628419.4390	1104670.1810	2637.4299
745	2628399.4230	1104728.8270	2591.4570
746	2628397.0090	1104733.5010	2587.8831
747	2628397.0090	1104733.5010	2587.8831
748	2628397.0090	1104733.5010	2587.8831
749	2628397.0090	1104733.5010	2587.8831
750	2628397.0090	1104733.5010	2587.8831
751	2628397.0090	1104733.5010	2587.8831
752	2628397.0090	1104733.5010	2587.8831
753	2628373.7550	1104923.7950	2462.9290
765	2628919.9340	1104742.1320	2790.7839
766	2628919.9340	1104742.1320	2790.7839
767	2628919.3600	1104742.9070	2790.3140
768	2628911.0270	1104755.5160	2781.0620
769	2628903.1790	1104767.4320	2772.3159
770	2628892.0240	1104784.2720	2755.2910
771	2628879.6899	1104778.3880	2751.0691
772	2628856.1510	1104767.8010	2744.4500
773	2628834.6300	1104760.5100	2739.8721
775	2628788.5890	1104745.4880	2730.1851
776	2628764.8770	1104738.7480	2725.8359
784	2628504.1500	1104650.0110	2668.5720
785	2628477.2250	1104653.1370	2663.9121
786	2628439.6880	1104644.3710	2657.0879
787	2628428.0460	1104663.1640	2643.2561
788	2628419.4390	1104670.1810	2637.4299
789	2628419.4390	1104670.1810	2637.4299
790	2628399.4230	1104728.8270	2591.4570
791	2628397.0090	1104733.5010	2587.8831
792	2628397.0090	1104733.5010	2587.8831
793	2628397.0090	1104733.5010	2587.8831
794	2628397.0090	1104733.5010	2587.8831
795	2628397.0090	1104733.5010	2587.8831
796	2628397.0090	1104733.5010	2587.8831
797	2628397.0090	1104733.5010	2587.8831
798	2628373.7550	1104923.7950	2462.9290
810	2628919.9340	1104742.1320	2790.7839
811	2628919.9340	1104742.1320	2790.7839
812	2628919.3600	1104742.9070	2790.3140
813	2628911.2760	1104754.9430	2781.6379
814	2628903.2120	1104767.3000	2772.3889
815	2628895.2590	1104779.3400	2760.2939
816	2628886.5560	1104792.5670	2749.3889
817	2628872.1240	1104794.1480	2739.5630
822	2628751.2939	1104748.9430	2711.8411
830	2628499.6130	1104673.9850	2654.1599
831	2628472.7440	1104679.4430	2651.2759
832	2628406.4900	1104641.2390	2633.2410
833	2628416.5890	1104684.8570	2630.6030
834	2628405.4650	1104704.8690	2616.7410
835	2628399.4230	1104728.8270	2591.4570
836	2628397.0090	1104733.5010	2587.8831
837	2628397.0090	1104733.5010	2587.8831
838	2628397.0090	1104733.5010	2587.8831
839	2628397.0090	1104733.5010	2587.8831
840	2628397.0090	1104733.5010	2587.8831
841	2628397.0090	1104733.5010	2587.8831
842	2628397.0090	1104733.5010	2587.8831
843	2628373.7550	1104923.7950	2462.9290
855	2628919.9340	1104742.1320	2790.7839
856	2628919.9340	1104742.1320	2790.7839
857	2628919.3600	1104742.9070	2790.3140
858	2628911.2760	1104754.9430	2781.6379
859	2628903.1790	1104767.4320	2772.3159
860	2628894.8781	1104779.9900	2759.6431
861	2628886.5560	1104792.5670	2749.3889
862	2628875.3070	1104809.4650	2737.2881
863	2628867.2810	1104814.3480	2730.9641
868	2628745.1530	1104768.3100	2698.9829
876	2628490.4290	1104697.8990	2640.2170
877	2628462.2590	1104700.0670	2635.9451
878	2628427.7800	1104694.7030	2627.2209
879	2628404.9130	1104704.0480	2617.0000
880	2628411.0960	1104693.8000	2623.2490
881	2628397.0090	1104733.5010	2587.8831
882	2628397.0090	1104733.5010	2587.8831
883	2628397.0090	1104733.5010	2587.8831
884	2628397.0090	1104733.5010	2587.8831
885	2628397.0090	1104733.5010	2587.8831
886	2628397.0090	1104733.5010	2587.8831
887	2628397.0090	1104733.5010	2587.8831
888	2628373.7550	1104923.7950	2462.9290
900	2628919.9340	1104742.1320	2790.7839
901	2628919.9340	1104742.1320	2790.7839
902	2628919.3600	1104742.9070	2790.3140
903	2628911.2760	1104754.9430	2781.6379
904	2628903.2120	1104767.3000	2772.3889
905	2628894.8781	1104779.9900	2759.6431
906	2628886.0350	1104792.1090	2749.1851
907	2628875.3070	1104809.4650	2737.2881
908	2628863.7581	1104826.9930	2721.5310
909	2628858.6560	1104825.5570	2719.0530
914	2628736.7860	1104784.8830	2687.9209
922	2628485.0920	1104720.8280	2625.4729
923	2628451.9500	1104718.7090	2619.5720
924	2628412.8530	1104712.0800	2610.5029
925	2628397.5930	1104713.2400	2607.6060
926	2628397.0090	1104733.5010	2587.8831
927	2628397.0090	1104733.5010	2587.8831
928	2628397.6170	1104771.8390	2564.6440
929	2628397.0090	1104733.5010	2587.8831
930	2628397.0090	1104733.5010	2587.8831
931	2628397.0090	1104733.5010	2587.8831
932	2628397.0090	1104733.5010	2587.8831
933	2628373.7550	1104923.7950	2462.9290
945	2628919.9340	1104742.1320	2790.7839
946	2628919.9340	1104742.1320	2790.7839
947	2628919.1050	1104743.3490	2790.1770
948	2628911.0270	1104755.5160	2781.0620
949	2628903.1790	1104767.4320	2772.3159
950	2628895.0140	1104779.7380	2759.8879
951	2628886.5560	1104792.5670	2749.3889
952	2628875.3070	1104809.4650	2737.2881
953	2628870.0940	1104817.2800	2732.6709
954	2628854.4000	1104837.7630	2710.4399
955	2628849.9771	1104835.6070	2708.0549
960	2628730.4240	1104801.8890	2675.9819
968	2628468.0790	1104735.0770	2609.0129
969	2628444.7500	1104741.0960	2604.9250
970	2628397.7450	1104725.2960	2593.3201
971	2628397.0090	1104733.5010	2587.8831
972	2628397.6170	1104771.8390	2564.6440
973	2628397.6170	1104771.8390	2564.6440
975	2628397.0090	1104733.5010	2587.8831
976	2628397.0090	1104733.5010	2587.8831
978	2628373.7550	1104923.7950	2462.9290
990	2628933.6530	1104721.3900	2801.0249
991	2628928.4420	1104729.1550	2797.9961
992	2628919.3600	1104742.9070	2790.3140
993	2628911.2760	1104754.9430	2781.6379
994	2628902.9580	1104767.7250	2772.1179
995	2628895.1410	1104779.5910	2760.0359
996	2628886.5560	1104792.5670	2749.3889
997	2628875.3070	1104809.4650	2737.2881
998	2628854.4000	1104837.7630	2710.4399
999	2628854.4000	1104837.7630	2710.4399
1000	2628851.2740	1104839.5820	2707.7900
1001	2628840.7159	1104847.6500	2697.4331
1006	2628722.0690	1104817.4940	2664.3311
1014	2628459.7380	1104755.7880	2594.9570
1015	2628429.2870	1104756.9700	2589.3210
1016	2628401.7340	1104760.5640	2576.7639
1017	2628397.6170	1104771.8390	2564.6440
1018	2628397.6170	1104771.8390	2564.6440
1021	2628395.0530	1104891.6630	2492.6470
1022	2628390.6710	1104891.0020	2490.0710
1023	2628390.6710	1104891.0020	2490.0710
1024	2628390.6710	1104891.0020	2490.0710
1035	2628933.6530	1104721.3900	2801.0249
1036	2628928.6290	1104728.9960	2798.0959
1037	2628919.3600	1104742.9070	2790.3140
1038	2628911.2760	1104754.9430	2781.6379
1039	2628903.4720	1104766.9960	2772.8440
1040	2628895.0140	1104779.7380	2759.8879
1041	2628854.4000	1104837.7630	2710.4399
1042	2628854.4000	1104837.7630	2710.4399
1043	2628854.4000	1104837.7630	2710.4399
1044	2628854.4000	1104837.7630	2710.4399
1045	2628851.5510	1104840.0040	2707.9409
1046	2628840.7159	1104847.6500	2697.4331
1047	2628834.3051	1104863.7050	2691.0879
1052	2628712.1180	1104831.3940	2650.9319
1053	2628690.8290	1104831.3680	2646.2671
1060	2628443.4500	1104770.5600	2578.6060
1061	2628417.3270	1104775.1170	2570.2129
1062	2628397.6170	1104771.8390	2564.6440
1063	2628397.6170	1104771.8390	2564.6440
1065	2628396.5930	1104770.0420	2565.6150
1066	2628396.6640	1104770.5570	2565.4341
1067	2628390.6710	1104891.0020	2490.0710
1068	2628390.6710	1104891.0020	2490.0710
1069	2628390.6710	1104891.0020	2490.0710
1080	2628933.6530	1104721.3900	2801.0249
1081	2628928.2190	1104729.5090	2797.6030
1082	2628919.3600	1104742.9070	2790.3140
1083	2628911.2760	1104754.9430	2781.6379
1084	2628854.4000	1104837.7630	2710.4399
1085	2628854.4000	1104837.7630	2710.4399
1086	2628854.4000	1104837.7630	2710.4399
1087	2628854.4000	1104837.7630	2710.4399
1088	2628854.4000	1104837.7630	2710.4399
1089	2628854.4000	1104837.7630	2710.4399
1090	2628852.1760	1104841.1220	2708.1970
1091	2628840.7159	1104847.6500	2697.4331
1094	2628817.1021	1104888.6200	2675.0701
1098	2628700.9980	1104844.5710	2638.5300
1099	2628680.2540	1104845.2120	2633.3110
1100	2628648.6810	1104836.9680	2623.8701
1106	2628440.1190	1104793.8390	2564.5610
1107	2628387.5130	1104777.2950	2547.7251
1108	2628387.2690	1104777.5810	2547.3440
1111	2628395.0530	1104891.6630	2492.6470
1112	2628390.6710	1104891.0020	2490.0710
1113	2628390.6710	1104891.0020	2490.0710
1114	2628390.6710	1104891.0020	2490.0710
1125	2628933.6530	1104721.3900	2801.0249
1126	2628928.4420	1104729.1550	2797.9961
1127	2628854.4000	1104837.7630	2710.4399
1128	2628854.4000	1104837.7630	2710.4399
1129	2628854.4000	1104837.7630	2710.4399
1130	2628854.4000	1104837.7630	2710.4399
1131	2628854.4000	1104837.7630	2710.4399
1132	2628854.4000	1104837.7630	2710.4399
1133	2628854.4000	1104837.7630	2710.4399
1134	2628854.4000	1104837.7630	2710.4399
1139	2628815.2980	1104888.5820	2673.1760
1140	2628799.8560	1104890.5070	2660.7600
1144	2628691.6200	1104858.2210	2626.3350
1145	2628666.6460	1104856.4390	2619.1240
1146	2628640.9720	1104854.5490	2611.9890
1147	2628613.0940	1104850.9870	2604.5879
1151	2628460.9700	1104812.7980	2557.5901
1152	2628430.8850	1104814.7920	2550.5190
1156	2628395.0530	1104891.6630	2492.6470
1157	2628390.6710	1104891.0020	2490.0710
1158	2628390.6710	1104891.0020	2490.0710
1159	2628390.6710	1104891.0020	2490.0710
1170	2628932.5129	1104722.4190	2800.6831
1171	2628854.4000	1104837.7630	2710.4399
1172	2628854.4000	1104837.7630	2710.4399
1173	2628854.4000	1104837.7630	2710.4399
1174	2628854.4000	1104837.7630	2710.4399
1175	2628854.4000	1104837.7630	2710.4399
1176	2628854.4000	1104837.7630	2710.4399
1177	2628854.4000	1104837.7630	2710.4399
1178	2628854.4000	1104837.7630	2710.4399
1179	2628854.4000	1104837.7630	2710.4399
1184	2628809.6689	1104908.7190	2658.1160
1185	2628809.6689	1104908.7190	2658.1160
1186	2628789.7010	1104899.5720	2647.7480
1187	2628767.5291	1104896.4790	2640.7529
1190	2628684.2590	1104874.1870	2614.0510
1191	2628657.2240	1104870.7030	2605.5371
1192	2628633.7271	1104870.6530	2600.0610
1197	2628449.9120	1104832.5510	2542.5559
1198	2628407.2310	1104823.3680	2529.7539
1203	2628390.6710	1104891.0020	2490.0710
1204	2628390.6710	1104891.0020	2490.0710
1215	2628933.6530	1104721.3900	2801.0249
1216	2628854.4000	1104837.7630	2710.4399
1217	2628854.4000	1104837.7630	2710.4399
1218	2628854.4000	1104837.7630	2710.4399
1219	2628854.4000	1104837.7630	2710.4399
1220	2628854.4000	1104837.7630	2710.4399
1221	2628854.4000	1104837.7630	2710.4399
1222	2628854.4000	1104837.7630	2710.4399
1223	2628854.4000	1104837.7630	2710.4399
1229	2628815.2980	1104888.5820	2673.1760
1230	2628810.2419	1104907.7860	2659.1960
1231	2628802.1030	1104920.1440	2646.3540
1232	2628773.9570	1104904.6170	2632.5500
1237	2628647.1021	1104884.1180	2592.7939
1238	2628622.1040	1104885.4540	2585.9580
1240	2628548.7321	1104874.3010	2559.8821
1241	2628517.1429	1104873.9500	2550.3789
1242	2628477.6169	1104857.2730	2539.9050
1243	2628443.3590	1104853.5620	2530.4060
1244	2628401.8340	1104845.4310	2516.5471
1247	2628390.6710	1104891.0020	2490.0710
1248	2628390.6710	1104891.0020	2490.0710
1249	2628390.6710	1104891.0020	2490.0710
1260	2628854.4000	1104837.7630	2710.4399
1261	2628854.4000	1104837.7630	2710.4399
1262	2628854.4000	1104837.7630	2710.4399
1263	2628854.4000	1104837.7630	2710.4399
1264	2628854.4000	1104837.7630	2710.4399
1265	2628854.4000	1104837.7630	2710.4399
1266	2628854.4000	1104837.7630	2710.4399
1267	2628854.4000	1104837.7630	2710.4399
1268	2628854.4000	1104837.7630	2710.4399
1274	2628815.2980	1104888.5820	2673.1760
1275	2628799.3700	1104922.8150	2642.4641
1276	2628799.3700	1104922.8150	2642.4641
1277	2628795.2040	1104930.5410	2636.0891
1278	2628767.6650	1104919.8590	2621.5610
1284	2628614.1890	1104901.1840	2572.3950
1286	2628541.3330	1104894.6620	2547.3279
1287	2628517.5970	1104897.3050	2542.8831
1288	2628477.9460	1104883.3750	2530.4871
1289	2628446.4871	1104880.4070	2522.5769
1291	2628395.0530	1104891.6630	2492.6470
1292	2628390.6710	1104891.0020	2490.0710
1293	2628390.6710	1104891.0020	2490.0710
1305	2628854.4000	1104837.7630	2710.4399
1306	2628854.4000	1104837.7630	2710.4399
1307	2628854.4000	1104837.7630	2710.4399
1308	2628854.4000	1104837.7630	2710.4399
1309	2628854.4000	1104837.7630	2710.4399
1310	2628854.4000	1104837.7630	2710.4399
1311	2628854.4000	1104837.7630	2710.4399
1312	2628854.4000	1104837.7630	2710.4399
1313	2628854.4000	1104837.7630	2710.4399
1319	2628815.2980	1104888.5820	2673.1760
1320	2628799.3700	1104922.8150	2642.4641
1321	2628799.3700	1104922.8150	2642.4641
1322	2628795.2040	1104930.5410	2636.0891
1323	2628785.1270	1104944.9160	2622.8120
1324	2628759.2920	1104933.0380	2610.9541
1330	2628606.5610	1104916.3590	2561.2910
1332	2628540.2150	1104915.4500	2537.0449
1333	2628519.3719	1104921.8140	2533.3330
1334	2628472.0010	1104909.4330	2516.6121
1335	2628438.0690	1104899.7550	2508.8840
1336	2628395.0530	1104891.6630	2492.6470
1338	2628373.7550	1104923.7950	2462.9290
1350	2628854.4000	1104837.7630	2710.4399
1351	2628854.4000	1104837.7630	2710.4399
1352	2628854.4000	1104837.7630	2710.4399
1353	2628854.4000	1104837.7630	2710.4399
1354	2628854.4000	1104837.7630	2710.4399
1355	2628854.4000	1104837.7630	2710.4399
1356	2628854.4000	1104837.7630	2710.4399
1357	2628854.4000	1104837.7630	2710.4399
1364	2628815.2980	1104888.5820	2673.1760
1365	2628799.3700	1104922.8150	2642.4641
1366	2628799.3700	1104922.8150	2642.4641
1367	2628795.2040	1104930.5410	2636.0891
1368	2628785.1270	1104944.9160	2622.8120
1369	2628777.4340	1104957.4500	2613.1531
1370	2628754.8480	1104949.9770	2601.6680
1376	2628596.7040	1104932.2550	2549.4500
1378	2628529.5510	1104929.2410	2524.1941
1379	2628504.1460	1104934.0640	2517.6121
1380	2628472.1470	1104932.7260	2506.9380
1381	2628428.3510	1104917.7130	2494.1311
1383	2628373.7550	1104923.7950	2462.9290
1395	2628854.4000	1104837.7630	2710.4399
1396	2628854.4000	1104837.7630	2710.4399
1397	2628854.4000	1104837.7630	2710.4399
1398	2628854.4000	1104837.7630	2710.4399
1399	2628854.4000	1104837.7630	2710.4399
1400	2628854.4000	1104837.7630	2710.4399
1401	2628854.4000	1104837.7630	2710.4399
1402	2628854.4000	1104837.7630	2710.4399
1409	2628815.2980	1104888.5820	2673.1760
1410	2628799.3700	1104922.8150	2642.4641
1411	2628799.3700	1104922.8150	2642.4641
1412	2628795.2040	1104930.5410	2636.0891
1413	2628785.1270	1104944.9160	2622.8120
1414	2628779.0341	1104954.9560	2615.2200
1415	2628770.7629	1104967.4910	2606.1399
1416	2628745.1510	1104961.8890	2589.8550
1422	2628588.2660	1104948.1590	2535.7351
1423	2628564.3260	1104950.1670	2529.5129
1424	2628527.6890	1104951.3530	2516.2070
1425	2628499.4700	1104953.4040	2507.0471
1426	2628460.4750	1104945.9220	2492.3420
1427	2628414.7850	1104932.9430	2478.4529
1428	2628367.9590	1104924.6760	2458.4131
1437	2628236.8170	1105065.8950	2338.4060
1438	2628232.6740	1105083.3480	2325.9050
1440	2628854.4000	1104837.7630	2710.4399
1441	2628854.4000	1104837.7630	2710.4399
1442	2628854.4000	1104837.7630	2710.4399
1443	2628854.4000	1104837.7630	2710.4399
1444	2628854.4000	1104837.7630	2710.4399
1445	2628854.4000	1104837.7630	2710.4399
1446	2628854.4000	1104837.7630	2710.4399
1454	2628815.2980	1104888.5820	2673.1760
1455	2628810.2419	1104907.7860	2659.1960
1456	2628799.3700	1104922.8150	2642.4641
1457	2628795.2040	1104930.5410	2636.0891
1458	2628780.2690	1104951.1860	2617.5720
1459	2628778.8590	1104955.2710	2614.9619
1460	2628763.7440	1104977.9470	2596.0569
1461	2628762.4310	1104979.8610	2593.5649
1462	2628738.5420	1104975.9200	2579.7141
1468	2628583.5680	1104967.0310	2525.8279
1469	2628557.6200	1104968.9540	2519.8611
1470	2628533.8920	1104973.8100	2511.0010
1471	2628493.8870	1104972.6990	2496.8240
1472	2628458.3300	1104968.8820	2482.7119
1473	2628402.3000	1104949.2180	2462.9131
1481	2628241.9180	1105048.1450	2348.5210
1482	2628236.8170	1105065.8950	2338.4060
1483	2628232.6740	1105083.3480	2325.9050
1484	2628223.7080	1105109.5700	2304.2971
1485	2628854.4000	1104837.7630	2710.4399
1486	2628854.4000	1104837.7630	2710.4399
1487	2628854.4000	1104837.7630	2710.4399
1488	2628854.4000	1104837.7630	2710.4399
1489	2628854.4000	1104837.7630	2710.4399
1490	2628854.4000	1104837.7630	2710.4399
1491	2628854.4000	1104837.7630	2710.4399
1499	2628815.2980	1104888.5820	2673.1760
1500	2628799.3700	1104922.8150	2642.4641
1501	2628799.3700	1104922.8150	2642.4641
1502	2628795.2040	1104930.5410	2636.0891
1503	2628785.1270	1104944.9160	2622.8120
1504	2628778.8550	1104955.2190	2614.9980
1505	2628763.7440	1104977.9470	2596.0569
1506	2628757.0320	1104988.2800	2585.6360
1507	2628752.9020	1104994.4690	2579.9529
1514	2628578.2610	1104986.0880	2516.4260
1515	2628558.0179	1104992.9570	2510.3521
1516	2628523.7720	1104989.0550	2498.2490
1517	2628494.7640	1104996.2810	2487.4561
1518	2628446.5120	1104983.2710	2468.8860
1519	2628388.4220	1104965.6650	2446.9741
1520	2628351.2450	1104965.7690	2433.5371
1525	2628250.0730	1105028.7780	2354.4880
1526	2628241.9180	1105048.1450	2348.5210
1527	2628236.8170	1105065.8950	2338.4060
1528	2628232.6740	1105083.3480	2325.9050
1529	2628223.7840	1105108.8260	2304.8799
1530	2628854.4000	1104837.7630	2710.4399
1531	2628854.4000	1104837.7630	2710.4399
1532	2628854.4000	1104837.7630	2710.4399
1533	2628854.4000	1104837.7630	2710.4399
1534	2628854.4000	1104837.7630	2710.4399
1535	2628854.4000	1104837.7630	2710.4399
1544	2628815.2980	1104888.5820	2673.1760
1545	2628799.3700	1104922.8150	2642.4641
1546	2628799.3700	1104922.8150	2642.4641
1547	2628795.2040	1104930.5410	2636.0891
1548	2628780.2690	1104951.1860	2617.5720
1549	2628778.8550	1104955.2190	2614.9980
1550	2628763.7440	1104977.9470	2596.0569
1551	2628761.9910	1104980.4120	2592.9619
1552	2628747.6160	1105002.5070	2572.6851
1553	2628745.7750	1105005.2870	2570.0171
1559	2628587.0040	1104992.8660	2507.0029
1560	2628575.4940	1105004.9060	2507.5950
1561	2628554.1331	1105010.9520	2500.6851
1562	2628514.0050	1105003.9760	2485.7700
1563	2628485.7910	1105008.5430	2475.0649
1564	2628437.9280	1104999.9370	2457.2041
1565	2628374.9420	1104981.0540	2429.0549
1570	2628250.2330	1105029.6510	2354.7009
1571	2628241.6140	1105048.7450	2348.3040
1572	2628236.8170	1105065.8950	2338.4060
1573	2628234.4100	1105085.5820	2325.7610
1574	2628223.3870	1105109.9530	2304.2351
1575	2628854.4000	1104837.7630	2710.4399
1576	2628854.4000	1104837.7630	2710.4399
1577	2628854.4000	1104837.7630	2710.4399
1578	2628854.4000	1104837.7630	2710.4399
1579	2628854.4000	1104837.7630	2710.4399
1580	2628854.4000	1104837.7630	2710.4399
1589	2628815.2980	1104888.5820	2673.1760
1590	2628799.3700	1104922.8150	2642.4641
1591	2628799.3700	1104922.8150	2642.4641
1592	2628795.2040	1104930.5410	2636.0891
1593	2628785.1270	1104944.9160	2622.8120
1594	2628779.0341	1104954.9560	2615.2200
1595	2628763.7440	1104977.9470	2596.0569
1596	2628762.4310	1104979.8610	2593.5649
1597	2628747.6160	1105002.5070	2572.6851
1598	2628745.7750	1105005.2870	2570.0171
1599	2628735.3580	1105015.1150	2559.0200
1602	2628711.6530	1105052.6830	2557.7261
1605	2628579.4070	1105009.2500	2495.3069
1606	2628562.9360	1105018.6120	2493.9810
1607	2628545.7650	1105026.0030	2489.7129
1608	2628504.8090	1105020.0730	2472.4480
1609	2628469.6030	1105020.4780	2459.5471
1610	2628431.6550	1105017.7850	2445.6570
1615	2628250.0730	1105028.7780	2354.4880
1616	2628249.3550	1105033.6250	2354.8679
1617	2628236.8170	1105065.8950	2338.4060
1618	2628249.3550	1105033.6250	2354.8679
1619	2628223.3870	1105109.9530	2304.2351
1620	2628854.4000	1104837.7630	2710.4399
1621	2628854.4000	1104837.7630	2710.4399
1622	2628854.4000	1104837.7630	2710.4399
1623	2628854.4000	1104837.7630	2710.4399
1624	2628854.4000	1104837.7630	2710.4399
1625	2628854.4000	1104837.7630	2710.4399
1634	2628815.2980	1104888.5820	2673.1760
1635	2628799.3700	1104922.8150	2642.4641
1636	2628799.3700	1104922.8150	2642.4641
1637	2628795.2040	1104930.5410	2636.0891
1638	2628785.1270	1104944.9160	2622.8120
1639	2628763.7440	1104977.9470	2596.0569
1640	2628763.7440	1104977.9470	2596.0569
1641	2628761.9910	1104980.4120	2592.9619
1642	2628753.8240	1104993.1140	2581.3301
1643	2628745.7430	1105005.3240	2569.9919
1645	2628722.4690	1105025.0030	2548.0281
1651	2628572.5730	1105024.6060	2484.9561
1652	2628554.0040	1105034.0160	2480.8521
1653	2628536.3580	1105041.8400	2476.9470
1654	2628488.0800	1105031.0980	2456.2871
1655	2628456.6710	1105034.3680	2445.9971
1656	2628420.4200	1105031.3590	2430.7339
1657	2628382.7530	1105031.8860	2416.2490
1660	2628250.3320	1105028.4530	2354.9170
1661	2628241.9180	1105048.1450	2348.5210
1662	2628236.8170	1105065.8950	2338.4060
1663	2628230.3680	1105086.9620	2321.4360
1664	2628224.6130	1105106.0680	2306.6440
1665	2628854.4000	1104837.7630	2710.4399
1666	2628854.4000	1104837.7630	2710.4399
1667	2628854.4000	1104837.7630	2710.4399
1668	2628854.4000	1104837.7630	2710.4399
1669	2628854.4000	1104837.7630	2710.4399
1679	2628815.2980	1104888.5820	2673.1760
1680	2628799.3700	1104922.8150	2642.4641
1681	2628799.3700	1104922.8150	2642.4641
1682	2628795.2040	1104930.5410	2636.0891
1683	2628785.1270	1104944.9160	2622.8120
1684	2628763.7440	1104977.9470	2596.0569
1685	2628763.7440	1104977.9470	2596.0569
1686	2628762.2380	1104980.3860	2593.0991
1687	2628753.2920	1104993.2110	2580.7981
1688	2628745.8831	1105005.1240	2570.2009
1697	2628565.3669	1105041.2460	2472.7500
1698	2628549.5430	1105051.2510	2470.8611
1699	2628525.5410	1105055.1920	2463.3899
1700	2628481.7190	1105046.6070	2444.2561
1701	2628452.3669	1105050.4360	2433.0449
1702	2628412.4290	1105049.2440	2418.0591
1705	2628260.9710	1105034.6770	2355.0271
1706	2628241.9180	1105048.1450	2348.5210
1707	2628235.6670	1105069.4780	2335.0850
1708	2628229.7990	1105088.3810	2319.9360
1709	2628224.6130	1105106.0680	2306.6440
1710	2628854.4000	1104837.7630	2710.4399
1711	2628854.4000	1104837.7630	2710.4399
1712	2628854.4000	1104837.7630	2710.4399
1713	2628854.4000	1104837.7630	2710.4399
1714	2628854.4000	1104837.7630	2710.4399
1724	2628815.2980	1104888.5820	2673.1760
1725	2628799.3700	1104922.8150	2642.4641
1726	2628799.3700	1104922.8150	2642.4641
1727	2628795.2040	1104930.5410	2636.0891
1728	2628785.1270	1104944.9160	2622.8120
1729	2628763.7440	1104977.9470	2596.0569
1730	2628763.7440	1104977.9470	2596.0569
1731	2628762.2380	1104980.3860	2593.0991
1743	2628558.4449	1105057.6600	2462.3269
1744	2628541.0551	1105065.9900	2459.3359
1745	2628515.6810	1105069.5500	2449.8870
1746	2628466.4460	1105061.0880	2428.2451
1747	2628438.9250	1105063.6750	2417.7141
1748	2628390.8700	1105060.8160	2399.4771
1751	2628256.0310	1105056.0720	2343.1189
1752	2628236.8170	1105065.8950	2338.4060
1753	2628229.7990	1105088.3810	2319.9360
1754	2628224.6130	1105106.0680	2306.6440
1755	2628854.4000	1104837.7630	2710.4399
1756	2628854.4000	1104837.7630	2710.4399
1757	2628854.4000	1104837.7630	2710.4399
1758	2628854.4000	1104837.7630	2710.4399
1769	2628815.2980	1104888.5820	2673.1760
1770	2628799.3700	1104922.8150	2642.4641
1771	2628799.3700	1104922.8150	2642.4641
1772	2628795.0570	1104930.7850	2635.9900
1773	2628785.1270	1104944.9160	2622.8120
1774	2628778.8550	1104955.2190	2614.9980
1775	2628763.7440	1104977.9470	2596.0569
1789	2628555.2040	1105074.8480	2453.8159
1790	2628534.1100	1105081.6210	2448.0601
1791	2628507.0950	1105084.4550	2437.9939
1792	2628460.4470	1105077.6990	2417.2830
1793	2628423.4189	1105078.6060	2401.0840
1794	2628376.5510	1105073.0730	2381.4260
1797	2628247.7120	1105074.8510	2329.7300
1798	2628229.7990	1105088.3810	2319.9360
1799	2628224.6130	1105106.0680	2306.6440
1800	2628854.4000	1104837.7630	2710.4399
1801	2628854.4000	1104837.7630	2710.4399
1802	2628854.4000	1104837.7630	2710.4399
1803	2628854.4000	1104837.7630	2710.4399
1814	2628815.2980	1104888.5820	2673.1760
1815	2628799.3700	1104922.8150	2642.4641
1816	2628799.3700	1104922.8150	2642.4641
1817	2628795.2040	1104930.5410	2636.0891
1818	2628785.1270	1104944.9160	2622.8120
1819	2628763.7440	1104977.9470	2596.0569
1820	2628763.7440	1104977.9470	2596.0569
1835	2628547.8680	1105091.6760	2443.1990
1836	2628530.7520	1105099.3270	2439.0491
1837	2628497.2490	1105099.3920	2425.2971
1838	2628466.8860	1105102.4420	2413.4150
1839	2628407.4210	1105090.9270	2384.4890
1840	2628360.3050	1105087.0750	2363.7361
1842	2628269.6760	1105086.2000	2325.5591
1843	2628237.6860	1105093.7900	2314.6321
1844	2628224.6130	1105106.0680	2306.6440
1845	2628854.4000	1104837.7630	2710.4399
1846	2628854.4000	1104837.7630	2710.4399
1847	2628854.4000	1104837.7630	2710.4399
1860	2628799.3700	1104922.8150	2642.4641
1861	2628799.3700	1104922.8150	2642.4641
1864	2628763.7440	1104977.9470	2596.0569
1881	2628543.2740	1105107.5610	2433.1379
1882	2628524.5110	1105115.7030	2429.2710
1883	2628494.8719	1105117.6770	2416.8621
1884	2628460.1580	1105119.0890	2402.2930
1885	2628391.0970	1105103.8900	2367.0371
1888	2628259.0190	1105105.1100	2310.9180
1889	2628228.7940	1105113.1930	2302.0439
1890	2628854.4000	1104837.7630	2710.4399
1891	2628854.4000	1104837.7630	2710.4399
1892	2628854.4000	1104837.7630	2710.4399
1905	2628799.3700	1104922.8150	2642.4641
1909	2628763.7440	1104977.9470	2596.0569
1927	2628534.3590	1105122.0780	2420.8279
1928	2628517.4399	1105131.9450	2417.3049
1929	2628489.1750	1105134.5500	2406.4709
1930	2628451.9050	1105134.7110	2390.9939
1934	2628252.5080	1105124.2370	2297.4241
1935	2628854.4000	1104837.7630	2710.4399
1936	2628854.4000	1104837.7630	2710.4399
1937	2628854.4000	1104837.7630	2710.4399
1973	2628520.9611	1105133.9860	2406.6479
1974	2628510.6910	1105146.4300	2406.6841
1975	2628478.0490	1105147.9930	2392.7939
1976	2628454.3110	1105154.9870	2385.2151
1977	2628373.0940	1105137.0450	2341.0591
1980	2628854.4000	1104837.7630	2710.4399
1981	2628854.4000	1104837.7630	2710.4399
2019	2628517.0950	1105150.2760	2400.6709
2020	2628495.1071	1105157.4060	2391.0420
2021	2628465.6949	1105161.4350	2378.6560
2022	2628449.3149	1105172.1520	2374.9829
2023	2628380.0520	1105160.4360	2338.5959
