ID	X	Y	Z
10	2628632.1030	1104505.2820	2802.4541
11	2628632.1030	1104505.2820	2802.4541
12	2628632.1030	1104505.2820	2802.4541
13	2628632.1030	1104505.2820	2802.4541
14	2628564.7570	1104513.4360	2769.6909
15	2628564.7570	1104513.4360	2769.6909
16	2628564.7570	1104513.4360	2769.6909
17	2628564.7570	1104513.4360	2769.6909
18	2628564.7570	1104513.4360	2769.6909
19	2628564.7570	1104513.4360	2769.6909
20	2628564.7570	1104513.4360	2769.6909
21	2628564.7570	1104513.4360	2769.6909
22	2628426.0710	1104659.0340	2643.5779
23	2628419.4390	1104670.1810	2637.4299
24	2628419.4390	1104670.1810	2637.4299
25	2628397.8320	1104730.5600	2588.7900
26	2628397.0090	1104733.5010	2587.8831
27	2628397.0090	1104733.5010	2587.8831
28	2628397.0090	1104733.5010	2587.8831
29	2628397.0090	1104733.5010	2587.8831
30	2628397.0090	1104733.5010	2587.8831
31	2628397.0090	1104733.5010	2587.8831
32	2628397.0090	1104733.5010	2587.8831
33	2628373.7550	1104923.7950	2462.9290
55	2628632.1030	1104505.2820	2802.4541
56	2628632.1030	1104505.2820	2802.4541
57	2628632.1030	1104505.2820	2802.4541
58	2628632.1030	1104505.2820	2802.4541
59	2628632.1030	1104505.2820	2802.4541
60	2628564.7570	1104513.4360	2769.6909
61	2628564.7570	1104513.4360	2769.6909
62	2628564.7570	1104513.4360	2769.6909
63	2628564.7570	1104513.4360	2769.6909
64	2628564.7570	1104513.4360	2769.6909
65	2628564.7570	1104513.4360	2769.6909
66	2628564.7570	1104513.4360	2769.6909
67	2628428.0460	1104663.1640	2643.2561
68	2628419.4390	1104670.1810	2637.4299
69	2628419.4390	1104670.1810	2637.4299
70	2628395.9870	1104719.1620	2600.8081
71	2628397.0090	1104733.5010	2587.8831
72	2628397.0090	1104733.5010	2587.8831
73	2628397.0090	1104733.5010	2587.8831
74	2628397.0090	1104733.5010	2587.8831
75	2628397.0090	1104733.5010	2587.8831
76	2628397.0090	1104733.5010	2587.8831
77	2628397.0090	1104733.5010	2587.8831
78	2628364.7680	1104925.4030	2456.3010
100	2628632.1030	1104505.2820	2802.4541
101	2628632.1030	1104505.2820	2802.4541
102	2628632.1030	1104505.2820	2802.4541
103	2628632.1030	1104505.2820	2802.4541
104	2628564.7570	1104513.4360	2769.6909
105	2628564.7570	1104513.4360	2769.6909
106	2628564.7570	1104513.4360	2769.6909
107	2628564.7570	1104513.4360	2769.6909
108	2628564.7570	1104513.4360	2769.6909
109	2628564.7570	1104513.4360	2769.6909
110	2628564.7570	1104513.4360	2769.6909
111	2628564.7570	1104513.4360	2769.6909
112	2628427.0890	1104662.7620	2642.6919
113	2628419.4390	1104670.1810	2637.4299
114	2628419.4390	1104670.1810	2637.4299
115	2628397.8390	1104723.8880	2595.6021
116	2628397.0090	1104733.5010	2587.8831
117	2628397.0090	1104733.5010	2587.8831
118	2628397.0090	1104733.5010	2587.8831
119	2628397.0090	1104733.5010	2587.8831
120	2628397.0090	1104733.5010	2587.8831
121	2628397.0090	1104733.5010	2587.8831
122	2628397.0090	1104733.5010	2587.8831
123	2628373.7550	1104923.7950	2462.9290
145	2628632.1030	1104505.2820	2802.4541
146	2628632.1030	1104505.2820	2802.4541
147	2628632.1030	1104505.2820	2802.4541
148	2628632.1030	1104505.2820	2802.4541
149	2628564.7570	1104513.4360	2769.6909
150	2628564.7570	1104513.4360	2769.6909
151	2628564.7570	1104513.4360	2769.6909
152	2628564.7570	1104513.4360	2769.6909
153	2628564.7570	1104513.4360	2769.6909
155	2628564.7570	1104513.4360	2769.6909
156	2628442.6460	1104630.6700	2666.2451
157	2628427.0890	1104662.7620	2642.6919
158	2628419.4390	1104670.1810	2637.4299
159	2628419.4390	1104670.1810	2637.4299
160	2628395.9920	1104718.1020	2601.6851
161	2628397.0090	1104733.5010	2587.8831
162	2628397.0090	1104733.5010	2587.8831
163	2628397.0090	1104733.5010	2587.8831
164	2628397.0090	1104733.5010	2587.8831
165	2628397.0090	1104733.5010	2587.8831
166	2628397.0090	1104733.5010	2587.8831
167	2628397.0090	1104733.5010	2587.8831
168	2628373.7550	1104923.7950	2462.9290
190	2628632.1030	1104505.2820	2802.4541
191	2628632.1030	1104505.2820	2802.4541
192	2628632.1030	1104505.2820	2802.4541
193	2628564.7570	1104513.4360	2769.6909
194	2628564.7570	1104513.4360	2769.6909
195	2628564.7570	1104513.4360	2769.6909
196	2628564.7570	1104513.4360	2769.6909
197	2628564.7570	1104513.4360	2769.6909
198	2628564.7570	1104513.4360	2769.6909
200	2628564.7570	1104513.4360	2769.6909
201	2628442.6460	1104630.6700	2666.2451
202	2628427.0890	1104662.7620	2642.6919
203	2628419.4390	1104670.1810	2637.4299
204	2628419.4390	1104670.1810	2637.4299
205	2628399.4230	1104728.8270	2591.4570
206	2628397.0090	1104733.5010	2587.8831
207	2628397.0090	1104733.5010	2587.8831
208	2628397.0090	1104733.5010	2587.8831
209	2628397.0090	1104733.5010	2587.8831
210	2628397.0090	1104733.5010	2587.8831
211	2628397.0090	1104733.5010	2587.8831
212	2628397.0090	1104733.5010	2587.8831
213	2628373.7550	1104923.7950	2462.9290
214	2628362.3060	1104925.2070	2455.0610
235	2628632.1030	1104505.2820	2802.4541
236	2628632.1030	1104505.2820	2802.4541
237	2628632.1030	1104505.2820	2802.4541
238	2628564.7570	1104513.4360	2769.6909
239	2628564.7570	1104513.4360	2769.6909
240	2628564.7570	1104513.4360	2769.6909
241	2628564.7570	1104513.4360	2769.6909
242	2628564.7570	1104513.4360	2769.6909
245	2628450.2460	1104623.7590	2669.9170
246	2628442.6460	1104630.6700	2666.2451
247	2628428.0460	1104663.1640	2643.2561
248	2628419.4390	1104670.1810	2637.4299
249	2628419.4390	1104670.1810	2637.4299
250	2628399.4230	1104728.8270	2591.4570
251	2628397.0090	1104733.5010	2587.8831
252	2628397.0090	1104733.5010	2587.8831
253	2628397.0090	1104733.5010	2587.8831
254	2628397.0090	1104733.5010	2587.8831
255	2628397.0090	1104733.5010	2587.8831
256	2628397.0090	1104733.5010	2587.8831
257	2628397.0090	1104733.5010	2587.8831
258	2628397.0090	1104733.5010	2587.8831
280	2628632.1030	1104505.2820	2802.4541
281	2628632.1030	1104505.2820	2802.4541
282	2628581.9530	1104515.0390	2777.5691
283	2628564.7570	1104513.4360	2769.6909
284	2628564.7570	1104513.4360	2769.6909
285	2628564.7570	1104513.4360	2769.6909
286	2628564.7570	1104513.4360	2769.6909
287	2628564.7570	1104513.4360	2769.6909
290	2628450.2460	1104623.7590	2669.9170
291	2628442.6460	1104630.6700	2666.2451
292	2628427.0890	1104662.7620	2642.6919
293	2628419.4390	1104670.1810	2637.4299
294	2628419.4390	1104670.1810	2637.4299
295	2628399.4230	1104728.8270	2591.4570
296	2628397.0090	1104733.5010	2587.8831
297	2628397.0090	1104733.5010	2587.8831
298	2628397.0090	1104733.5010	2587.8831
299	2628397.0090	1104733.5010	2587.8831
300	2628397.0090	1104733.5010	2587.8831
301	2628397.0090	1104733.5010	2587.8831
302	2628397.0090	1104733.5010	2587.8831
303	2628373.7550	1104923.7950	2462.9290
325	2628632.1030	1104505.2820	2802.4541
326	2628632.1030	1104505.2820	2802.4541
327	2628585.1980	1104516.0390	2778.8479
328	2628564.7570	1104513.4360	2769.6909
329	2628564.7570	1104513.4360	2769.6909
330	2628564.7570	1104513.4360	2769.6909
331	2628564.7570	1104513.4360	2769.6909
335	2628450.6790	1104625.4300	2669.7520
336	2628442.6460	1104630.6700	2666.2451
337	2628427.0890	1104662.7620	2642.6919
338	2628419.4390	1104670.1810	2637.4299
339	2628419.4390	1104670.1810	2637.4299
340	2628399.4230	1104728.8270	2591.4570
341	2628397.0090	1104733.5010	2587.8831
342	2628397.0090	1104733.5010	2587.8831
343	2628397.0090	1104733.5010	2587.8831
344	2628397.0090	1104733.5010	2587.8831
345	2628397.0090	1104733.5010	2587.8831
346	2628397.0090	1104733.5010	2587.8831
347	2628397.0090	1104733.5010	2587.8831
348	2628373.7550	1104923.7950	2462.9290
370	2628632.1030	1104505.2820	2802.4541
371	2628604.5370	1104513.7250	2787.0500
372	2628582.3621	1104518.0070	2777.2649
373	2628564.7570	1104513.4360	2769.6909
374	2628564.7570	1104513.4360	2769.6909
375	2628535.0601	1104534.2800	2746.2639
380	2628450.2460	1104623.7590	2669.9170
381	2628442.6460	1104630.6700	2666.2451
382	2628427.0890	1104662.7620	2642.6919
383	2628419.4390	1104670.1810	2637.4299
384	2628419.4390	1104670.1810	2637.4299
385	2628399.4920	1104728.3710	2591.7991
386	2628397.0090	1104733.5010	2587.8831
387	2628397.0090	1104733.5010	2587.8831
388	2628397.0090	1104733.5010	2587.8831
389	2628397.0090	1104733.5010	2587.8831
390	2628397.0090	1104733.5010	2587.8831
391	2628397.0090	1104733.5010	2587.8831
392	2628397.0090	1104733.5010	2587.8831
393	2628373.7550	1104923.7950	2462.9290
405	2628901.1400	1104643.4080	2832.7561
415	2628628.5601	1104513.2680	2798.7151
417	2628581.9530	1104515.0390	2777.5691
418	2628564.7570	1104513.4360	2769.6909
419	2628564.7570	1104513.4360	2769.6909
420	2628535.0601	1104534.2800	2746.2639
425	2628449.9260	1104622.8600	2669.9399
426	2628442.6460	1104630.6700	2666.2451
427	2628427.0890	1104662.7620	2642.6919
428	2628419.4390	1104670.1810	2637.4299
429	2628419.4390	1104670.1810	2637.4299
430	2628397.5690	1104723.0890	2596.3420
431	2628397.0090	1104733.5010	2587.8831
432	2628397.0090	1104733.5010	2587.8831
433	2628397.0090	1104733.5010	2587.8831
434	2628397.0090	1104733.5010	2587.8831
435	2628397.0090	1104733.5010	2587.8831
436	2628397.0090	1104733.5010	2587.8831
437	2628397.0090	1104733.5010	2587.8831
438	2628373.7550	1104923.7950	2462.9290
450	2628918.5610	1104679.6550	2825.5190
451	2628895.3510	1104665.0530	2822.4009
452	2628876.4310	1104659.6500	2819.9150
453	2628856.6490	1104653.7180	2817.0969
461	2628619.9470	1104532.2580	2784.2100
462	2628582.7000	1104516.2780	2777.7290
463	2628565.9490	1104527.3640	2766.9331
464	2628547.1340	1104535.9380	2753.6230
465	2628535.0601	1104534.2800	2746.2639
470	2628450.2460	1104623.7590	2669.9170
471	2628442.6460	1104630.6700	2666.2451
472	2628427.0890	1104662.7620	2642.6919
473	2628419.4390	1104670.1810	2637.4299
474	2628419.4390	1104670.1810	2637.4299
475	2628397.5690	1104723.0890	2596.3420
476	2628397.0090	1104733.5010	2587.8831
477	2628397.0090	1104733.5010	2587.8831
478	2628397.0090	1104733.5010	2587.8831
479	2628397.0090	1104733.5010	2587.8831
480	2628397.0090	1104733.5010	2587.8831
481	2628397.0090	1104733.5010	2587.8831
482	2628397.0090	1104733.5010	2587.8831
483	2628373.7550	1104923.7950	2462.9290
495	2628928.4561	1104699.6230	2816.8069
496	2628911.8790	1104698.2090	2814.8391
497	2628892.6639	1104691.0700	2812.2209
498	2628869.3630	1104677.8270	2808.3240
507	2628610.2209	1104552.3910	2768.6790
508	2628571.2209	1104533.1030	2763.5471
509	2628547.1340	1104535.9380	2753.6230
510	2628535.0601	1104534.2800	2746.2639
515	2628450.1450	1104625.4090	2669.5229
516	2628442.6460	1104630.6700	2666.2451
517	2628428.0460	1104663.1640	2643.2561
518	2628419.4390	1104670.1810	2637.4299
519	2628419.4390	1104670.1810	2637.4299
520	2628399.4920	1104728.3710	2591.7991
521	2628397.0090	1104733.5010	2587.8831
522	2628397.0090	1104733.5010	2587.8831
523	2628397.0090	1104733.5010	2587.8831
524	2628397.0090	1104733.5010	2587.8831
525	2628397.0090	1104733.5010	2587.8831
526	2628397.0090	1104733.5010	2587.8831
527	2628397.0090	1104733.5010	2587.8831
528	2628373.7550	1104923.7950	2462.9290
540	2628935.7510	1104713.4570	2806.9451
541	2628919.4709	1104712.4710	2805.6780
542	2628902.9650	1104711.4880	2803.1741
543	2628885.4189	1104707.6030	2801.2219
544	2628868.2810	1104706.7650	2798.8081
545	2628846.9189	1104698.5170	2795.1331
554	2628559.0520	1104552.6070	2746.1990
560	2628450.2460	1104623.7590	2669.9170
561	2628442.6460	1104630.6700	2666.2451
562	2628427.0890	1104662.7620	2642.6919
563	2628419.4390	1104670.1810	2637.4299
564	2628419.4390	1104670.1810	2637.4299
565	2628397.5690	1104723.0890	2596.3420
566	2628397.0090	1104733.5010	2587.8831
567	2628397.0090	1104733.5010	2587.8831
568	2628397.0090	1104733.5010	2587.8831
569	2628397.0090	1104733.5010	2587.8831
570	2628397.0090	1104733.5010	2587.8831
571	2628397.0090	1104733.5010	2587.8831
572	2628397.0090	1104733.5010	2587.8831
573	2628373.7550	1104923.7950	2462.9290
585	2628933.6530	1104721.3900	2801.0249
586	2628928.2260	1104729.5960	2797.5300
587	2628914.2280	1104732.2880	2795.2639
588	2628898.3199	1104731.5070	2793.0859
589	2628879.3149	1104725.4110	2790.2300
590	2628859.2990	1104720.2130	2787.1790
600	2628545.8080	1104570.8270	2730.4709
605	2628450.2460	1104623.7590	2669.9170
606	2628442.6460	1104630.6700	2666.2451
607	2628427.0890	1104662.7620	2642.6919
608	2628419.4390	1104670.1810	2637.4299
609	2628419.4390	1104670.1810	2637.4299
610	2628397.8390	1104723.8880	2595.6021
611	2628397.0090	1104733.5010	2587.8831
612	2628397.0090	1104733.5010	2587.8831
613	2628397.0090	1104733.5010	2587.8831
614	2628397.0090	1104733.5010	2587.8831
615	2628397.0090	1104733.5010	2587.8831
616	2628397.0090	1104733.5010	2587.8831
617	2628397.0090	1104733.5010	2587.8831
618	2628373.7550	1104923.7950	2462.9290
630	2628933.6530	1104721.3900	2801.0249
631	2628928.2190	1104729.5090	2797.6030
632	2628918.0660	1104744.9280	2788.8970
633	2628907.7910	1104748.3500	2785.0320
634	2628888.9810	1104742.4230	2781.9839
635	2628870.0590	1104737.3360	2778.5569
636	2628846.5500	1104726.1600	2773.9409
637	2628818.9640	1104708.9670	2767.8879
638	2628799.9220	1104707.8810	2766.1321
646	2628533.3311	1104587.1530	2714.5400
650	2628451.4919	1104622.2110	2670.6990
651	2628442.6460	1104630.6700	2666.2451
652	2628427.0890	1104662.7620	2642.6919
653	2628419.4390	1104670.1810	2637.4299
654	2628419.4390	1104670.1810	2637.4299
655	2628399.4920	1104728.3710	2591.7991
656	2628397.0090	1104733.5010	2587.8831
657	2628397.0090	1104733.5010	2587.8831
658	2628397.0090	1104733.5010	2587.8831
659	2628397.0090	1104733.5010	2587.8831
660	2628397.0090	1104733.5010	2587.8831
661	2628397.0090	1104733.5010	2587.8831
662	2628397.0090	1104733.5010	2587.8831
663	2628373.7550	1104923.7950	2462.9290
675	2628933.6530	1104721.3900	2801.0249
676	2628919.9340	1104742.1320	2790.7839
677	2628919.3600	1104742.9070	2790.3140
678	2628911.2760	1104754.9430	2781.6379
679	2628899.2800	1104761.5310	2773.7759
680	2628878.5640	1104751.1310	2769.3579
681	2628857.9449	1104745.0920	2765.6980
682	2628831.4510	1104727.7900	2760.3921
683	2628810.3440	1104723.2600	2755.3860
692	2628522.3920	1104605.9800	2699.0510
694	2628461.7590	1104604.1890	2677.7629
695	2628450.2460	1104623.7590	2669.9170
696	2628442.6460	1104630.6700	2666.2451
697	2628427.0890	1104662.7620	2642.6919
698	2628419.4390	1104670.1810	2637.4299
699	2628419.4390	1104670.1810	2637.4299
700	2628399.4230	1104728.8270	2591.4570
701	2628397.0090	1104733.5010	2587.8831
702	2628397.0090	1104733.5010	2587.8831
703	2628397.0090	1104733.5010	2587.8831
704	2628397.0090	1104733.5010	2587.8831
705	2628397.0090	1104733.5010	2587.8831
706	2628397.0090	1104733.5010	2587.8831
707	2628397.0090	1104733.5010	2587.8831
708	2628373.7550	1104923.7950	2462.9290
720	2628933.6530	1104721.3900	2801.0249
721	2628919.9340	1104742.1320	2790.7839
722	2628918.0660	1104744.9280	2788.8970
723	2628911.0270	1104755.5160	2781.0620
724	2628903.0820	1104767.5260	2772.2170
725	2628889.4760	1104768.9550	2762.6331
726	2628866.9800	1104758.5740	2756.7749
727	2628844.5160	1104749.7780	2752.4480
729	2628798.2490	1104732.4610	2742.3860
730	2628777.3900	1104729.1480	2738.5471
738	2628515.2130	1104631.3570	2682.7371
739	2628485.7220	1104630.1760	2678.4141
740	2628449.9260	1104622.8600	2669.9399
741	2628430.4930	1104634.4800	2657.2070
742	2628427.0890	1104662.7620	2642.6919
743	2628419.4390	1104670.1810	2637.4299
744	2628419.4390	1104670.1810	2637.4299
745	2628399.4230	1104728.8270	2591.4570
746	2628397.0090	1104733.5010	2587.8831
747	2628397.0090	1104733.5010	2587.8831
748	2628397.0090	1104733.5010	2587.8831
749	2628397.0090	1104733.5010	2587.8831
750	2628397.0090	1104733.5010	2587.8831
751	2628397.0090	1104733.5010	2587.8831
752	2628397.0090	1104733.5010	2587.8831
753	2628373.7550	1104923.7950	2462.9290
765	2628919.9340	1104742.1320	2790.7839
766	2628919.9340	1104742.1320	2790.7839
767	2628919.3600	1104742.9070	2790.3140
768	2628911.0270	1104755.5160	2781.0620
769	2628903.1790	1104767.4320	2772.3159
770	2628892.0240	1104784.2720	2755.2910
771	2628879.4189	1104777.9900	2751.2600
772	2628855.7880	1104767.5490	2744.4451
773	2628834.6300	1104760.5100	2739.8721
775	2628788.1770	1104745.0650	2730.3979
776	2628764.7371	1104738.9490	2725.6150
784	2628504.0000	1104650.2610	2668.2029
785	2628477.2250	1104653.1370	2663.9121
786	2628439.1040	1104644.3330	2656.8220
787	2628427.0890	1104662.7620	2642.6919
788	2628419.4390	1104670.1810	2637.4299
789	2628419.4390	1104670.1810	2637.4299
790	2628399.4230	1104728.8270	2591.4570
791	2628397.0090	1104733.5010	2587.8831
792	2628397.0090	1104733.5010	2587.8831
793	2628397.0090	1104733.5010	2587.8831
794	2628397.0090	1104733.5010	2587.8831
795	2628397.0090	1104733.5010	2587.8831
796	2628397.0090	1104733.5010	2587.8831
797	2628397.0090	1104733.5010	2587.8831
798	2628373.7550	1104923.7950	2462.9290
810	2628919.9340	1104742.1320	2790.7839
811	2628919.9340	1104742.1320	2790.7839
812	2628919.3600	1104742.9070	2790.3140
813	2628911.2760	1104754.9430	2781.6379
814	2628903.1790	1104767.4320	2772.3159
815	2628895.1410	1104779.5910	2760.0359
816	2628886.5560	1104792.5670	2749.3889
817	2628871.4680	1104793.2480	2739.4419
822	2628751.3450	1104749.0970	2711.3899
830	2628499.6130	1104673.9850	2654.1599
831	2628472.1370	1104679.2720	2651.4861
832	2628437.4830	1104673.4940	2643.9209
833	2628416.5540	1104685.3950	2630.3459
834	2628404.9130	1104704.0480	2617.0000
835	2628396.8840	1104728.2020	2590.4819
836	2628397.0090	1104733.5010	2587.8831
837	2628397.0090	1104733.5010	2587.8831
838	2628397.0090	1104733.5010	2587.8831
839	2628397.0090	1104733.5010	2587.8831
840	2628397.0090	1104733.5010	2587.8831
841	2628397.0090	1104733.5010	2587.8831
842	2628397.0090	1104733.5010	2587.8831
843	2628367.7350	1104925.7970	2458.0540
855	2628919.9340	1104742.1320	2790.7839
856	2628919.9340	1104742.1320	2790.7839
857	2628919.3600	1104742.9070	2790.3140
858	2628911.2760	1104754.9430	2781.6379
859	2628903.0820	1104767.5260	2772.2170
860	2628894.4000	1104779.7810	2759.3789
861	2628886.5560	1104792.5670	2749.3889
862	2628875.3070	1104809.4650	2737.2881
863	2628867.4210	1104814.6160	2730.9060
868	2628745.1530	1104768.3100	2698.9829
876	2628491.5330	1104698.4870	2640.0769
877	2628461.5330	1104699.8810	2636.0359
878	2628427.7800	1104694.7030	2627.2209
879	2628404.9130	1104704.0480	2617.0000
880	2628410.8150	1104693.3930	2623.4761
881	2628397.0090	1104733.5010	2587.8831
882	2628397.0090	1104733.5010	2587.8831
883	2628397.0090	1104733.5010	2587.8831
884	2628397.0090	1104733.5010	2587.8831
885	2628397.0090	1104733.5010	2587.8831
886	2628397.0090	1104733.5010	2587.8831
887	2628397.0090	1104733.5010	2587.8831
888	2628373.7550	1104923.7950	2462.9290
900	2628919.9340	1104742.1320	2790.7839
901	2628919.9340	1104742.1320	2790.7839
902	2628919.3600	1104742.9070	2790.3140
903	2628911.2760	1104754.9430	2781.6379
904	2628903.2120	1104767.3000	2772.3889
905	2628894.8781	1104779.9900	2759.6431
906	2628886.2111	1104793.0760	2749.2271
907	2628875.3070	1104809.4650	2737.2881
908	2628863.7581	1104826.9930	2721.5310
909	2628858.6560	1104825.5570	2719.0530
914	2628735.9510	1104784.1000	2687.5049
915	2628716.2550	1104784.7610	2683.7290
922	2628485.0920	1104720.8280	2625.4729
923	2628451.9500	1104718.7090	2619.5720
924	2628412.8530	1104712.0800	2610.5029
925	2628398.0980	1104713.1970	2607.8450
926	2628397.0090	1104733.5010	2587.8831
927	2628397.0090	1104733.5010	2587.8831
928	2628397.6170	1104771.8390	2564.6440
929	2628397.0090	1104733.5010	2587.8831
930	2628397.0090	1104733.5010	2587.8831
931	2628397.0090	1104733.5010	2587.8831
932	2628397.0090	1104733.5010	2587.8831
933	2628373.7550	1104923.7950	2462.9290
945	2628919.9340	1104742.1320	2790.7839
946	2628919.9340	1104742.1320	2790.7839
947	2628919.1050	1104743.3490	2790.1770
948	2628911.0270	1104755.5160	2781.0620
949	2628903.0820	1104767.5260	2772.2170
950	2628894.7560	1104779.6090	2759.7261
951	2628886.9110	1104791.9890	2749.7461
952	2628875.3070	1104809.4650	2737.2881
953	2628870.0940	1104817.2800	2732.6709
954	2628854.4000	1104837.7630	2710.4399
955	2628850.4060	1104836.3400	2708.1240
960	2628730.2120	1104801.6080	2676.2109
968	2628468.3860	1104735.2480	2608.8459
969	2628444.7500	1104741.0960	2604.9250
970	2628397.7450	1104725.2960	2593.3201
971	2628397.0090	1104733.5010	2587.8831
972	2628397.6170	1104771.8390	2564.6440
973	2628397.6170	1104771.8390	2564.6440
975	2628397.0090	1104733.5010	2587.8831
976	2628397.0090	1104733.5010	2587.8831
978	2628373.7550	1104923.7950	2462.9290
990	2628933.6530	1104721.3900	2801.0249
991	2628928.3101	1104729.3470	2797.7871
992	2628919.3600	1104742.9070	2790.3140
993	2628911.3330	1104755.0880	2781.3340
994	2628902.9580	1104767.7250	2772.1179
995	2628895.1410	1104779.5910	2760.0359
996	2628886.5560	1104792.5670	2749.3889
997	2628875.3070	1104809.4650	2737.2881
998	2628854.4000	1104837.7630	2710.4399
999	2628854.4000	1104837.7630	2710.4399
1000	2628851.4771	1104840.2950	2707.8430
1001	2628840.7159	1104847.6500	2697.4331
1006	2628721.8960	1104817.3760	2664.4141
1007	2628700.8690	1104818.1400	2658.9109
1008	2628670.2880	1104811.6800	2650.3191
1014	2628459.9969	1104755.9970	2594.7529
1015	2628429.2870	1104756.9700	2589.3210
1016	2628401.6000	1104760.6240	2576.7380
1017	2628397.6170	1104771.8390	2564.6440
1018	2628397.6170	1104771.8390	2564.6440
1021	2628395.0530	1104891.6630	2492.6470
1022	2628390.6710	1104891.0020	2490.0710
1023	2628390.6710	1104891.0020	2490.0710
1024	2628390.6710	1104891.0020	2490.0710
1035	2628933.6530	1104721.3900	2801.0249
1036	2628928.4420	1104729.1550	2797.9961
1037	2628919.3600	1104742.9070	2790.3140
1038	2628911.2760	1104754.9430	2781.6379
1039	2628903.5300	1104766.8700	2773.0149
1040	2628895.0140	1104779.7380	2759.8879
1041	2628854.4000	1104837.7630	2710.4399
1042	2628854.4000	1104837.7630	2710.4399
1043	2628854.4000	1104837.7630	2710.4399
1044	2628854.4000	1104837.7630	2710.4399
1045	2628852.1760	1104841.1220	2708.1970
1046	2628840.7159	1104847.6500	2697.4331
1047	2628834.3051	1104863.7050	2691.0879
1052	2628712.1180	1104831.3940	2650.9319
1053	2628690.3120	1104831.1250	2646.1980
1054	2628656.1600	1104820.3100	2636.3000
1060	2628443.4500	1104770.5600	2578.6060
1061	2628417.3270	1104775.1170	2570.2129
1062	2628397.6170	1104771.8390	2564.6440
1063	2628397.6170	1104771.8390	2564.6440
1066	2628395.0530	1104891.6630	2492.6470
1067	2628390.6710	1104891.0020	2490.0710
1068	2628390.6710	1104891.0020	2490.0710
1069	2628390.6710	1104891.0020	2490.0710
1080	2628933.6530	1104721.3900	2801.0249
1081	2628927.9520	1104730.0210	2797.4910
1082	2628919.3600	1104742.9070	2790.3140
1083	2628911.3330	1104755.0880	2781.3340
1084	2628854.4000	1104837.7630	2710.4399
1085	2628854.4000	1104837.7630	2710.4399
1086	2628854.4000	1104837.7630	2710.4399
1087	2628854.4000	1104837.7630	2710.4399
1088	2628854.4000	1104837.7630	2710.4399
1089	2628854.4000	1104837.7630	2710.4399
1090	2628852.1760	1104841.1220	2708.1970
1091	2628840.7159	1104847.6500	2697.4331
1094	2628816.6310	1104888.2540	2674.8059
1098	2628700.9611	1104844.8770	2638.2981
1099	2628680.5179	1104845.5230	2633.2300
1100	2628648.4130	1104836.7000	2623.8779
1106	2628440.1190	1104793.8390	2564.5610
1107	2628387.2690	1104777.5810	2547.3440
1108	2628387.2690	1104777.5810	2547.3440
1111	2628395.0530	1104891.6630	2492.6470
1112	2628390.6710	1104891.0020	2490.0710
1113	2628390.6710	1104891.0020	2490.0710
1114	2628390.6710	1104891.0020	2490.0710
1125	2628933.6530	1104721.3900	2801.0249
1126	2628928.3101	1104729.3470	2797.7871
1127	2628854.4000	1104837.7630	2710.4399
1128	2628854.4000	1104837.7630	2710.4399
1129	2628854.4000	1104837.7630	2710.4399
1130	2628854.4000	1104837.7630	2710.4399
1131	2628854.4000	1104837.7630	2710.4399
1132	2628854.4000	1104837.7630	2710.4399
1133	2628854.4000	1104837.7630	2710.4399
1134	2628854.4000	1104837.7630	2710.4399
1139	2628815.2980	1104888.5820	2673.1760
1140	2628799.7889	1104890.7550	2660.5400
1144	2628691.5439	1104858.0090	2626.5039
1145	2628666.1350	1104856.3000	2619.1040
1146	2628640.7220	1104854.3310	2612.0830
1147	2628612.2640	1104851.0350	2604.0759
1151	2628460.7170	1104813.0930	2557.2581
1152	2628430.9340	1104815.2220	2550.3010
1156	2628395.0530	1104891.6630	2492.6470
1157	2628390.6710	1104891.0020	2490.0710
1158	2628390.6710	1104891.0020	2490.0710
1159	2628390.6710	1104891.0020	2490.0710
1170	2628932.5129	1104722.4190	2800.6831
1171	2628854.4000	1104837.7630	2710.4399
1172	2628854.4000	1104837.7630	2710.4399
1173	2628854.4000	1104837.7630	2710.4399
1174	2628854.4000	1104837.7630	2710.4399
1175	2628854.4000	1104837.7630	2710.4399
1176	2628854.4000	1104837.7630	2710.4399
1177	2628854.4000	1104837.7630	2710.4399
1178	2628854.4000	1104837.7630	2710.4399
1179	2628854.4000	1104837.7630	2710.4399
1184	2628809.6689	1104908.7190	2658.1160
1185	2628809.6689	1104908.7190	2658.1160
1186	2628789.7010	1104899.5720	2647.7480
1187	2628767.6700	1104896.6340	2640.6211
1190	2628684.2590	1104874.1870	2614.0510
1191	2628657.2240	1104870.7030	2605.5371
1192	2628633.7830	1104871.1530	2599.6350
1197	2628449.9120	1104832.5510	2542.5559
1198	2628407.7600	1104823.7830	2529.7739
1203	2628390.6710	1104891.0020	2490.0710
1204	2628390.6710	1104891.0020	2490.0710
1215	2628933.6530	1104721.3900	2801.0249
1216	2628854.4000	1104837.7630	2710.4399
1217	2628854.4000	1104837.7630	2710.4399
1218	2628854.4000	1104837.7630	2710.4399
1219	2628854.4000	1104837.7630	2710.4399
1220	2628854.4000	1104837.7630	2710.4399
1221	2628854.4000	1104837.7630	2710.4399
1222	2628854.4000	1104837.7630	2710.4399
1223	2628854.4000	1104837.7630	2710.4399
1229	2628815.2980	1104888.5820	2673.1760
1230	2628810.2419	1104907.7860	2659.1960
1231	2628802.1030	1104920.1440	2646.3540
1232	2628774.5129	1104904.9090	2632.5701
1237	2628646.8770	1104884.3420	2592.5959
1238	2628621.8190	1104885.5770	2585.8811
1240	2628547.7500	1104874.7210	2559.5190
1241	2628516.7150	1104875.3710	2550.1479
1242	2628477.0360	1104857.4600	2539.6541
1243	2628443.8280	1104854.0680	2530.1931
1244	2628401.8680	1104845.9140	2516.4021
1247	2628390.6710	1104891.0020	2490.0710
1248	2628390.6710	1104891.0020	2490.0710
1249	2628390.6710	1104891.0020	2490.0710
1260	2628854.4000	1104837.7630	2710.4399
1261	2628854.4000	1104837.7630	2710.4399
1262	2628854.4000	1104837.7630	2710.4399
1263	2628854.4000	1104837.7630	2710.4399
1264	2628854.4000	1104837.7630	2710.4399
1265	2628854.4000	1104837.7630	2710.4399
1266	2628854.4000	1104837.7630	2710.4399
1267	2628854.4000	1104837.7630	2710.4399
1268	2628854.4000	1104837.7630	2710.4399
1274	2628815.2980	1104888.5820	2673.1760
1275	2628799.3700	1104922.8150	2642.4641
1276	2628799.3700	1104922.8150	2642.4641
1277	2628795.2040	1104930.5410	2636.0891
1278	2628768.5280	1104921.2020	2621.9419
1284	2628614.1890	1104901.1840	2572.3950
1286	2628540.6350	1104895.3140	2546.6609
1287	2628517.1360	1104898.5670	2542.1960
1288	2628477.5460	1104883.4450	2530.3469
1289	2628446.6420	1104880.9610	2522.1169
1290	2628391.9050	1104863.5370	2500.6670
1291	2628395.0530	1104891.6630	2492.6470
1292	2628390.6710	1104891.0020	2490.0710
1293	2628390.6710	1104891.0020	2490.0710
1305	2628854.4000	1104837.7630	2710.4399
1306	2628854.4000	1104837.7630	2710.4399
1307	2628854.4000	1104837.7630	2710.4399
1308	2628854.4000	1104837.7630	2710.4399
1309	2628854.4000	1104837.7630	2710.4399
1310	2628854.4000	1104837.7630	2710.4399
1311	2628854.4000	1104837.7630	2710.4399
1312	2628854.4000	1104837.7630	2710.4399
1313	2628854.4000	1104837.7630	2710.4399
1319	2628815.2980	1104888.5820	2673.1760
1320	2628799.3700	1104922.8150	2642.4641
1321	2628799.3700	1104922.8150	2642.4641
1322	2628795.2040	1104930.5410	2636.0891
1323	2628785.1270	1104944.9160	2622.8120
1324	2628759.9100	1104933.3860	2611.1470
1330	2628606.5510	1104916.0290	2561.7051
1332	2628540.3060	1104916.3890	2536.8540
1333	2628518.3680	1104921.6070	2531.8459
1334	2628472.1820	1104910.6260	2516.1279
1335	2628438.0950	1104900.2140	2508.5549
1336	2628395.0530	1104891.6630	2492.6470
1338	2628373.7550	1104923.7950	2462.9290
1350	2628854.4000	1104837.7630	2710.4399
1351	2628854.4000	1104837.7630	2710.4399
1352	2628854.4000	1104837.7630	2710.4399
1353	2628854.4000	1104837.7630	2710.4399
1354	2628854.4000	1104837.7630	2710.4399
1355	2628854.4000	1104837.7630	2710.4399
1356	2628854.4000	1104837.7630	2710.4399
1357	2628854.4000	1104837.7630	2710.4399
1364	2628815.2980	1104888.5820	2673.1760
1365	2628799.3700	1104922.8150	2642.4641
1366	2628799.3700	1104922.8150	2642.4641
1367	2628795.2040	1104930.5410	2636.0891
1368	2628785.1270	1104944.9160	2622.8120
1369	2628777.4340	1104957.4500	2613.1531
1370	2628754.8840	1104949.8790	2601.7170
1376	2628596.8610	1104932.3920	2549.3669
1378	2628529.0540	1104930.0490	2523.6079
1379	2628502.8380	1104934.4220	2516.8630
1380	2628470.8950	1104932.7090	2505.9080
1381	2628428.8120	1104918.0200	2494.1990
1383	2628373.7550	1104923.7950	2462.9290
1395	2628854.4000	1104837.7630	2710.4399
1396	2628854.4000	1104837.7630	2710.4399
1397	2628854.4000	1104837.7630	2710.4399
1398	2628854.4000	1104837.7630	2710.4399
1399	2628854.4000	1104837.7630	2710.4399
1400	2628854.4000	1104837.7630	2710.4399
1401	2628854.4000	1104837.7630	2710.4399
1402	2628854.4000	1104837.7630	2710.4399
1409	2628815.2980	1104888.5820	2673.1760
1410	2628799.3700	1104922.8150	2642.4641
1411	2628799.3700	1104922.8150	2642.4641
1412	2628795.2040	1104930.5410	2636.0891
1413	2628785.1270	1104944.9160	2622.8120
1414	2628778.8550	1104955.2190	2614.9980
1415	2628770.5750	1104967.2610	2606.1250
1416	2628744.9330	1104961.7310	2589.8401
1422	2628588.6880	1104948.1060	2535.6299
1423	2628566.2390	1104951.8640	2530.1899
1424	2628526.0610	1104952.1070	2514.1909
1425	2628499.0760	1104953.9160	2506.6641
1426	2628462.5160	1104948.7200	2492.8291
1427	2628415.6620	1104933.8550	2478.2830
1428	2628367.4390	1104925.2410	2457.9221
1437	2628236.8170	1105065.8950	2338.4060
1438	2628232.6740	1105083.3480	2325.9050
1440	2628854.4000	1104837.7630	2710.4399
1441	2628854.4000	1104837.7630	2710.4399
1442	2628854.4000	1104837.7630	2710.4399
1443	2628854.4000	1104837.7630	2710.4399
1444	2628854.4000	1104837.7630	2710.4399
1445	2628854.4000	1104837.7630	2710.4399
1446	2628854.4000	1104837.7630	2710.4399
1454	2628815.2980	1104888.5820	2673.1760
1455	2628799.3700	1104922.8150	2642.4641
1456	2628799.3700	1104922.8150	2642.4641
1457	2628795.2040	1104930.5410	2636.0891
1458	2628780.2690	1104951.1860	2617.5720
1459	2628778.8590	1104955.2710	2614.9619
1460	2628763.7440	1104977.9470	2596.0569
1461	2628762.4310	1104979.8610	2593.5649
1462	2628738.3101	1104976.0400	2579.5281
1468	2628583.5680	1104967.0310	2525.8279
1469	2628557.4449	1104969.2690	2519.6030
1470	2628524.5590	1104966.6870	2505.4919
1471	2628493.3710	1104973.2460	2496.0239
1472	2628459.6200	1104970.3030	2482.6230
1473	2628402.7550	1104949.5510	2462.9331
1481	2628241.9180	1105048.1450	2348.5210
1482	2628236.8170	1105065.8950	2338.4060
1483	2628232.6740	1105083.3480	2325.9050
1484	2628223.7080	1105109.5700	2304.2971
1485	2628854.4000	1104837.7630	2710.4399
1486	2628854.4000	1104837.7630	2710.4399
1487	2628854.4000	1104837.7630	2710.4399
1488	2628854.4000	1104837.7630	2710.4399
1489	2628854.4000	1104837.7630	2710.4399
1490	2628854.4000	1104837.7630	2710.4399
1491	2628854.4000	1104837.7630	2710.4399
1499	2628815.2980	1104888.5820	2673.1760
1500	2628799.3700	1104922.8150	2642.4641
1501	2628799.3700	1104922.8150	2642.4641
1502	2628795.2040	1104930.5410	2636.0891
1503	2628785.1270	1104944.9160	2622.8120
1504	2628778.8550	1104955.2190	2614.9980
1505	2628763.7440	1104977.9470	2596.0569
1506	2628757.0320	1104988.2800	2585.6360
1507	2628752.9020	1104994.4690	2579.9529
1514	2628578.1379	1104986.4170	2516.2539
1515	2628558.2939	1104993.4240	2510.1489
1516	2628524.3500	1104989.3020	2498.3789
1517	2628494.3910	1104996.8220	2486.3970
1518	2628446.3920	1104983.8060	2468.7419
1519	2628389.3240	1104966.1580	2447.0161
1520	2628351.9510	1104966.5540	2433.6130
1525	2628250.0730	1105028.7780	2354.4880
1526	2628241.9700	1105047.7090	2348.7710
1527	2628236.8170	1105065.8950	2338.4060
1528	2628232.6740	1105083.3480	2325.9050
1529	2628223.8710	1105108.1560	2305.2490
1530	2628854.4000	1104837.7630	2710.4399
1531	2628854.4000	1104837.7630	2710.4399
1532	2628854.4000	1104837.7630	2710.4399
1533	2628854.4000	1104837.7630	2710.4399
1534	2628854.4000	1104837.7630	2710.4399
1535	2628854.4000	1104837.7630	2710.4399
1544	2628815.2980	1104888.5820	2673.1760
1545	2628799.3700	1104922.8150	2642.4641
1546	2628799.3700	1104922.8150	2642.4641
1547	2628795.2040	1104930.5410	2636.0891
1548	2628780.2690	1104951.1860	2617.5720
1549	2628778.8550	1104955.2190	2614.9980
1550	2628763.7440	1104977.9470	2596.0569
1551	2628761.9910	1104980.4120	2592.9619
1552	2628747.6160	1105002.5070	2572.6851
1553	2628744.7440	1105006.8410	2568.6750
1559	2628587.1630	1104992.9860	2506.7490
1560	2628575.6910	1105004.8330	2507.3291
1561	2628554.2271	1105011.0320	2500.5640
1562	2628514.7419	1105004.1630	2486.0381
1563	2628485.8680	1105008.6190	2474.8750
1564	2628442.5270	1105003.1330	2458.6941
1565	2628374.1570	1104981.0640	2428.6931
1570	2628250.2330	1105029.6510	2354.7009
1571	2628242.0420	1105048.5390	2348.4380
1572	2628236.8170	1105065.8950	2338.4060
1573	2628234.4100	1105085.5820	2325.7610
1574	2628223.3870	1105109.9530	2304.2351
1575	2628854.4000	1104837.7630	2710.4399
1576	2628854.4000	1104837.7630	2710.4399
1577	2628854.4000	1104837.7630	2710.4399
1578	2628854.4000	1104837.7630	2710.4399
1579	2628854.4000	1104837.7630	2710.4399
1580	2628854.4000	1104837.7630	2710.4399
1589	2628815.2980	1104888.5820	2673.1760
1590	2628799.3700	1104922.8150	2642.4641
1591	2628799.3700	1104922.8150	2642.4641
1592	2628795.2040	1104930.5410	2636.0891
1593	2628785.1270	1104944.9160	2622.8120
1594	2628779.0341	1104954.9560	2615.2200
1595	2628763.7440	1104977.9470	2596.0569
1596	2628762.3580	1104980.1350	2593.3081
1597	2628747.6160	1105002.5070	2572.6851
1598	2628745.7750	1105005.2870	2570.0171
1599	2628735.3580	1105015.1150	2559.0200
1602	2628711.2111	1105052.3420	2557.3650
1605	2628579.6591	1105009.2520	2495.2141
1606	2628562.9360	1105018.6120	2493.9810
1607	2628546.0580	1105026.1640	2489.5969
1608	2628504.8530	1105020.1150	2472.1279
1609	2628469.5520	1105020.8630	2459.3569
1610	2628431.3140	1105017.9910	2445.1331
1615	2628250.0730	1105028.7780	2354.4880
1616	2628249.3550	1105033.6250	2354.8679
1617	2628235.6400	1105069.0170	2335.7610
1618	2628249.3550	1105033.6250	2354.8679
1619	2628223.3870	1105109.9530	2304.2351
1620	2628854.4000	1104837.7630	2710.4399
1621	2628854.4000	1104837.7630	2710.4399
1622	2628854.4000	1104837.7630	2710.4399
1623	2628854.4000	1104837.7630	2710.4399
1624	2628854.4000	1104837.7630	2710.4399
1625	2628854.4000	1104837.7630	2710.4399
1634	2628815.2980	1104888.5820	2673.1760
1635	2628799.3700	1104922.8150	2642.4641
1636	2628799.3700	1104922.8150	2642.4641
1637	2628795.2040	1104930.5410	2636.0891
1638	2628785.1270	1104944.9160	2622.8120
1639	2628763.7440	1104977.9470	2596.0569
1640	2628763.7440	1104977.9470	2596.0569
1641	2628761.9910	1104980.4120	2592.9619
1642	2628753.7310	1104993.0160	2581.3291
1643	2628745.7430	1105005.3240	2569.9919
1645	2628722.4690	1105025.0030	2548.0281
1651	2628573.6110	1105024.9960	2485.0081
1652	2628554.0040	1105034.0160	2480.8521
1653	2628537.0250	1105042.1460	2476.9990
1654	2628488.4310	1105031.3350	2456.1709
1655	2628456.6710	1105034.3680	2445.9971
1656	2628420.4200	1105031.3590	2430.7339
1660	2628250.3320	1105028.4530	2354.9170
1661	2628241.9180	1105048.1450	2348.5210
1662	2628236.8170	1105065.8950	2338.4060
1663	2628230.3680	1105086.9620	2321.4360
1664	2628224.6130	1105106.0680	2306.6440
1665	2628854.4000	1104837.7630	2710.4399
1666	2628854.4000	1104837.7630	2710.4399
1667	2628854.4000	1104837.7630	2710.4399
1668	2628854.4000	1104837.7630	2710.4399
1669	2628854.4000	1104837.7630	2710.4399
1679	2628815.2980	1104888.5820	2673.1760
1680	2628799.3700	1104922.8150	2642.4641
1681	2628799.3700	1104922.8150	2642.4641
1682	2628795.0570	1104930.7850	2635.9900
1683	2628785.1270	1104944.9160	2622.8120
1684	2628763.7440	1104977.9470	2596.0569
1685	2628763.7440	1104977.9470	2596.0569
1686	2628762.2380	1104980.3860	2593.0991
1687	2628753.6180	1104993.2230	2581.1079
1688	2628745.7430	1105005.3240	2569.9919
1697	2628565.8199	1105041.5110	2472.5730
1698	2628549.7180	1105051.5120	2470.6370
1699	2628525.5410	1105055.1920	2463.3899
1700	2628479.6970	1105045.5770	2443.4480
1701	2628452.7430	1105050.6480	2432.9409
1702	2628413.3940	1105050.0220	2418.3149
1705	2628261.6800	1105034.9930	2355.1509
1706	2628241.9180	1105048.1450	2348.5210
1707	2628235.6670	1105069.4780	2335.0850
1708	2628229.7990	1105088.3810	2319.9360
1709	2628224.6130	1105106.0680	2306.6440
1710	2628854.4000	1104837.7630	2710.4399
1711	2628854.4000	1104837.7630	2710.4399
1712	2628854.4000	1104837.7630	2710.4399
1713	2628854.4000	1104837.7630	2710.4399
1714	2628854.4000	1104837.7630	2710.4399
1724	2628815.2980	1104888.5820	2673.1760
1725	2628799.3700	1104922.8150	2642.4641
1726	2628799.3700	1104922.8150	2642.4641
1727	2628795.2040	1104930.5410	2636.0891
1728	2628785.1270	1104944.9160	2622.8120
1729	2628763.7440	1104977.9470	2596.0569
1730	2628763.7440	1104977.9470	2596.0569
1731	2628762.2380	1104980.3860	2593.0991
1743	2628558.8060	1105057.7050	2462.1760
1744	2628541.3390	1105066.1600	2459.3259
1745	2628516.0250	1105069.7450	2449.6880
1746	2628466.3110	1105061.6730	2427.7930
1747	2628438.5640	1105063.8640	2417.6509
1748	2628383.4660	1105057.3190	2395.6541
1751	2628256.3180	1105056.2580	2342.6709
1752	2628236.8170	1105065.8950	2338.4060
1753	2628229.7990	1105088.3810	2319.9360
1754	2628224.6130	1105106.0680	2306.6440
1755	2628854.4000	1104837.7630	2710.4399
1756	2628854.4000	1104837.7630	2710.4399
1757	2628854.4000	1104837.7630	2710.4399
1758	2628854.4000	1104837.7630	2710.4399
1769	2628815.2980	1104888.5820	2673.1760
1770	2628799.3700	1104922.8150	2642.4641
1771	2628799.3700	1104922.8150	2642.4641
1772	2628795.2040	1104930.5410	2636.0891
1773	2628785.1270	1104944.9160	2622.8120
1774	2628778.8550	1104955.2190	2614.9980
1775	2628763.7440	1104977.9470	2596.0569
1789	2628555.2040	1105074.8480	2453.8159
1790	2628533.5160	1105081.6750	2447.8770
1791	2628507.0950	1105084.4550	2437.9939
1792	2628460.4470	1105077.6990	2417.2830
1793	2628423.1010	1105078.4860	2401.1650
1794	2628376.5510	1105073.0730	2381.4260
1797	2628247.7120	1105074.8510	2329.7300
1798	2628229.7990	1105088.3810	2319.9360
1799	2628224.6130	1105106.0680	2306.6440
1800	2628854.4000	1104837.7630	2710.4399
1801	2628854.4000	1104837.7630	2710.4399
1802	2628854.4000	1104837.7630	2710.4399
1803	2628854.4000	1104837.7630	2710.4399
1814	2628815.2980	1104888.5820	2673.1760
1815	2628799.3700	1104922.8150	2642.4641
1816	2628799.3700	1104922.8150	2642.4641
1817	2628795.2040	1104930.5410	2636.0891
1818	2628785.1270	1104944.9160	2622.8120
1819	2628763.7440	1104977.9470	2596.0569
1820	2628763.7440	1104977.9470	2596.0569
1835	2628547.5480	1105091.8410	2443.1370
1836	2628530.0940	1105099.0120	2438.8899
1837	2628497.2490	1105099.3920	2425.2971
1838	2628466.8860	1105102.4420	2413.4150
1839	2628407.8290	1105091.1060	2384.5630
1840	2628360.3050	1105087.0750	2363.7361
1842	2628270.0850	1105086.3630	2325.6089
1843	2628237.8380	1105093.8580	2314.4199
1844	2628224.6130	1105106.0680	2306.6440
1845	2628854.4000	1104837.7630	2710.4399
1846	2628854.4000	1104837.7630	2710.4399
1847	2628854.4000	1104837.7630	2710.4399
1860	2628799.3700	1104922.8150	2642.4641
1861	2628799.3700	1104922.8150	2642.4641
1864	2628763.7440	1104977.9470	2596.0569
1881	2628543.2740	1105107.5610	2433.1379
1882	2628525.5050	1105115.8870	2429.5161
1883	2628495.2469	1105117.8050	2416.9131
1884	2628460.1580	1105119.0890	2402.2930
1885	2628391.8240	1105104.1890	2367.0779
1888	2628259.9290	1105105.4270	2310.9839
1889	2628228.7940	1105113.4950	2301.7710
1890	2628854.4000	1104837.7630	2710.4399
1891	2628854.4000	1104837.7630	2710.4399
1892	2628854.4000	1104837.7630	2710.4399
1905	2628799.3700	1104922.8150	2642.4641
1909	2628763.7440	1104977.9470	2596.0569
1927	2628534.3590	1105122.0780	2420.8279
1928	2628517.4399	1105131.9450	2417.3049
1929	2628489.1750	1105134.5500	2406.4709
1930	2628452.1040	1105134.9970	2390.9839
1934	2628252.1810	1105124.0920	2297.5171
1935	2628854.4000	1104837.7630	2710.4399
1936	2628854.4000	1104837.7630	2710.4399
1973	2628519.7581	1105134.6460	2405.4519
1974	2628510.0570	1105146.4580	2406.3589
1975	2628477.5400	1105148.0980	2392.4221
1976	2628454.1910	1105155.3720	2385.2019
1977	2628373.0150	1105137.0100	2340.5139
1980	2628854.4000	1104837.7630	2710.4399
1981	2628854.4000	1104837.7630	2710.4399
2019	2628517.0950	1105150.2760	2400.6709
2020	2628494.2010	1105157.3160	2391.1650
2021	2628465.5861	1105161.2750	2378.8101
2022	2628449.1880	1105172.3430	2374.9700
2023	2628380.0520	1105160.4360	2338.5959
