ID	X	Y	Z
10	2628632.1030	1104505.2820	2802.4541
11	2628632.1030	1104505.2820	2802.4541
12	2628632.1030	1104505.2820	2802.4541
13	2628632.1030	1104505.2820	2802.4541
14	2628564.7570	1104513.4360	2769.6909
15	2628564.7570	1104513.4360	2769.6909
16	2628564.7570	1104513.4360	2769.6909
17	2628564.7570	1104513.4360	2769.6909
18	2628564.7570	1104513.4360	2769.6909
19	2628564.7570	1104513.4360	2769.6909
20	2628564.7570	1104513.4360	2769.6909
21	2628442.6460	1104630.6700	2666.2451
22	2628425.8990	1104658.3380	2643.7200
23	2628419.4390	1104670.1810	2637.4299
24	2628419.4390	1104670.1810	2637.4299
25	2628396.4150	1104727.8090	2590.5850
26	2628397.0090	1104733.5010	2587.8831
27	2628397.0090	1104733.5010	2587.8831
28	2628397.0090	1104733.5010	2587.8831
29	2628397.0090	1104733.5010	2587.8831
30	2628397.0090	1104733.5010	2587.8831
31	2628397.0090	1104733.5010	2587.8831
32	2628397.0090	1104733.5010	2587.8831
33	2628373.7550	1104923.7950	2462.9290
55	2628632.1030	1104505.2820	2802.4541
56	2628632.1030	1104505.2820	2802.4541
57	2628632.1030	1104505.2820	2802.4541
58	2628632.1030	1104505.2820	2802.4541
59	2628564.7570	1104513.4360	2769.6909
60	2628564.7570	1104513.4360	2769.6909
61	2628564.7570	1104513.4360	2769.6909
62	2628564.7570	1104513.4360	2769.6909
63	2628564.7570	1104513.4360	2769.6909
64	2628564.7570	1104513.4360	2769.6909
65	2628564.7570	1104513.4360	2769.6909
66	2628564.7570	1104513.4360	2769.6909
67	2628427.0890	1104662.7620	2642.6919
68	2628419.4390	1104670.1810	2637.4299
69	2628419.4390	1104670.1810	2637.4299
70	2628395.9870	1104719.1620	2600.8081
71	2628397.0090	1104733.5010	2587.8831
72	2628397.0090	1104733.5010	2587.8831
73	2628397.0090	1104733.5010	2587.8831
74	2628397.0090	1104733.5010	2587.8831
75	2628397.0090	1104733.5010	2587.8831
76	2628397.0090	1104733.5010	2587.8831
77	2628397.0090	1104733.5010	2587.8831
78	2628362.3060	1104925.2070	2455.0610
100	2628632.1030	1104505.2820	2802.4541
101	2628632.1030	1104505.2820	2802.4541
102	2628632.1030	1104505.2820	2802.4541
103	2628632.1030	1104505.2820	2802.4541
104	2628564.7570	1104513.4360	2769.6909
105	2628564.7570	1104513.4360	2769.6909
106	2628564.7570	1104513.4360	2769.6909
107	2628564.7570	1104513.4360	2769.6909
108	2628564.7570	1104513.4360	2769.6909
109	2628564.7570	1104513.4360	2769.6909
110	2628564.7570	1104513.4360	2769.6909
111	2628564.7570	1104513.4360	2769.6909
112	2628425.3750	1104659.9750	2642.7649
113	2628419.4390	1104670.1810	2637.4299
114	2628419.4390	1104670.1810	2637.4299
115	2628397.8390	1104723.8880	2595.6021
116	2628397.0090	1104733.5010	2587.8831
117	2628397.0090	1104733.5010	2587.8831
118	2628397.0090	1104733.5010	2587.8831
119	2628397.0090	1104733.5010	2587.8831
120	2628397.0090	1104733.5010	2587.8831
121	2628397.0090	1104733.5010	2587.8831
122	2628397.0090	1104733.5010	2587.8831
123	2628373.7550	1104923.7950	2462.9290
144	2628632.1030	1104505.2820	2802.4541
145	2628632.1030	1104505.2820	2802.4541
146	2628632.1030	1104505.2820	2802.4541
147	2628632.1030	1104505.2820	2802.4541
148	2628632.1030	1104505.2820	2802.4541
149	2628564.7570	1104513.4360	2769.6909
150	2628564.7570	1104513.4360	2769.6909
151	2628564.7570	1104513.4360	2769.6909
152	2628564.7570	1104513.4360	2769.6909
153	2628564.7570	1104513.4360	2769.6909
155	2628564.7570	1104513.4360	2769.6909
156	2628442.6460	1104630.6700	2666.2451
157	2628427.0890	1104662.7620	2642.6919
158	2628419.4390	1104670.1810	2637.4299
159	2628419.4390	1104670.1810	2637.4299
160	2628419.4390	1104670.1810	2637.4299
161	2628397.0090	1104733.5010	2587.8831
162	2628397.0090	1104733.5010	2587.8831
163	2628397.0090	1104733.5010	2587.8831
164	2628397.0090	1104733.5010	2587.8831
165	2628397.0090	1104733.5010	2587.8831
166	2628397.0090	1104733.5010	2587.8831
167	2628397.0090	1104733.5010	2587.8831
168	2628373.7550	1104923.7950	2462.9290
169	2628362.3060	1104925.2070	2455.0610
190	2628632.1030	1104505.2820	2802.4541
191	2628632.1030	1104505.2820	2802.4541
192	2628632.1030	1104505.2820	2802.4541
193	2628564.7570	1104513.4360	2769.6909
194	2628564.7570	1104513.4360	2769.6909
195	2628564.7570	1104513.4360	2769.6909
196	2628564.7570	1104513.4360	2769.6909
197	2628564.7570	1104513.4360	2769.6909
198	2628564.7570	1104513.4360	2769.6909
200	2628564.7570	1104513.4360	2769.6909
201	2628442.6460	1104630.6700	2666.2451
202	2628428.0460	1104663.1640	2643.2561
203	2628419.4390	1104670.1810	2637.4299
204	2628419.4390	1104670.1810	2637.4299
205	2628399.4230	1104728.8270	2591.4570
206	2628397.0090	1104733.5010	2587.8831
207	2628397.0090	1104733.5010	2587.8831
208	2628397.0090	1104733.5010	2587.8831
209	2628397.0090	1104733.5010	2587.8831
210	2628397.0090	1104733.5010	2587.8831
211	2628397.0090	1104733.5010	2587.8831
212	2628397.0090	1104733.5010	2587.8831
213	2628373.7550	1104923.7950	2462.9290
214	2628362.3060	1104925.2070	2455.0610
235	2628632.1030	1104505.2820	2802.4541
236	2628632.1030	1104505.2820	2802.4541
237	2628632.1030	1104505.2820	2802.4541
238	2628564.7570	1104513.4360	2769.6909
239	2628564.7570	1104513.4360	2769.6909
240	2628564.7570	1104513.4360	2769.6909
241	2628564.7570	1104513.4360	2769.6909
242	2628564.7570	1104513.4360	2769.6909
245	2628451.6060	1104622.8990	2670.5449
246	2628442.6460	1104630.6700	2666.2451
247	2628426.0710	1104659.0340	2643.5779
248	2628419.4390	1104670.1810	2637.4299
249	2628419.4390	1104670.1810	2637.4299
250	2628397.5690	1104723.0890	2596.3420
251	2628397.0090	1104733.5010	2587.8831
252	2628397.0090	1104733.5010	2587.8831
253	2628397.0090	1104733.5010	2587.8831
254	2628397.0090	1104733.5010	2587.8831
255	2628397.0090	1104733.5010	2587.8831
256	2628397.0090	1104733.5010	2587.8831
257	2628397.0090	1104733.5010	2587.8831
258	2628397.0090	1104733.5010	2587.8831
259	2628362.3060	1104925.2070	2455.0610
279	2628634.7990	1104502.4410	2803.6550
280	2628632.1030	1104505.2820	2802.4541
281	2628632.1030	1104505.2820	2802.4541
282	2628581.9530	1104515.0390	2777.5691
283	2628564.7570	1104513.4360	2769.6909
284	2628564.7570	1104513.4360	2769.6909
285	2628564.7570	1104513.4360	2769.6909
286	2628564.7570	1104513.4360	2769.6909
287	2628564.7570	1104513.4360	2769.6909
290	2628451.7440	1104622.1120	2670.7610
291	2628442.6460	1104630.6700	2666.2451
292	2628428.0460	1104663.1640	2643.2561
293	2628419.4390	1104670.1810	2637.4299
294	2628419.4390	1104670.1810	2637.4299
295	2628399.4230	1104728.8270	2591.4570
296	2628397.0090	1104733.5010	2587.8831
297	2628397.0090	1104733.5010	2587.8831
298	2628397.0090	1104733.5010	2587.8831
299	2628397.0090	1104733.5010	2587.8831
300	2628397.0090	1104733.5010	2587.8831
301	2628397.0090	1104733.5010	2587.8831
302	2628397.0090	1104733.5010	2587.8831
303	2628397.0090	1104733.5010	2587.8831
325	2628632.1030	1104505.2820	2802.4541
326	2628632.1030	1104505.2820	2802.4541
327	2628584.0120	1104514.8210	2778.6101
328	2628564.7570	1104513.4360	2769.6909
329	2628564.7570	1104513.4360	2769.6909
330	2628564.7570	1104513.4360	2769.6909
331	2628564.7570	1104513.4360	2769.6909
335	2628450.2460	1104623.7590	2669.9170
336	2628442.6460	1104630.6700	2666.2451
337	2628428.0460	1104663.1640	2643.2561
338	2628419.4390	1104670.1810	2637.4299
339	2628419.4390	1104670.1810	2637.4299
340	2628397.5690	1104723.0890	2596.3420
341	2628397.0090	1104733.5010	2587.8831
342	2628397.0090	1104733.5010	2587.8831
343	2628397.0090	1104733.5010	2587.8831
344	2628397.0090	1104733.5010	2587.8831
345	2628397.0090	1104733.5010	2587.8831
346	2628397.0090	1104733.5010	2587.8831
347	2628397.0090	1104733.5010	2587.8831
348	2628373.7550	1104923.7950	2462.9290
370	2628632.1030	1104505.2820	2802.4541
372	2628581.1110	1104517.7200	2776.7949
373	2628564.7570	1104513.4360	2769.6909
374	2628564.7570	1104513.4360	2769.6909
375	2628535.0601	1104534.2800	2746.2639
380	2628451.6060	1104622.8990	2670.5449
381	2628442.6460	1104630.6700	2666.2451
382	2628427.0890	1104662.7620	2642.6919
383	2628419.4390	1104670.1810	2637.4299
384	2628419.4390	1104670.1810	2637.4299
385	2628399.4920	1104728.3710	2591.7991
386	2628397.0090	1104733.5010	2587.8831
387	2628397.0090	1104733.5010	2587.8831
388	2628397.0090	1104733.5010	2587.8831
389	2628397.0090	1104733.5010	2587.8831
390	2628397.0090	1104733.5010	2587.8831
391	2628397.0090	1104733.5010	2587.8831
392	2628397.0090	1104733.5010	2587.8831
393	2628373.7550	1104923.7950	2462.9290
405	2628901.5170	1104643.9630	2832.5801
415	2628628.1150	1104516.1660	2797.7510
417	2628584.2070	1104516.5140	2778.2500
418	2628564.7570	1104513.4360	2769.6909
419	2628564.7570	1104513.4360	2769.6909
420	2628535.0601	1104534.2800	2746.2639
425	2628450.5770	1104622.9660	2670.1699
426	2628442.6460	1104630.6700	2666.2451
427	2628428.0460	1104663.1640	2643.2561
428	2628419.4390	1104670.1810	2637.4299
429	2628419.4390	1104670.1810	2637.4299
430	2628396.8910	1104721.9980	2596.9529
431	2628397.0090	1104733.5010	2587.8831
432	2628397.0090	1104733.5010	2587.8831
433	2628397.0090	1104733.5010	2587.8831
434	2628397.0090	1104733.5010	2587.8831
435	2628397.0090	1104733.5010	2587.8831
436	2628397.0090	1104733.5010	2587.8831
437	2628397.0090	1104733.5010	2587.8831
438	2628373.7550	1104923.7950	2462.9290
450	2628919.1110	1104680.1820	2825.1980
451	2628895.5330	1104665.0490	2822.3911
452	2628875.9380	1104657.9070	2820.3069
461	2628620.4670	1104531.3390	2784.8491
462	2628581.9530	1104515.0390	2777.5691
463	2628566.1980	1104527.1300	2767.2900
464	2628547.1340	1104535.9380	2753.6230
465	2628535.0601	1104534.2800	2746.2639
470	2628449.9260	1104622.8600	2669.9399
471	2628442.6460	1104630.6700	2666.2451
472	2628428.0460	1104663.1640	2643.2561
473	2628419.4390	1104670.1810	2637.4299
474	2628419.4390	1104670.1810	2637.4299
475	2628399.4230	1104728.8270	2591.4570
476	2628397.0090	1104733.5010	2587.8831
477	2628397.0090	1104733.5010	2587.8831
478	2628397.0090	1104733.5010	2587.8831
479	2628397.0090	1104733.5010	2587.8831
480	2628397.0090	1104733.5010	2587.8831
481	2628397.0090	1104733.5010	2587.8831
482	2628397.0090	1104733.5010	2587.8831
483	2628373.7550	1104923.7950	2462.9290
495	2628928.8540	1104699.7160	2817.2891
496	2628912.9070	1104698.2350	2815.1460
497	2628892.9100	1104690.3610	2812.3081
498	2628869.3311	1104678.2190	2808.1169
499	2628842.2720	1104661.2270	2803.9399
507	2628610.8080	1104552.6800	2768.8950
508	2628571.8350	1104534.1380	2762.8979
509	2628547.0439	1104532.7640	2754.3711
510	2628535.0601	1104534.2800	2746.2639
515	2628449.4790	1104623.5680	2669.6030
516	2628442.6460	1104630.6700	2666.2451
517	2628427.0890	1104662.7620	2642.6919
518	2628419.4390	1104670.1810	2637.4299
519	2628419.4390	1104670.1810	2637.4299
520	2628397.8390	1104723.8880	2595.6021
521	2628397.0090	1104733.5010	2587.8831
522	2628397.0090	1104733.5010	2587.8831
523	2628397.0090	1104733.5010	2587.8831
524	2628397.0090	1104733.5010	2587.8831
525	2628397.0090	1104733.5010	2587.8831
526	2628397.0090	1104733.5010	2587.8831
527	2628397.0090	1104733.5010	2587.8831
528	2628373.7550	1104923.7950	2462.9290
540	2628936.7980	1104714.5990	2806.8279
541	2628919.6450	1104712.4940	2805.7539
542	2628904.1870	1104713.8230	2802.9761
543	2628884.5110	1104705.6100	2801.6201
544	2628868.8940	1104706.2820	2799.1321
554	2628559.8640	1104553.6200	2745.5281
560	2628449.9260	1104622.8600	2669.9399
561	2628442.6460	1104630.6700	2666.2451
562	2628428.0460	1104663.1640	2643.2561
563	2628419.4390	1104670.1810	2637.4299
564	2628419.4390	1104670.1810	2637.4299
565	2628399.4920	1104728.3710	2591.7991
566	2628397.0090	1104733.5010	2587.8831
567	2628397.0090	1104733.5010	2587.8831
568	2628397.0090	1104733.5010	2587.8831
569	2628397.0090	1104733.5010	2587.8831
570	2628397.0090	1104733.5010	2587.8831
571	2628397.0090	1104733.5010	2587.8831
572	2628397.0090	1104733.5010	2587.8831
573	2628373.7550	1104923.7950	2462.9290
585	2628933.6530	1104721.3900	2801.0249
586	2628928.2190	1104729.5090	2797.6030
587	2628914.9430	1104732.6220	2795.2620
588	2628898.5389	1104730.7060	2792.8059
589	2628878.2581	1104724.7280	2790.1531
590	2628859.6960	1104720.5600	2786.9900
600	2628546.3580	1104570.9030	2730.4541
604	2628464.1071	1104604.0290	2678.5620
605	2628450.5770	1104622.9660	2670.1699
606	2628442.6460	1104630.6700	2666.2451
607	2628426.9930	1104664.9730	2642.1311
608	2628419.4390	1104670.1810	2637.4299
609	2628419.4390	1104670.1810	2637.4299
610	2628397.5690	1104723.0890	2596.3420
611	2628397.0090	1104733.5010	2587.8831
612	2628397.0090	1104733.5010	2587.8831
613	2628397.0090	1104733.5010	2587.8831
614	2628397.0090	1104733.5010	2587.8831
615	2628397.0090	1104733.5010	2587.8831
616	2628397.0090	1104733.5010	2587.8831
617	2628397.0090	1104733.5010	2587.8831
618	2628367.3160	1104925.9940	2457.8611
630	2628933.6530	1104721.3900	2801.0249
631	2628928.2190	1104729.5090	2797.6030
632	2628919.3600	1104742.9070	2790.3140
633	2628907.7550	1104747.6410	2785.4939
634	2628888.3860	1104740.3370	2783.1799
635	2628869.7750	1104737.1990	2778.3940
636	2628845.9380	1104724.9110	2774.0400
637	2628818.6390	1104707.9740	2768.5649
638	2628800.3320	1104706.6060	2766.7200
646	2628533.6750	1104587.0000	2714.6169
650	2628451.6420	1104618.9780	2671.8779
651	2628442.6460	1104630.6700	2666.2451
652	2628427.0890	1104662.7620	2642.6919
653	2628419.4390	1104670.1810	2637.4299
654	2628419.4390	1104670.1810	2637.4299
655	2628397.8390	1104723.8880	2595.6021
656	2628397.0090	1104733.5010	2587.8831
657	2628397.0090	1104733.5010	2587.8831
658	2628397.0090	1104733.5010	2587.8831
659	2628397.0090	1104733.5010	2587.8831
660	2628397.0090	1104733.5010	2587.8831
661	2628397.0090	1104733.5010	2587.8831
662	2628397.0090	1104733.5010	2587.8831
663	2628373.7550	1104923.7950	2462.9290
675	2628933.6530	1104721.3900	2801.0249
676	2628919.9340	1104742.1320	2790.7839
677	2628919.3600	1104742.9070	2790.3140
678	2628911.2760	1104754.9430	2781.6379
679	2628899.7271	1104763.1490	2772.8940
680	2628877.5880	1104750.3620	2769.9050
681	2628858.3890	1104745.6550	2767.0620
682	2628831.8020	1104727.9040	2760.5920
683	2628810.6340	1104723.6570	2755.0239
692	2628520.9650	1104604.0900	2699.9680
694	2628461.7590	1104604.1890	2677.7629
695	2628449.9260	1104622.8600	2669.9399
696	2628442.6460	1104630.6700	2666.2451
697	2628427.0890	1104662.7620	2642.6919
698	2628419.4390	1104670.1810	2637.4299
699	2628419.4390	1104670.1810	2637.4299
700	2628397.8390	1104723.8880	2595.6021
701	2628397.0090	1104733.5010	2587.8831
702	2628397.0090	1104733.5010	2587.8831
703	2628397.0090	1104733.5010	2587.8831
704	2628397.0090	1104733.5010	2587.8831
705	2628397.0090	1104733.5010	2587.8831
706	2628397.0090	1104733.5010	2587.8831
707	2628397.0090	1104733.5010	2587.8831
708	2628373.7550	1104923.7950	2462.9290
720	2628933.6530	1104721.3900	2801.0249
721	2628919.9340	1104742.1320	2790.7839
722	2628919.3600	1104742.9070	2790.3140
723	2628910.8440	1104755.7270	2780.9131
724	2628902.6520	1104768.2490	2771.6760
725	2628889.3530	1104768.8160	2762.7781
726	2628867.3270	1104758.8620	2756.8291
727	2628843.7930	1104748.8890	2752.9741
729	2628798.6840	1104731.7390	2742.5850
730	2628777.7581	1104728.9570	2739.2241
738	2628516.8450	1104632.6190	2682.1631
739	2628484.8380	1104630.6960	2677.8301
740	2628449.9260	1104622.8600	2669.9399
741	2628442.6460	1104630.6700	2666.2451
742	2628427.0890	1104662.7620	2642.6919
743	2628419.4390	1104670.1810	2637.4299
744	2628419.4390	1104670.1810	2637.4299
745	2628399.4920	1104728.3710	2591.7991
746	2628397.0090	1104733.5010	2587.8831
747	2628397.0090	1104733.5010	2587.8831
748	2628397.0090	1104733.5010	2587.8831
749	2628397.0090	1104733.5010	2587.8831
750	2628397.0090	1104733.5010	2587.8831
751	2628397.0090	1104733.5010	2587.8831
752	2628397.0090	1104733.5010	2587.8831
753	2628373.7550	1104923.7950	2462.9290
765	2628919.9340	1104742.1320	2790.7839
766	2628919.9340	1104742.1320	2790.7839
767	2628919.3600	1104742.9070	2790.3140
768	2628910.8190	1104755.8680	2780.8401
769	2628903.1790	1104767.4320	2772.3159
770	2628892.0240	1104784.2720	2755.2910
771	2628879.5720	1104777.7360	2751.5300
772	2628854.9041	1104766.8210	2744.1379
773	2628835.0570	1104760.3000	2739.9380
775	2628789.6820	1104745.8820	2730.6399
776	2628764.6450	1104738.9980	2725.6011
784	2628503.6650	1104650.4560	2668.0969
785	2628478.8000	1104654.8830	2663.4480
786	2628441.3521	1104643.9070	2658.0139
787	2628425.3350	1104659.4130	2642.9790
788	2628419.4390	1104670.1810	2637.4299
789	2628419.4390	1104670.1810	2637.4299
790	2628399.4230	1104728.8270	2591.4570
791	2628397.0090	1104733.5010	2587.8831
792	2628397.0090	1104733.5010	2587.8831
793	2628397.0090	1104733.5010	2587.8831
794	2628397.0090	1104733.5010	2587.8831
795	2628397.0090	1104733.5010	2587.8831
796	2628397.0090	1104733.5010	2587.8831
797	2628397.0090	1104733.5010	2587.8831
798	2628367.7350	1104925.7970	2458.0540
810	2628919.9340	1104742.1320	2790.7839
811	2628919.9340	1104742.1320	2790.7839
812	2628919.3600	1104742.9070	2790.3140
813	2628911.2760	1104754.9430	2781.6379
814	2628903.5300	1104766.8700	2773.0149
815	2628895.2590	1104779.3400	2760.2939
816	2628887.0050	1104791.4880	2749.9541
817	2628874.3950	1104797.8810	2740.4089
819	2628824.4709	1104771.1100	2728.3540
822	2628751.1400	1104748.3730	2712.1179
823	2628729.9091	1104747.9480	2706.3401
830	2628500.3669	1104674.0410	2654.1069
831	2628470.5930	1104678.2830	2652.3811
832	2628435.3459	1104671.9430	2643.2900
833	2628417.1030	1104684.8220	2630.8660
834	2628405.2910	1104703.7630	2617.1509
835	2628399.4230	1104728.8270	2591.4570
836	2628397.0090	1104733.5010	2587.8831
837	2628397.0090	1104733.5010	2587.8831
838	2628397.0090	1104733.5010	2587.8831
839	2628397.0090	1104733.5010	2587.8831
840	2628397.0090	1104733.5010	2587.8831
841	2628397.0090	1104733.5010	2587.8831
842	2628397.0090	1104733.5010	2587.8831
843	2628373.7550	1104923.7950	2462.9290
855	2628919.9340	1104742.1320	2790.7839
856	2628919.9340	1104742.1320	2790.7839
857	2628919.3600	1104742.9070	2790.3140
858	2628911.0270	1104755.5160	2781.0620
859	2628903.0820	1104767.5260	2772.2170
860	2628894.8781	1104779.9900	2759.6431
861	2628886.5560	1104792.5670	2749.3889
862	2628875.3070	1104809.4650	2737.2881
863	2628870.0560	1104817.4730	2732.5730
868	2628745.6180	1104767.8960	2699.7209
869	2628725.6600	1104768.0580	2694.8779
876	2628491.6810	1104697.0220	2640.8379
877	2628458.9220	1104699.5000	2636.0339
878	2628428.9910	1104695.8290	2626.8970
879	2628404.9130	1104704.0480	2617.0000
880	2628410.1530	1104693.8260	2622.8640
881	2628397.0090	1104733.5010	2587.8831
882	2628397.0090	1104733.5010	2587.8831
883	2628397.0090	1104733.5010	2587.8831
884	2628397.0090	1104733.5010	2587.8831
885	2628397.0090	1104733.5010	2587.8831
886	2628397.0090	1104733.5010	2587.8831
887	2628397.0090	1104733.5010	2587.8831
888	2628373.7550	1104923.7950	2462.9290
900	2628919.9340	1104742.1320	2790.7839
901	2628919.9340	1104742.1320	2790.7839
902	2628919.3600	1104742.9070	2790.3140
903	2628911.2760	1104754.9430	2781.6379
904	2628903.5300	1104766.8700	2773.0149
905	2628894.6750	1104779.9090	2759.5540
906	2628886.5560	1104792.5670	2749.3889
907	2628875.3070	1104809.4650	2737.2881
908	2628863.7581	1104826.9930	2721.5310
909	2628859.8320	1104826.8470	2719.1211
914	2628736.1550	1104784.0350	2687.4829
922	2628485.4900	1104720.2890	2626.1240
923	2628451.9500	1104718.7090	2619.5720
924	2628412.8530	1104712.0800	2610.5029
925	2628397.5930	1104713.2400	2607.6060
926	2628397.0090	1104733.5010	2587.8831
927	2628397.0090	1104733.5010	2587.8831
928	2628397.6170	1104771.8390	2564.6440
929	2628397.0090	1104733.5010	2587.8831
930	2628397.0090	1104733.5010	2587.8831
931	2628397.0090	1104733.5010	2587.8831
932	2628397.0090	1104733.5010	2587.8831
933	2628373.7550	1104923.7950	2462.9290
945	2628919.9340	1104742.1320	2790.7839
946	2628919.9340	1104742.1320	2790.7839
947	2628919.3600	1104742.9070	2790.3140
948	2628911.3330	1104755.0880	2781.3340
949	2628903.1790	1104767.4320	2772.3159
950	2628895.0070	1104779.6350	2759.9241
951	2628886.9110	1104791.9890	2749.7461
952	2628875.3070	1104809.4650	2737.2881
953	2628870.0940	1104817.2800	2732.6709
954	2628854.4000	1104837.7630	2710.4399
955	2628849.3831	1104834.7120	2707.9351
960	2628730.8149	1104801.9580	2676.2200
961	2628709.8650	1104802.9120	2671.7571
968	2628468.6591	1104735.5330	2608.6311
969	2628444.9060	1104740.6340	2605.2549
970	2628398.4790	1104725.4710	2593.6721
971	2628397.0090	1104733.5010	2587.8831
972	2628397.6170	1104771.8390	2564.6440
973	2628397.6170	1104771.8390	2564.6440
975	2628397.0090	1104733.5010	2587.8831
976	2628397.0090	1104733.5010	2587.8831
978	2628373.7550	1104923.7950	2462.9290
990	2628933.6530	1104721.3900	2801.0249
991	2628928.4420	1104729.1550	2797.9961
992	2628919.3600	1104742.9070	2790.3140
993	2628911.2760	1104754.9430	2781.6379
994	2628902.9580	1104767.7250	2772.1179
995	2628895.2590	1104779.3400	2760.2939
996	2628886.9110	1104791.9890	2749.7461
997	2628875.3070	1104809.4650	2737.2881
998	2628854.4000	1104837.7630	2710.4399
999	2628854.4000	1104837.7630	2710.4399
1000	2628852.1760	1104841.1220	2708.1970
1001	2628841.0389	1104847.7580	2697.7549
1006	2628722.9890	1104817.3280	2664.6731
1014	2628460.1331	1104755.6320	2595.0720
1015	2628429.2870	1104756.9700	2589.3210
1016	2628402.0240	1104758.9570	2577.5330
1017	2628397.6170	1104771.8390	2564.6440
1018	2628397.6170	1104771.8390	2564.6440
1021	2628400.3130	1104893.3380	2495.5190
1022	2628390.6710	1104891.0020	2490.0710
1023	2628390.6710	1104891.0020	2490.0710
1024	2628390.6710	1104891.0020	2490.0710
1035	2628933.6530	1104721.3900	2801.0249
1036	2628928.7820	1104728.7250	2798.2681
1037	2628919.3600	1104742.9070	2790.3140
1038	2628911.2760	1104754.9430	2781.6379
1039	2628903.6490	1104766.7320	2773.1509
1040	2628895.1840	1104779.4840	2760.1340
1041	2628854.4000	1104837.7630	2710.4399
1042	2628854.4000	1104837.7630	2710.4399
1043	2628854.4000	1104837.7630	2710.4399
1044	2628854.4000	1104837.7630	2710.4399
1045	2628851.6250	1104841.4630	2707.7380
1046	2628841.1331	1104847.5170	2697.9270
1047	2628834.3051	1104863.7050	2691.0879
1048	2628827.6639	1104877.6520	2687.7520
1052	2628712.7400	1104832.1320	2650.8081
1053	2628691.4830	1104831.6010	2646.4351
1060	2628442.3330	1104770.6520	2578.4570
1061	2628418.3010	1104775.8680	2569.7019
1062	2628397.6170	1104771.8390	2564.6440
1063	2628397.6170	1104771.8390	2564.6440
1066	2628396.5930	1104770.0420	2565.6150
1067	2628390.6710	1104891.0020	2490.0710
1068	2628390.6710	1104891.0020	2490.0710
1069	2628390.6710	1104891.0020	2490.0710
1080	2628933.6530	1104721.3900	2801.0249
1081	2628928.0920	1104729.7690	2797.4070
1082	2628919.3600	1104742.9070	2790.3140
1083	2628910.6230	1104755.9240	2780.8870
1084	2628854.4000	1104837.7630	2710.4399
1085	2628854.4000	1104837.7630	2710.4399
1086	2628854.4000	1104837.7630	2710.4399
1087	2628854.4000	1104837.7630	2710.4399
1088	2628854.4000	1104837.7630	2710.4399
1089	2628854.4000	1104837.7630	2710.4399
1090	2628851.6790	1104841.1210	2707.8601
1091	2628840.7159	1104847.6500	2697.4331
1094	2628816.7371	1104888.0560	2675.0020
1098	2628700.4170	1104844.7580	2638.2290
1099	2628680.8560	1104845.4310	2633.3931
1106	2628440.9630	1104794.0430	2564.6221
1107	2628388.1500	1104777.8510	2547.5520
1108	2628387.2690	1104777.5810	2547.3440
1111	2628395.0530	1104891.6630	2492.6470
1112	2628390.6710	1104891.0020	2490.0710
1113	2628390.6710	1104891.0020	2490.0710
1114	2628390.6710	1104891.0020	2490.0710
1125	2628933.6530	1104721.3900	2801.0249
1126	2628928.5320	1104729.0890	2798.0339
1127	2628854.4000	1104837.7630	2710.4399
1128	2628854.4000	1104837.7630	2710.4399
1129	2628854.4000	1104837.7630	2710.4399
1130	2628854.4000	1104837.7630	2710.4399
1131	2628854.4000	1104837.7630	2710.4399
1132	2628854.4000	1104837.7630	2710.4399
1133	2628854.4000	1104837.7630	2710.4399
1134	2628854.4000	1104837.7630	2710.4399
1135	2628851.5510	1104840.0040	2707.9409
1139	2628815.2980	1104888.5820	2673.1760
1140	2628799.3610	1104889.8470	2660.8621
1144	2628690.9659	1104857.8300	2626.7529
1145	2628665.3380	1104855.4600	2619.5190
1146	2628641.3300	1104854.1340	2612.2981
1151	2628460.9700	1104812.7980	2557.5901
1152	2628432.0930	1104815.7790	2549.9021
1156	2628400.3130	1104893.3380	2495.5190
1157	2628390.6710	1104891.0020	2490.0710
1158	2628390.6710	1104891.0020	2490.0710
1159	2628390.6710	1104891.0020	2490.0710
1170	2628932.5129	1104722.4190	2800.6831
1171	2628854.4000	1104837.7630	2710.4399
1172	2628854.4000	1104837.7630	2710.4399
1173	2628854.4000	1104837.7630	2710.4399
1174	2628854.4000	1104837.7630	2710.4399
1175	2628854.4000	1104837.7630	2710.4399
1176	2628854.4000	1104837.7630	2710.4399
1177	2628854.4000	1104837.7630	2710.4399
1178	2628854.4000	1104837.7630	2710.4399
1179	2628854.4000	1104837.7630	2710.4399
1184	2628809.6689	1104908.7190	2658.1160
1185	2628810.2419	1104907.7860	2659.1960
1186	2628788.3070	1104898.0560	2647.3469
1187	2628767.5050	1104896.7770	2640.1179
1190	2628684.7380	1104873.9110	2614.3860
1191	2628657.6510	1104870.6630	2606.3979
1192	2628634.7150	1104871.0290	2599.8911
1197	2628449.0480	1104832.7210	2542.6179
1198	2628405.5620	1104822.6660	2529.3401
1203	2628390.6710	1104891.0020	2490.0710
1204	2628390.6710	1104891.0020	2490.0710
1215	2628933.6530	1104721.3900	2801.0249
1216	2628854.4000	1104837.7630	2710.4399
1217	2628854.4000	1104837.7630	2710.4399
1218	2628854.4000	1104837.7630	2710.4399
1219	2628854.4000	1104837.7630	2710.4399
1220	2628854.4000	1104837.7630	2710.4399
1221	2628854.4000	1104837.7630	2710.4399
1222	2628854.4000	1104837.7630	2710.4399
1223	2628854.4000	1104837.7630	2710.4399
1224	2628854.4000	1104837.7630	2710.4399
1229	2628815.2980	1104888.5820	2673.1760
1230	2628810.2419	1104907.7860	2659.1960
1231	2628802.1030	1104920.1440	2646.3540
1232	2628774.6021	1104904.6340	2632.9250
1237	2628646.6580	1104885.3120	2591.6919
1238	2628622.3160	1104885.6220	2585.8511
1240	2628545.8610	1104880.2060	2557.0620
1241	2628512.6949	1104879.0260	2545.7510
1243	2628449.5430	1104859.4930	2533.8511
1244	2628406.5270	1104848.7520	2517.4729
1247	2628390.6710	1104891.0020	2490.0710
1248	2628390.6710	1104891.0020	2490.0710
1249	2628390.6710	1104891.0020	2490.0710
1260	2628854.4000	1104837.7630	2710.4399
1261	2628854.4000	1104837.7630	2710.4399
1262	2628854.4000	1104837.7630	2710.4399
1263	2628854.4000	1104837.7630	2710.4399
1264	2628854.4000	1104837.7630	2710.4399
1265	2628854.4000	1104837.7630	2710.4399
1266	2628854.4000	1104837.7630	2710.4399
1267	2628854.4000	1104837.7630	2710.4399
1268	2628854.4000	1104837.7630	2710.4399
1274	2628815.2980	1104888.5820	2673.1760
1275	2628799.3700	1104922.8150	2642.4641
1276	2628799.3700	1104922.8150	2642.4641
1277	2628795.2040	1104930.5410	2636.0891
1278	2628771.2460	1104924.4710	2623.3191
1284	2628615.4590	1104902.2610	2572.0850
1286	2628539.3340	1104902.8400	2544.1250
1287	2628515.7650	1104904.7790	2539.5071
1288	2628471.8580	1104880.1680	2528.2361
1289	2628446.2729	1104880.2220	2522.7700
1290	2628395.5220	1104865.5320	2502.5530
1291	2628400.3130	1104893.3380	2495.5190
1292	2628390.6710	1104891.0020	2490.0710
1293	2628390.6710	1104891.0020	2490.0710
1305	2628854.4000	1104837.7630	2710.4399
1306	2628854.4000	1104837.7630	2710.4399
1307	2628854.4000	1104837.7630	2710.4399
1308	2628854.4000	1104837.7630	2710.4399
1309	2628854.4000	1104837.7630	2710.4399
1310	2628854.4000	1104837.7630	2710.4399
1311	2628854.4000	1104837.7630	2710.4399
1312	2628854.4000	1104837.7630	2710.4399
1313	2628854.4000	1104837.7630	2710.4399
1319	2628815.2980	1104888.5820	2673.1760
1320	2628799.3700	1104922.8150	2642.4641
1321	2628799.3700	1104922.8150	2642.4641
1322	2628795.2040	1104930.5410	2636.0891
1323	2628785.1270	1104944.9160	2622.8120
1324	2628759.0081	1104932.3540	2611.3030
1330	2628608.3521	1104915.9690	2562.0459
1332	2628534.6880	1104918.4300	2532.5459
1333	2628515.8430	1104926.1090	2528.9041
1334	2628470.3540	1104915.3630	2513.0381
1335	2628438.3311	1104899.0960	2509.3010
1336	2628395.0530	1104891.6630	2492.6470
1338	2628373.7550	1104923.7950	2462.9290
1350	2628854.4000	1104837.7630	2710.4399
1351	2628854.4000	1104837.7630	2710.4399
1352	2628854.4000	1104837.7630	2710.4399
1353	2628854.4000	1104837.7630	2710.4399
1354	2628854.4000	1104837.7630	2710.4399
1355	2628854.4000	1104837.7630	2710.4399
1356	2628854.4000	1104837.7630	2710.4399
1357	2628854.4000	1104837.7630	2710.4399
1364	2628815.2980	1104888.5820	2673.1760
1365	2628799.3700	1104922.8150	2642.4641
1366	2628799.3700	1104922.8150	2642.4641
1367	2628795.2040	1104930.5410	2636.0891
1368	2628785.1270	1104944.9160	2622.8120
1369	2628778.8550	1104955.2190	2614.9980
1370	2628755.8680	1104949.6910	2602.3279
1376	2628597.2650	1104932.0180	2549.6890
1377	2628573.5870	1104935.0340	2539.7710
1378	2628527.3781	1104933.9310	2521.2271
1379	2628499.9540	1104938.8320	2513.3911
1380	2628465.7990	1104935.2270	2502.6350
1381	2628428.3510	1104917.7130	2494.1311
1383	2628373.7550	1104923.7950	2462.9290
1395	2628854.4000	1104837.7630	2710.4399
1396	2628854.4000	1104837.7630	2710.4399
1397	2628854.4000	1104837.7630	2710.4399
1398	2628854.4000	1104837.7630	2710.4399
1399	2628854.4000	1104837.7630	2710.4399
1400	2628854.4000	1104837.7630	2710.4399
1401	2628854.4000	1104837.7630	2710.4399
1402	2628854.4000	1104837.7630	2710.4399
1409	2628815.2980	1104888.5820	2673.1760
1410	2628799.3700	1104922.8150	2642.4641
1411	2628799.3700	1104922.8150	2642.4641
1412	2628795.2040	1104930.5410	2636.0891
1413	2628785.1270	1104944.9160	2622.8120
1414	2628778.7280	1104955.4790	2614.8259
1415	2628771.0420	1104967.0730	2606.5220
1416	2628745.7581	1104962.1780	2589.9250
1422	2628588.5730	1104948.4090	2535.3850
1423	2628572.0129	1104954.2940	2532.6431
1424	2628522.2400	1104955.4360	2511.9519
1425	2628496.6820	1104958.0540	2504.8479
1426	2628460.8990	1104953.2590	2490.4741
1427	2628412.8510	1104931.2970	2478.3130
1428	2628367.9590	1104924.6760	2458.4131
1438	2628232.6740	1105083.3480	2325.9050
1440	2628854.4000	1104837.7630	2710.4399
1441	2628854.4000	1104837.7630	2710.4399
1442	2628854.4000	1104837.7630	2710.4399
1443	2628854.4000	1104837.7630	2710.4399
1444	2628854.4000	1104837.7630	2710.4399
1445	2628854.4000	1104837.7630	2710.4399
1446	2628854.4000	1104837.7630	2710.4399
1454	2628815.2980	1104888.5820	2673.1760
1455	2628810.2419	1104907.7860	2659.1960
1456	2628799.3700	1104922.8150	2642.4641
1457	2628795.2040	1104930.5410	2636.0891
1458	2628780.2690	1104951.1860	2617.5720
1459	2628778.8590	1104955.2710	2614.9619
1460	2628763.7440	1104977.9470	2596.0569
1461	2628762.7390	1104979.6140	2593.9099
1462	2628736.4630	1104973.2470	2578.8369
1468	2628584.3660	1104966.1550	2525.9089
1469	2628557.4449	1104969.2690	2519.6030
1470	2628526.6260	1104968.0680	2506.7781
1471	2628493.0740	1104977.5720	2494.9570
1472	2628452.4880	1104970.3610	2477.1760
1473	2628402.0760	1104949.1030	2462.8979
1481	2628241.6140	1105048.7450	2348.3040
1482	2628236.8170	1105065.8950	2338.4060
1483	2628232.6740	1105083.3480	2325.9050
1484	2628223.7930	1105109.2360	2304.5120
1485	2628854.4000	1104837.7630	2710.4399
1486	2628854.4000	1104837.7630	2710.4399
1487	2628854.4000	1104837.7630	2710.4399
1488	2628854.4000	1104837.7630	2710.4399
1489	2628854.4000	1104837.7630	2710.4399
1490	2628854.4000	1104837.7630	2710.4399
1491	2628854.4000	1104837.7630	2710.4399
1499	2628815.2980	1104888.5820	2673.1760
1500	2628799.3700	1104922.8150	2642.4641
1501	2628799.3700	1104922.8150	2642.4641
1502	2628795.2040	1104930.5410	2636.0891
1503	2628785.1270	1104944.9160	2622.8120
1504	2628779.0341	1104954.9560	2615.2200
1505	2628763.7440	1104977.9470	2596.0569
1506	2628757.0320	1104988.2800	2585.6360
1507	2628752.9020	1104994.4690	2579.9529
1514	2628577.9950	1104985.6460	2516.6899
1515	2628559.4600	1104994.8860	2510.5229
1516	2628523.7271	1104989.1450	2498.1990
1517	2628491.2290	1104998.9730	2483.5601
1518	2628447.0590	1104987.3140	2467.9490
1519	2628385.4160	1104964.7370	2446.4299
1520	2628352.4690	1104966.4410	2433.9250
1525	2628250.7510	1105028.2560	2355.1101
1526	2628241.6140	1105048.7450	2348.3040
1527	2628236.8170	1105065.8950	2338.4060
1528	2628232.6740	1105083.3480	2325.9050
1529	2628223.8710	1105108.1560	2305.2490
1530	2628854.4000	1104837.7630	2710.4399
1531	2628854.4000	1104837.7630	2710.4399
1532	2628854.4000	1104837.7630	2710.4399
1533	2628854.4000	1104837.7630	2710.4399
1534	2628854.4000	1104837.7630	2710.4399
1535	2628854.4000	1104837.7630	2710.4399
1544	2628815.2980	1104888.5820	2673.1760
1545	2628810.2419	1104907.7860	2659.1960
1546	2628799.3700	1104922.8150	2642.4641
1547	2628795.2040	1104930.5410	2636.0891
1548	2628780.2690	1104951.1860	2617.5720
1549	2628779.0820	1104954.9000	2615.2820
1550	2628763.7440	1104977.9470	2596.0569
1551	2628762.1990	1104980.4320	2593.0381
1552	2628747.6160	1105002.5070	2572.6851
1553	2628744.3820	1105007.3160	2568.2571
1559	2628587.4520	1104992.8360	2507.0339
1560	2628574.8960	1105005.0160	2507.2991
1561	2628554.5660	1105010.9060	2500.4460
1562	2628515.2371	1105004.3990	2485.7891
1563	2628483.5250	1105009.1090	2472.7461
1564	2628436.4590	1105001.7590	2455.7439
1565	2628373.8890	1104980.8780	2428.8220
1570	2628250.9210	1105031.7350	2354.7041
1571	2628241.7340	1105049.3490	2347.3560
1572	2628236.8170	1105065.8950	2338.4060
1573	2628234.4100	1105085.5820	2325.7610
1574	2628223.3610	1105110.2300	2304.0210
1575	2628854.4000	1104837.7630	2710.4399
1576	2628854.4000	1104837.7630	2710.4399
1577	2628854.4000	1104837.7630	2710.4399
1578	2628854.4000	1104837.7630	2710.4399
1579	2628854.4000	1104837.7630	2710.4399
1580	2628854.4000	1104837.7630	2710.4399
1589	2628815.2980	1104888.5820	2673.1760
1590	2628799.3700	1104922.8150	2642.4641
1591	2628799.3700	1104922.8150	2642.4641
1592	2628795.2040	1104930.5410	2636.0891
1593	2628785.1270	1104944.9160	2622.8120
1594	2628779.0820	1104954.9000	2615.2820
1595	2628763.7440	1104977.9470	2596.0569
1596	2628762.7390	1104979.6140	2593.9099
1597	2628747.6160	1105002.5070	2572.6851
1598	2628745.7750	1105005.2870	2570.0171
1599	2628735.3580	1105015.1150	2559.0200
1602	2628711.5250	1105052.3110	2557.6621
1605	2628579.0900	1105009.3650	2495.0190
1606	2628562.0649	1105018.2090	2495.5549
1607	2628545.3480	1105025.4640	2489.9360
1608	2628504.8500	1105019.8640	2472.6621
1609	2628466.4080	1105023.0410	2457.3020
1610	2628426.1630	1105016.8260	2442.4980
1615	2628250.3320	1105028.4530	2354.9170
1616	2628249.3550	1105033.6250	2354.8679
1617	2628235.6670	1105069.4780	2335.0850
1618	2628249.3550	1105033.6250	2354.8679
1619	2628223.3870	1105109.9530	2304.2351
1620	2628854.4000	1104837.7630	2710.4399
1621	2628854.4000	1104837.7630	2710.4399
1622	2628854.4000	1104837.7630	2710.4399
1623	2628854.4000	1104837.7630	2710.4399
1624	2628854.4000	1104837.7630	2710.4399
1625	2628854.4000	1104837.7630	2710.4399
1634	2628815.2980	1104888.5820	2673.1760
1635	2628799.3700	1104922.8150	2642.4641
1636	2628799.3700	1104922.8150	2642.4641
1637	2628795.2040	1104930.5410	2636.0891
1638	2628785.1270	1104944.9160	2622.8120
1639	2628779.0341	1104954.9560	2615.2200
1640	2628763.7440	1104977.9470	2596.0569
1641	2628762.2380	1104980.3860	2593.0991
1642	2628754.7290	1104991.7590	2582.7310
1643	2628745.6130	1105005.4370	2569.8811
1645	2628722.7230	1105024.9680	2548.2749
1651	2628574.2440	1105024.5970	2485.5281
1652	2628553.4280	1105033.8760	2479.6140
1653	2628534.8970	1105041.2500	2476.7820
1654	2628487.8690	1105030.9710	2456.5229
1655	2628450.5750	1105033.5750	2445.0139
1656	2628419.7670	1105031.4380	2430.6221
1660	2628250.7510	1105028.2560	2355.1101
1661	2628241.9700	1105047.7090	2348.7710
1662	2628236.8170	1105065.8950	2338.4060
1663	2628230.3680	1105086.9620	2321.4360
1664	2628224.6130	1105106.0680	2306.6440
1665	2628854.4000	1104837.7630	2710.4399
1666	2628854.4000	1104837.7630	2710.4399
1667	2628854.4000	1104837.7630	2710.4399
1668	2628854.4000	1104837.7630	2710.4399
1669	2628854.4000	1104837.7630	2710.4399
1679	2628815.2980	1104888.5820	2673.1760
1680	2628799.3700	1104922.8150	2642.4641
1681	2628799.3700	1104922.8150	2642.4641
1682	2628795.2040	1104930.5410	2636.0891
1683	2628785.1270	1104944.9160	2622.8120
1684	2628763.7440	1104977.9470	2596.0569
1685	2628763.7440	1104977.9470	2596.0569
1686	2628762.3580	1104980.1350	2593.3081
1687	2628753.3690	1104992.9550	2580.9451
1688	2628745.6130	1105005.4370	2569.8811
1697	2628566.0400	1105041.6870	2472.4910
1698	2628549.4780	1105050.8320	2470.9800
1699	2628524.8060	1105054.0810	2464.1680
1700	2628479.4800	1105044.9380	2443.8970
1701	2628455.8621	1105052.2140	2433.4260
1702	2628413.3100	1105049.8540	2418.3970
1703	2628356.0370	1105041.6550	2394.3579
1705	2628261.4020	1105035.2500	2355.0659
1706	2628241.6140	1105048.7450	2348.3040
1707	2628235.6400	1105069.0170	2335.7610
1708	2628230.0920	1105087.7220	2320.6509
1709	2628224.6130	1105106.0680	2306.6440
1710	2628854.4000	1104837.7630	2710.4399
1711	2628854.4000	1104837.7630	2710.4399
1712	2628854.4000	1104837.7630	2710.4399
1713	2628854.4000	1104837.7630	2710.4399
1714	2628854.4000	1104837.7630	2710.4399
1724	2628815.2980	1104888.5820	2673.1760
1725	2628799.3700	1104922.8150	2642.4641
1726	2628799.3700	1104922.8150	2642.4641
1727	2628795.2040	1104930.5410	2636.0891
1728	2628785.1270	1104944.9160	2622.8120
1729	2628763.7440	1104977.9470	2596.0569
1730	2628763.7440	1104977.9470	2596.0569
1731	2628762.0861	1104980.1880	2593.1340
1743	2628559.0179	1105057.2790	2462.2729
1744	2628539.6851	1105064.9080	2459.8601
1745	2628517.4630	1105069.0960	2451.8101
1746	2628466.3110	1105061.6730	2427.7930
1747	2628441.5780	1105063.9880	2417.8999
1748	2628382.2360	1105057.0840	2395.6799
1751	2628256.3180	1105056.2580	2342.6709
1752	2628236.8170	1105065.8950	2338.4060
1753	2628229.7990	1105088.3810	2319.9360
1754	2628222.0740	1105114.3070	2301.7061
1755	2628854.4000	1104837.7630	2710.4399
1756	2628854.4000	1104837.7630	2710.4399
1757	2628854.4000	1104837.7630	2710.4399
1758	2628854.4000	1104837.7630	2710.4399
1769	2628815.2980	1104888.5820	2673.1760
1770	2628799.3700	1104922.8150	2642.4641
1771	2628799.3700	1104922.8150	2642.4641
1772	2628795.0570	1104930.7850	2635.9900
1773	2628785.1270	1104944.9160	2622.8120
1774	2628779.0820	1104954.9000	2615.2820
1775	2628763.7440	1104977.9470	2596.0569
1789	2628555.2130	1105074.5720	2453.9709
1790	2628533.9600	1105081.2180	2448.3320
1791	2628507.9990	1105083.9270	2438.7251
1792	2628463.6970	1105078.3460	2419.0149
1793	2628424.3960	1105079.0570	2401.0320
1794	2628377.2930	1105071.9890	2381.9419
1797	2628247.7120	1105074.8510	2329.7300
1798	2628234.4100	1105085.5820	2325.7610
1799	2628224.6130	1105106.0680	2306.6440
1800	2628854.4000	1104837.7630	2710.4399
1801	2628854.4000	1104837.7630	2710.4399
1802	2628854.4000	1104837.7630	2710.4399
1803	2628854.4000	1104837.7630	2710.4399
1814	2628815.2980	1104888.5820	2673.1760
1815	2628799.3700	1104922.8150	2642.4641
1816	2628799.3700	1104922.8150	2642.4641
1817	2628795.2040	1104930.5410	2636.0891
1818	2628785.1270	1104944.9160	2622.8120
1820	2628763.7440	1104977.9470	2596.0569
1835	2628547.2531	1105091.7810	2443.5020
1836	2628531.1949	1105099.2220	2439.3611
1837	2628499.0140	1105098.9290	2426.1880
1838	2628467.2040	1105102.2770	2413.5481
1839	2628408.4790	1105091.7310	2384.4961
1840	2628360.0120	1105086.9140	2363.8411
1842	2628271.1060	1105086.3710	2325.9141
1843	2628238.4410	1105094.1130	2314.2700
1844	2628224.6130	1105106.0680	2306.6440
1845	2628854.4000	1104837.7630	2710.4399
1846	2628854.4000	1104837.7630	2710.4399
1847	2628854.4000	1104837.7630	2710.4399
1860	2628799.3700	1104922.8150	2642.4641
1861	2628799.3700	1104922.8150	2642.4641
1881	2628543.6600	1105107.1790	2433.4609
1882	2628527.6710	1105116.5080	2430.6111
1883	2628497.1450	1105117.7780	2417.5200
1884	2628460.2410	1105118.8550	2402.5310
1885	2628389.6490	1105103.9540	2366.7410
1888	2628259.5590	1105106.0270	2310.6250
1889	2628229.5390	1105113.7600	2301.6221
1890	2628854.4000	1104837.7630	2710.4399
1891	2628854.4000	1104837.7630	2710.4399
1892	2628854.4000	1104837.7630	2710.4399
1905	2628799.3700	1104922.8150	2642.4641
1927	2628534.6730	1105121.9540	2420.5459
1928	2628517.4399	1105131.9450	2417.3049
1929	2628490.0551	1105134.3310	2406.7749
1930	2628451.3770	1105134.2360	2390.3511
1934	2628253.0520	1105124.0150	2297.7129
1935	2628854.4000	1104837.7630	2710.4399
1936	2628854.4000	1104837.7630	2710.4399
1973	2628519.7581	1105134.6460	2405.4519
1974	2628511.1610	1105146.9190	2406.2009
1975	2628478.9930	1105148.3270	2392.8840
1976	2628454.1910	1105155.3720	2385.2019
1977	2628373.0940	1105137.0450	2341.0591
1980	2628854.4000	1104837.7630	2710.4399
1981	2628854.4000	1104837.7630	2710.4399
2019	2628517.0950	1105150.2760	2400.6709
2020	2628494.8300	1105157.2790	2391.2180
2021	2628465.6960	1105160.9990	2378.8589
2022	2628449.5100	1105172.5460	2374.3210
2023	2628376.3910	1105158.1180	2336.4009
