ID	X	Y	Z
10	2628632.1030	1104505.2820	2802.4541
11	2628632.1030	1104505.2820	2802.4541
12	2628632.1030	1104505.2820	2802.4541
13	2628632.1030	1104505.2820	2802.4541
14	2628632.1030	1104505.2820	2802.4541
15	2628564.7570	1104513.4360	2769.6909
16	2628564.7570	1104513.4360	2769.6909
17	2628564.7570	1104513.4360	2769.6909
18	2628564.7570	1104513.4360	2769.6909
19	2628564.7570	1104513.4360	2769.6909
20	2628564.7570	1104513.4360	2769.6909
21	2628564.7570	1104513.4360	2769.6909
22	2628428.0460	1104663.1640	2643.2561
23	2628419.4390	1104670.1810	2637.4299
24	2628419.4390	1104670.1810	2637.4299
25	2628397.9760	1104731.1850	2588.2070
26	2628397.0090	1104733.5010	2587.8831
27	2628397.0090	1104733.5010	2587.8831
28	2628397.0090	1104733.5010	2587.8831
29	2628397.0090	1104733.5010	2587.8831
30	2628397.0090	1104733.5010	2587.8831
31	2628397.0090	1104733.5010	2587.8831
32	2628397.0090	1104733.5010	2587.8831
33	2628373.7550	1104923.7950	2462.9290
55	2628632.1030	1104505.2820	2802.4541
56	2628632.1030	1104505.2820	2802.4541
57	2628632.1030	1104505.2820	2802.4541
58	2628632.1030	1104505.2820	2802.4541
59	2628564.7570	1104513.4360	2769.6909
60	2628564.7570	1104513.4360	2769.6909
61	2628564.7570	1104513.4360	2769.6909
62	2628564.7570	1104513.4360	2769.6909
63	2628564.7570	1104513.4360	2769.6909
64	2628564.7570	1104513.4360	2769.6909
65	2628564.7570	1104513.4360	2769.6909
66	2628564.7570	1104513.4360	2769.6909
67	2628427.0890	1104662.7620	2642.6919
68	2628419.4390	1104670.1810	2637.4299
69	2628419.4390	1104670.1810	2637.4299
70	2628399.4920	1104728.3710	2591.7991
71	2628397.0090	1104733.5010	2587.8831
72	2628397.0090	1104733.5010	2587.8831
73	2628397.0090	1104733.5010	2587.8831
74	2628397.0090	1104733.5010	2587.8831
75	2628397.0090	1104733.5010	2587.8831
76	2628397.0090	1104733.5010	2587.8831
77	2628397.0090	1104733.5010	2587.8831
78	2628373.7550	1104923.7950	2462.9290
100	2628632.1030	1104505.2820	2802.4541
101	2628632.1030	1104505.2820	2802.4541
102	2628632.1030	1104505.2820	2802.4541
103	2628632.1030	1104505.2820	2802.4541
104	2628564.7570	1104513.4360	2769.6909
105	2628564.7570	1104513.4360	2769.6909
106	2628564.7570	1104513.4360	2769.6909
107	2628564.7570	1104513.4360	2769.6909
108	2628564.7570	1104513.4360	2769.6909
109	2628564.7570	1104513.4360	2769.6909
110	2628564.7570	1104513.4360	2769.6909
111	2628564.7570	1104513.4360	2769.6909
112	2628427.0890	1104662.7620	2642.6919
113	2628419.4390	1104670.1810	2637.4299
114	2628419.4390	1104670.1810	2637.4299
115	2628399.4230	1104728.8270	2591.4570
116	2628397.0090	1104733.5010	2587.8831
117	2628397.0090	1104733.5010	2587.8831
118	2628397.0090	1104733.5010	2587.8831
119	2628397.0090	1104733.5010	2587.8831
120	2628397.0090	1104733.5010	2587.8831
121	2628397.0090	1104733.5010	2587.8831
122	2628397.0090	1104733.5010	2587.8831
123	2628373.7550	1104923.7950	2462.9290
145	2628632.1030	1104505.2820	2802.4541
146	2628632.1030	1104505.2820	2802.4541
147	2628632.1030	1104505.2820	2802.4541
148	2628632.1030	1104505.2820	2802.4541
149	2628564.7570	1104513.4360	2769.6909
150	2628564.7570	1104513.4360	2769.6909
151	2628564.7570	1104513.4360	2769.6909
152	2628564.7570	1104513.4360	2769.6909
153	2628564.7570	1104513.4360	2769.6909
155	2628564.7570	1104513.4360	2769.6909
156	2628442.6460	1104630.6700	2666.2451
157	2628427.0890	1104662.7620	2642.6919
158	2628419.4390	1104670.1810	2637.4299
159	2628419.4390	1104670.1810	2637.4299
160	2628397.8390	1104723.8880	2595.6021
161	2628397.0090	1104733.5010	2587.8831
162	2628397.0090	1104733.5010	2587.8831
163	2628397.0090	1104733.5010	2587.8831
164	2628397.0090	1104733.5010	2587.8831
165	2628397.0090	1104733.5010	2587.8831
166	2628397.0090	1104733.5010	2587.8831
167	2628397.0090	1104733.5010	2587.8831
168	2628373.7550	1104923.7950	2462.9290
190	2628632.1030	1104505.2820	2802.4541
191	2628632.1030	1104505.2820	2802.4541
192	2628632.1030	1104505.2820	2802.4541
193	2628564.7570	1104513.4360	2769.6909
194	2628564.7570	1104513.4360	2769.6909
195	2628564.7570	1104513.4360	2769.6909
196	2628564.7570	1104513.4360	2769.6909
197	2628564.7570	1104513.4360	2769.6909
198	2628564.7570	1104513.4360	2769.6909
200	2628564.7570	1104513.4360	2769.6909
201	2628442.6460	1104630.6700	2666.2451
202	2628427.0890	1104662.7620	2642.6919
203	2628419.4390	1104670.1810	2637.4299
204	2628419.4390	1104670.1810	2637.4299
205	2628399.4230	1104728.8270	2591.4570
206	2628397.0090	1104733.5010	2587.8831
207	2628397.0090	1104733.5010	2587.8831
208	2628397.0090	1104733.5010	2587.8831
209	2628397.0090	1104733.5010	2587.8831
210	2628397.0090	1104733.5010	2587.8831
211	2628397.0090	1104733.5010	2587.8831
212	2628397.0090	1104733.5010	2587.8831
213	2628373.7550	1104923.7950	2462.9290
235	2628632.1030	1104505.2820	2802.4541
236	2628632.1030	1104505.2820	2802.4541
237	2628632.1030	1104505.2820	2802.4541
238	2628564.7570	1104513.4360	2769.6909
239	2628564.7570	1104513.4360	2769.6909
240	2628564.7570	1104513.4360	2769.6909
241	2628564.7570	1104513.4360	2769.6909
242	2628564.7570	1104513.4360	2769.6909
245	2628449.9260	1104622.8600	2669.9399
246	2628442.6460	1104630.6700	2666.2451
247	2628428.0460	1104663.1640	2643.2561
248	2628419.4390	1104670.1810	2637.4299
249	2628419.4390	1104670.1810	2637.4299
250	2628399.4230	1104728.8270	2591.4570
251	2628397.0090	1104733.5010	2587.8831
252	2628397.0090	1104733.5010	2587.8831
253	2628397.0090	1104733.5010	2587.8831
254	2628397.0090	1104733.5010	2587.8831
255	2628397.0090	1104733.5010	2587.8831
256	2628397.0090	1104733.5010	2587.8831
257	2628397.0090	1104733.5010	2587.8831
258	2628373.8820	1104923.4360	2463.2261
280	2628632.1030	1104505.2820	2802.4541
281	2628632.1030	1104505.2820	2802.4541
282	2628584.2070	1104516.5140	2778.2500
283	2628564.7570	1104513.4360	2769.6909
284	2628564.7570	1104513.4360	2769.6909
285	2628564.7570	1104513.4360	2769.6909
286	2628564.7570	1104513.4360	2769.6909
287	2628564.7570	1104513.4360	2769.6909
290	2628450.5770	1104622.9660	2670.1699
291	2628442.6460	1104630.6700	2666.2451
292	2628427.0890	1104662.7620	2642.6919
293	2628419.4390	1104670.1810	2637.4299
294	2628419.4390	1104670.1810	2637.4299
295	2628399.4230	1104728.8270	2591.4570
296	2628397.0090	1104733.5010	2587.8831
297	2628397.0090	1104733.5010	2587.8831
298	2628397.0090	1104733.5010	2587.8831
299	2628397.0090	1104733.5010	2587.8831
300	2628397.0090	1104733.5010	2587.8831
301	2628397.0090	1104733.5010	2587.8831
302	2628397.0090	1104733.5010	2587.8831
303	2628373.7550	1104923.7950	2462.9290
325	2628632.1030	1104505.2820	2802.4541
326	2628632.1030	1104505.2820	2802.4541
327	2628585.1840	1104515.3640	2779.0791
328	2628564.7570	1104513.4360	2769.6909
329	2628564.7570	1104513.4360	2769.6909
330	2628564.7570	1104513.4360	2769.6909
331	2628564.7570	1104513.4360	2769.6909
335	2628450.2460	1104623.7590	2669.9170
336	2628442.6460	1104630.6700	2666.2451
337	2628427.0890	1104662.7620	2642.6919
338	2628419.4390	1104670.1810	2637.4299
339	2628419.4390	1104670.1810	2637.4299
340	2628399.4230	1104728.8270	2591.4570
341	2628397.0090	1104733.5010	2587.8831
342	2628397.0090	1104733.5010	2587.8831
343	2628397.0090	1104733.5010	2587.8831
344	2628397.0090	1104733.5010	2587.8831
345	2628397.0090	1104733.5010	2587.8831
346	2628397.0090	1104733.5010	2587.8831
347	2628397.0090	1104733.5010	2587.8831
348	2628373.7550	1104923.7950	2462.9290
370	2628632.1030	1104505.2820	2802.4541
372	2628581.9530	1104515.0390	2777.5691
373	2628564.7570	1104513.4360	2769.6909
374	2628564.7570	1104513.4360	2769.6909
375	2628535.0601	1104534.2800	2746.2639
380	2628449.9260	1104622.8600	2669.9399
381	2628442.6460	1104630.6700	2666.2451
382	2628427.0890	1104662.7620	2642.6919
383	2628419.4390	1104670.1810	2637.4299
384	2628419.4390	1104670.1810	2637.4299
385	2628399.4230	1104728.8270	2591.4570
386	2628397.0090	1104733.5010	2587.8831
387	2628397.0090	1104733.5010	2587.8831
388	2628397.0090	1104733.5010	2587.8831
389	2628397.0090	1104733.5010	2587.8831
390	2628397.0090	1104733.5010	2587.8831
391	2628397.0090	1104733.5010	2587.8831
392	2628397.0090	1104733.5010	2587.8831
393	2628373.7550	1104923.7950	2462.9290
415	2628629.6500	1104512.9090	2798.9480
416	2628607.0990	1104514.5810	2788.0750
417	2628584.0120	1104514.8210	2778.6101
418	2628564.7570	1104513.4360	2769.6909
419	2628564.7570	1104513.4360	2769.6909
420	2628535.0601	1104534.2800	2746.2639
425	2628449.9260	1104622.8600	2669.9399
426	2628442.6460	1104630.6700	2666.2451
427	2628428.0460	1104663.1640	2643.2561
428	2628419.4390	1104670.1810	2637.4299
429	2628419.4390	1104670.1810	2637.4299
430	2628397.8390	1104723.8880	2595.6021
431	2628397.0090	1104733.5010	2587.8831
432	2628397.0090	1104733.5010	2587.8831
433	2628397.0090	1104733.5010	2587.8831
434	2628397.0090	1104733.5010	2587.8831
435	2628397.0090	1104733.5010	2587.8831
436	2628397.0090	1104733.5010	2587.8831
437	2628397.0090	1104733.5010	2587.8831
438	2628373.7550	1104923.7950	2462.9290
450	2628917.9150	1104678.8310	2825.7529
451	2628895.5330	1104665.0490	2822.3911
452	2628876.4310	1104659.6500	2819.9150
461	2628619.8860	1104532.7050	2783.9170
462	2628581.9530	1104515.0390	2777.5691
463	2628564.7570	1104513.4360	2769.6909
464	2628547.4390	1104535.1200	2753.9551
465	2628535.0601	1104534.2800	2746.2639
470	2628449.9260	1104622.8600	2669.9399
471	2628442.6460	1104630.6700	2666.2451
472	2628427.0890	1104662.7620	2642.6919
473	2628419.4390	1104670.1810	2637.4299
474	2628419.4390	1104670.1810	2637.4299
475	2628399.4920	1104728.3710	2591.7991
476	2628397.0090	1104733.5010	2587.8831
477	2628397.0090	1104733.5010	2587.8831
478	2628397.0090	1104733.5010	2587.8831
479	2628397.0090	1104733.5010	2587.8831
480	2628397.0090	1104733.5010	2587.8831
481	2628397.0090	1104733.5010	2587.8831
482	2628397.0090	1104733.5010	2587.8831
483	2628373.7550	1104923.7950	2462.9290
495	2628928.6240	1104699.6270	2817.2009
496	2628911.7180	1104697.6480	2815.0920
497	2628891.9130	1104689.6660	2812.1709
498	2628869.3260	1104677.4220	2808.4319
507	2628609.0300	1104551.8990	2768.5281
508	2628570.9010	1104533.8880	2762.8850
509	2628548.3240	1104538.3940	2753.8899
510	2628535.0601	1104534.2800	2746.2639
515	2628450.2460	1104623.7590	2669.9170
516	2628442.6460	1104630.6700	2666.2451
517	2628427.0890	1104662.7620	2642.6919
518	2628419.4390	1104670.1810	2637.4299
519	2628419.4390	1104670.1810	2637.4299
520	2628399.4920	1104728.3710	2591.7991
521	2628397.0090	1104733.5010	2587.8831
522	2628397.0090	1104733.5010	2587.8831
523	2628397.0090	1104733.5010	2587.8831
524	2628397.0090	1104733.5010	2587.8831
525	2628397.0090	1104733.5010	2587.8831
526	2628397.0090	1104733.5010	2587.8831
527	2628397.0090	1104733.5010	2587.8831
528	2628373.7550	1104923.7950	2462.9290
540	2628935.3220	1104712.3230	2807.5229
541	2628919.4709	1104712.4710	2805.6780
542	2628903.0310	1104711.2400	2803.4431
543	2628885.6460	1104707.8830	2801.1531
544	2628868.1790	1104706.1910	2799.0491
545	2628845.3630	1104695.4690	2795.3491
553	2628593.3210	1104564.2340	2751.8589
554	2628557.6420	1104551.0530	2746.9099
560	2628449.9260	1104622.8600	2669.9399
561	2628442.6460	1104630.6700	2666.2451
562	2628427.0890	1104662.7620	2642.6919
563	2628419.4390	1104670.1810	2637.4299
564	2628419.4390	1104670.1810	2637.4299
565	2628399.4230	1104728.8270	2591.4570
566	2628397.0090	1104733.5010	2587.8831
567	2628397.0090	1104733.5010	2587.8831
568	2628397.0090	1104733.5010	2587.8831
569	2628397.0090	1104733.5010	2587.8831
570	2628397.0090	1104733.5010	2587.8831
571	2628397.0090	1104733.5010	2587.8831
572	2628397.0090	1104733.5010	2587.8831
573	2628373.7550	1104923.7950	2462.9290
585	2628933.6530	1104721.3900	2801.0249
586	2628928.2190	1104729.5090	2797.6030
587	2628913.9840	1104731.7670	2795.4551
588	2628896.9470	1104728.1280	2792.8999
589	2628879.4250	1104725.0390	2790.5229
590	2628859.1660	1104719.4330	2787.3831
600	2628546.7100	1104570.8710	2730.5071
605	2628450.2460	1104623.7590	2669.9170
606	2628442.6460	1104630.6700	2666.2451
607	2628428.0460	1104663.1640	2643.2561
608	2628419.4390	1104670.1810	2637.4299
609	2628419.4390	1104670.1810	2637.4299
610	2628397.8390	1104723.8880	2595.6021
611	2628397.0090	1104733.5010	2587.8831
612	2628397.0090	1104733.5010	2587.8831
613	2628397.0090	1104733.5010	2587.8831
614	2628397.0090	1104733.5010	2587.8831
615	2628397.0090	1104733.5010	2587.8831
616	2628397.0090	1104733.5010	2587.8831
617	2628397.0090	1104733.5010	2587.8831
618	2628373.7550	1104923.7950	2462.9290
630	2628933.6530	1104721.3900	2801.0249
631	2628928.2190	1104729.5090	2797.6030
632	2628918.0660	1104744.9280	2788.8970
633	2628908.0081	1104748.2480	2785.1450
634	2628888.9750	1104742.0150	2782.3491
635	2628869.7430	1104736.7850	2778.7471
636	2628846.9760	1104726.5200	2774.3020
637	2628818.9189	1104708.3460	2768.2271
646	2628533.1949	1104587.5180	2714.2090
650	2628450.5770	1104622.9660	2670.1699
651	2628442.6460	1104630.6700	2666.2451
652	2628427.0890	1104662.7620	2642.6919
653	2628419.4390	1104670.1810	2637.4299
654	2628419.4390	1104670.1810	2637.4299
655	2628399.4920	1104728.3710	2591.7991
656	2628397.0090	1104733.5010	2587.8831
657	2628397.0090	1104733.5010	2587.8831
658	2628397.0090	1104733.5010	2587.8831
659	2628397.0090	1104733.5010	2587.8831
660	2628397.0090	1104733.5010	2587.8831
661	2628397.0090	1104733.5010	2587.8831
662	2628397.0090	1104733.5010	2587.8831
663	2628373.7550	1104923.7950	2462.9290
675	2628933.6530	1104721.3900	2801.0249
676	2628919.9340	1104742.1320	2790.7839
677	2628919.3600	1104742.9070	2790.3140
678	2628911.2760	1104754.9430	2781.6379
679	2628900.0110	1104761.4460	2774.3589
680	2628878.2280	1104750.5800	2769.7549
681	2628859.9680	1104746.9990	2766.3660
682	2628832.7660	1104729.8050	2760.7080
683	2628810.3000	1104722.8200	2755.8000
692	2628524.3020	1104608.1050	2698.7891
695	2628449.9260	1104622.8600	2669.9399
696	2628442.6460	1104630.6700	2666.2451
697	2628427.0890	1104662.7620	2642.6919
698	2628419.4390	1104670.1810	2637.4299
699	2628419.4390	1104670.1810	2637.4299
700	2628397.8390	1104723.8880	2595.6021
701	2628397.0090	1104733.5010	2587.8831
702	2628397.0090	1104733.5010	2587.8831
703	2628397.0090	1104733.5010	2587.8831
704	2628397.0090	1104733.5010	2587.8831
705	2628397.0090	1104733.5010	2587.8831
706	2628397.0090	1104733.5010	2587.8831
707	2628397.0090	1104733.5010	2587.8831
708	2628373.7550	1104923.7950	2462.9290
720	2628933.6530	1104721.3900	2801.0249
721	2628919.9340	1104742.1320	2790.7839
722	2628918.0660	1104744.9280	2788.8970
723	2628911.0270	1104755.5160	2781.0620
724	2628903.0820	1104767.5260	2772.2170
725	2628889.4760	1104768.9550	2762.6331
726	2628866.5820	1104757.8720	2757.1460
727	2628844.9821	1104749.5660	2752.1360
729	2628798.2280	1104731.9420	2742.7019
730	2628776.9980	1104729.0520	2738.8960
738	2628514.6320	1104630.7710	2683.1189
739	2628485.8051	1104629.7010	2678.9519
740	2628451.1270	1104623.1210	2670.4460
741	2628433.0699	1104637.6930	2657.8630
742	2628427.0890	1104662.7620	2642.6919
743	2628419.4390	1104670.1810	2637.4299
744	2628419.4390	1104670.1810	2637.4299
745	2628399.4230	1104728.8270	2591.4570
746	2628397.0090	1104733.5010	2587.8831
747	2628397.0090	1104733.5010	2587.8831
748	2628397.0090	1104733.5010	2587.8831
749	2628397.0090	1104733.5010	2587.8831
750	2628397.0090	1104733.5010	2587.8831
751	2628397.0090	1104733.5010	2587.8831
752	2628397.0090	1104733.5010	2587.8831
753	2628373.7550	1104923.7950	2462.9290
765	2628919.9340	1104742.1320	2790.7839
766	2628919.9340	1104742.1320	2790.7839
767	2628919.3600	1104742.9070	2790.3140
768	2628911.3330	1104755.0880	2781.3340
769	2628903.1790	1104767.4320	2772.3159
770	2628892.0240	1104784.2720	2755.2910
771	2628879.4709	1104778.9230	2750.6641
772	2628856.0840	1104767.2420	2744.7529
773	2628834.5220	1104760.4650	2739.9680
775	2628788.9490	1104746.4860	2730.2290
776	2628765.1620	1104739.1730	2725.3401
784	2628503.7570	1104649.9660	2668.3911
785	2628477.9611	1104653.3600	2663.8701
786	2628440.7889	1104644.9660	2657.2610
787	2628428.0460	1104663.1640	2643.2561
788	2628419.4390	1104670.1810	2637.4299
789	2628419.4390	1104670.1810	2637.4299
790	2628399.4920	1104728.3710	2591.7991
791	2628397.0090	1104733.5010	2587.8831
792	2628397.0090	1104733.5010	2587.8831
793	2628397.0090	1104733.5010	2587.8831
794	2628397.0090	1104733.5010	2587.8831
795	2628397.0090	1104733.5010	2587.8831
796	2628397.0090	1104733.5010	2587.8831
797	2628397.0090	1104733.5010	2587.8831
798	2628373.7550	1104923.7950	2462.9290
810	2628919.9340	1104742.1320	2790.7839
811	2628919.9340	1104742.1320	2790.7839
812	2628919.3600	1104742.9070	2790.3140
813	2628911.2760	1104754.9430	2781.6379
814	2628903.2120	1104767.3000	2772.3889
815	2628895.1410	1104779.5910	2760.0359
816	2628886.5560	1104792.5670	2749.3889
817	2628870.8630	1104792.0680	2739.3701
822	2628751.5240	1104748.9640	2711.5750
823	2628727.4950	1104744.4210	2706.1890
830	2628498.5229	1104674.0110	2654.1521
831	2628473.3030	1104680.0910	2650.9180
832	2628404.8730	1104640.8240	2632.3870
833	2628416.5890	1104684.8570	2630.6030
834	2628404.9130	1104704.0480	2617.0000
835	2628399.4230	1104728.8270	2591.4570
836	2628397.0090	1104733.5010	2587.8831
837	2628397.0090	1104733.5010	2587.8831
838	2628397.0090	1104733.5010	2587.8831
839	2628397.0090	1104733.5010	2587.8831
840	2628397.0090	1104733.5010	2587.8831
841	2628397.0090	1104733.5010	2587.8831
842	2628397.0090	1104733.5010	2587.8831
843	2628367.7350	1104925.7970	2458.0540
855	2628919.9340	1104742.1320	2790.7839
856	2628919.9340	1104742.1320	2790.7839
857	2628919.3600	1104742.9070	2790.3140
858	2628911.2760	1104754.9430	2781.6379
859	2628903.0820	1104767.5260	2772.2170
860	2628894.7560	1104779.6090	2759.7261
861	2628886.5560	1104792.5670	2749.3889
862	2628875.3070	1104809.4650	2737.2881
863	2628867.2810	1104814.3480	2730.9641
868	2628745.3380	1104768.1840	2699.3760
876	2628490.4290	1104697.8990	2640.2170
877	2628463.4041	1104700.1740	2635.6421
878	2628427.5870	1104694.4750	2627.4919
879	2628404.9130	1104704.0480	2617.0000
880	2628410.8070	1104692.8720	2624.0979
881	2628397.0090	1104733.5010	2587.8831
882	2628397.0090	1104733.5010	2587.8831
883	2628397.0090	1104733.5010	2587.8831
884	2628397.0090	1104733.5010	2587.8831
885	2628397.0090	1104733.5010	2587.8831
886	2628397.0090	1104733.5010	2587.8831
887	2628397.0090	1104733.5010	2587.8831
888	2628373.7550	1104923.7950	2462.9290
900	2628919.9340	1104742.1320	2790.7839
901	2628919.9340	1104742.1320	2790.7839
902	2628919.3600	1104742.9070	2790.3140
903	2628911.2760	1104754.9430	2781.6379
904	2628903.0820	1104767.5260	2772.2170
905	2628895.0140	1104779.7380	2759.8879
906	2628886.5560	1104792.5670	2749.3889
907	2628875.3070	1104809.4650	2737.2881
908	2628863.7581	1104826.9930	2721.5310
909	2628857.5830	1104823.5090	2718.5449
914	2628736.1600	1104783.5230	2687.8230
922	2628483.9120	1104720.2040	2625.8711
923	2628452.1600	1104718.9560	2619.3069
924	2628412.8530	1104712.0800	2610.5029
925	2628398.0980	1104713.1970	2607.8450
926	2628397.0090	1104733.5010	2587.8831
927	2628397.0090	1104733.5010	2587.8831
928	2628397.6170	1104771.8390	2564.6440
929	2628397.0090	1104733.5010	2587.8831
930	2628397.0090	1104733.5010	2587.8831
931	2628397.0090	1104733.5010	2587.8831
932	2628397.0090	1104733.5010	2587.8831
933	2628373.7550	1104923.7950	2462.9290
945	2628919.9340	1104742.1320	2790.7839
946	2628919.9340	1104742.1320	2790.7839
947	2628919.3600	1104742.9070	2790.3140
948	2628911.0270	1104755.5160	2781.0620
949	2628903.2120	1104767.3000	2772.3889
950	2628895.0140	1104779.7380	2759.8879
951	2628886.5560	1104792.5670	2749.3889
952	2628875.3070	1104809.4650	2737.2881
953	2628870.0940	1104817.2800	2732.6709
954	2628854.4000	1104837.7630	2710.4399
955	2628848.1140	1104833.1550	2707.0100
960	2628730.4240	1104801.8890	2675.9819
961	2628709.1429	1104802.4920	2671.9170
968	2628468.5040	1104734.8490	2609.1030
969	2628444.0880	1104740.9230	2604.9890
970	2628399.4230	1104728.8270	2591.4570
971	2628397.0090	1104733.5010	2587.8831
972	2628397.6170	1104771.8390	2564.6440
973	2628397.6170	1104771.8390	2564.6440
975	2628397.0090	1104733.5010	2587.8831
976	2628397.0090	1104733.5010	2587.8831
977	2628397.0090	1104733.5010	2587.8831
978	2628373.7550	1104923.7950	2462.9290
990	2628933.6530	1104721.3900	2801.0249
991	2628928.5320	1104729.0890	2798.0339
992	2628919.3600	1104742.9070	2790.3140
993	2628911.2760	1104754.9430	2781.6379
994	2628903.0820	1104767.5260	2772.2170
995	2628895.1410	1104779.5910	2760.0359
996	2628886.5560	1104792.5670	2749.3889
997	2628875.3070	1104809.4650	2737.2881
998	2628854.4000	1104837.7630	2710.4399
999	2628854.4000	1104837.7630	2710.4399
1000	2628851.5510	1104840.0040	2707.9409
1001	2628839.1899	1104845.9360	2696.7981
1006	2628721.7740	1104817.5750	2664.1570
1007	2628700.7400	1104817.5590	2659.2380
1014	2628459.7380	1104755.7880	2594.9570
1015	2628430.1930	1104757.2570	2589.0400
1016	2628401.9670	1104759.9580	2577.0339
1017	2628397.6170	1104771.8390	2564.6440
1018	2628397.6170	1104771.8390	2564.6440
1021	2628395.0530	1104891.6630	2492.6470
1022	2628390.6710	1104891.0020	2490.0710
1023	2628390.6710	1104891.0020	2490.0710
1024	2628390.6710	1104891.0020	2490.0710
1035	2628933.6530	1104721.3900	2801.0249
1036	2628928.5320	1104729.0890	2798.0339
1037	2628919.3600	1104742.9070	2790.3140
1038	2628911.2760	1104754.9430	2781.6379
1039	2628903.4720	1104766.9960	2772.8440
1040	2628894.7679	1104779.2000	2760.0911
1041	2628854.4000	1104837.7630	2710.4399
1042	2628854.4000	1104837.7630	2710.4399
1043	2628854.4000	1104837.7630	2710.4399
1044	2628854.4000	1104837.7630	2710.4399
1045	2628852.1520	1104839.0100	2708.5820
1046	2628840.7159	1104847.6500	2697.4331
1047	2628834.3051	1104863.7050	2691.0879
1052	2628711.9351	1104830.7650	2651.1360
1053	2628690.0580	1104830.8390	2646.2549
1060	2628444.8920	1104771.3660	2578.3340
1061	2628416.4630	1104773.8200	2571.4690
1062	2628397.6170	1104771.8390	2564.6440
1063	2628397.6170	1104771.8390	2564.6440
1065	2628396.6640	1104770.5570	2565.4341
1066	2628400.3130	1104893.3380	2495.5190
1067	2628390.6710	1104891.0020	2490.0710
1068	2628390.6710	1104891.0020	2490.0710
1069	2628390.6710	1104891.0020	2490.0710
1080	2628933.6530	1104721.3900	2801.0249
1081	2628928.4420	1104729.1550	2797.9961
1082	2628919.3600	1104742.9070	2790.3140
1083	2628911.2760	1104754.9430	2781.6379
1084	2628854.4000	1104837.7630	2710.4399
1085	2628854.4000	1104837.7630	2710.4399
1086	2628854.4000	1104837.7630	2710.4399
1087	2628854.4000	1104837.7630	2710.4399
1088	2628854.4000	1104837.7630	2710.4399
1089	2628854.4000	1104837.7630	2710.4399
1090	2628851.5510	1104840.0040	2707.9409
1091	2628840.7159	1104847.6500	2697.4331
1094	2628814.6040	1104885.3530	2674.1121
1098	2628701.6801	1104844.4560	2638.7339
1099	2628680.0360	1104844.9740	2633.5149
1106	2628440.1190	1104793.8390	2564.5610
1107	2628387.5130	1104777.2950	2547.7251
1108	2628387.2690	1104777.5810	2547.3440
1111	2628395.0530	1104891.6630	2492.6470
1112	2628390.6710	1104891.0020	2490.0710
1113	2628390.6710	1104891.0020	2490.0710
1114	2628390.6710	1104891.0020	2490.0710
1125	2628933.6530	1104721.3900	2801.0249
1126	2628928.6290	1104728.9960	2798.0959
1127	2628854.4000	1104837.7630	2710.4399
1128	2628854.4000	1104837.7630	2710.4399
1129	2628854.4000	1104837.7630	2710.4399
1130	2628854.4000	1104837.7630	2710.4399
1131	2628854.4000	1104837.7630	2710.4399
1132	2628854.4000	1104837.7630	2710.4399
1133	2628854.4000	1104837.7630	2710.4399
1134	2628854.4000	1104837.7630	2710.4399
1139	2628815.2980	1104888.5820	2673.1760
1140	2628800.3550	1104891.0890	2660.6340
1144	2628691.7860	1104858.3490	2626.2271
1145	2628667.5930	1104857.0590	2619.4309
1146	2628641.3300	1104854.1340	2612.2981
1151	2628460.7120	1104812.6070	2557.8191
1152	2628430.8850	1104814.7920	2550.5190
1156	2628395.0530	1104891.6630	2492.6470
1157	2628390.6710	1104891.0020	2490.0710
1158	2628390.6710	1104891.0020	2490.0710
1159	2628390.6710	1104891.0020	2490.0710
1170	2628932.5129	1104722.4190	2800.6831
1171	2628854.4000	1104837.7630	2710.4399
1172	2628854.4000	1104837.7630	2710.4399
1173	2628854.4000	1104837.7630	2710.4399
1174	2628854.4000	1104837.7630	2710.4399
1175	2628854.4000	1104837.7630	2710.4399
1176	2628854.4000	1104837.7630	2710.4399
1177	2628854.4000	1104837.7630	2710.4399
1178	2628854.4000	1104837.7630	2710.4399
1179	2628854.4000	1104837.7630	2710.4399
1184	2628809.6689	1104908.7190	2658.1160
1185	2628809.6689	1104908.7190	2658.1160
1186	2628789.5240	1104899.6270	2647.6599
1190	2628683.9330	1104874.2260	2613.9980
1191	2628657.3650	1104870.7690	2606.2971
1192	2628633.4301	1104870.8460	2599.9470
1197	2628450.4150	1104831.9880	2542.9641
1198	2628407.1550	1104822.9130	2529.9231
1203	2628390.6710	1104891.0020	2490.0710
1204	2628390.6710	1104891.0020	2490.0710
1215	2628933.6530	1104721.3900	2801.0249
1216	2628854.4000	1104837.7630	2710.4399
1217	2628854.4000	1104837.7630	2710.4399
1218	2628854.4000	1104837.7630	2710.4399
1219	2628854.4000	1104837.7630	2710.4399
1220	2628854.4000	1104837.7630	2710.4399
1221	2628854.4000	1104837.7630	2710.4399
1222	2628854.4000	1104837.7630	2710.4399
1223	2628854.4000	1104837.7630	2710.4399
1229	2628815.2980	1104888.5820	2673.1760
1230	2628810.2419	1104907.7860	2659.1960
1231	2628802.1030	1104920.1440	2646.3540
1232	2628774.6340	1104905.0310	2632.5359
1237	2628646.9930	1104884.0560	2592.8660
1238	2628622.6050	1104885.0820	2586.1709
1240	2628551.6320	1104869.4150	2562.3069
1241	2628523.4070	1104871.1430	2554.6060
1242	2628478.9590	1104856.8620	2540.4719
1243	2628443.0790	1104852.2570	2529.9829
1244	2628401.5100	1104845.1320	2516.6399
1247	2628390.6710	1104891.0020	2490.0710
1248	2628390.6710	1104891.0020	2490.0710
1249	2628390.6710	1104891.0020	2490.0710
1260	2628854.4000	1104837.7630	2710.4399
1261	2628854.4000	1104837.7630	2710.4399
1262	2628854.4000	1104837.7630	2710.4399
1263	2628854.4000	1104837.7630	2710.4399
1264	2628854.4000	1104837.7630	2710.4399
1265	2628854.4000	1104837.7630	2710.4399
1266	2628854.4000	1104837.7630	2710.4399
1267	2628854.4000	1104837.7630	2710.4399
1268	2628854.4000	1104837.7630	2710.4399
1274	2628815.2980	1104888.5820	2673.1760
1275	2628799.3700	1104922.8150	2642.4641
1276	2628799.3700	1104922.8150	2642.4641
1277	2628795.2040	1104930.5410	2636.0891
1284	2628613.2250	1104900.3450	2573.0281
1286	2628543.9449	1104888.9780	2549.9880
1287	2628519.7939	1104892.0200	2544.7061
1288	2628479.0790	1104882.3380	2530.6211
1289	2628446.8979	1104881.1350	2521.9490
1291	2628395.0530	1104891.6630	2492.6470
1292	2628390.6710	1104891.0020	2490.0710
1293	2628390.6710	1104891.0020	2490.0710
1305	2628854.4000	1104837.7630	2710.4399
1306	2628854.4000	1104837.7630	2710.4399
1307	2628854.4000	1104837.7630	2710.4399
1308	2628854.4000	1104837.7630	2710.4399
1309	2628854.4000	1104837.7630	2710.4399
1310	2628854.4000	1104837.7630	2710.4399
1311	2628854.4000	1104837.7630	2710.4399
1312	2628854.4000	1104837.7630	2710.4399
1313	2628854.4000	1104837.7630	2710.4399
1319	2628815.2980	1104888.5820	2673.1760
1320	2628799.3700	1104922.8150	2642.4641
1321	2628799.3700	1104922.8150	2642.4641
1322	2628795.2040	1104930.5410	2636.0891
1323	2628785.1270	1104944.9160	2622.8120
1324	2628759.9100	1104933.3860	2611.1470
1330	2628605.5420	1104916.3920	2561.2529
1332	2628542.5031	1104911.3230	2540.1560
1333	2628519.3240	1104915.5350	2534.9890
1334	2628473.8680	1104903.8640	2519.1011
1335	2628438.0950	1104900.2140	2508.5549
1336	2628394.8640	1104892.0140	2492.3770
1338	2628373.7550	1104923.7950	2462.9290
1350	2628854.4000	1104837.7630	2710.4399
1351	2628854.4000	1104837.7630	2710.4399
1352	2628854.4000	1104837.7630	2710.4399
1353	2628854.4000	1104837.7630	2710.4399
1354	2628854.4000	1104837.7630	2710.4399
1355	2628854.4000	1104837.7630	2710.4399
1356	2628854.4000	1104837.7630	2710.4399
1357	2628854.4000	1104837.7630	2710.4399
1364	2628815.2980	1104888.5820	2673.1760
1365	2628799.3700	1104922.8150	2642.4641
1366	2628799.3700	1104922.8150	2642.4641
1367	2628795.2040	1104930.5410	2636.0891
1368	2628785.1270	1104944.9160	2622.8120
1369	2628777.4340	1104957.4500	2613.1531
1370	2628754.6021	1104950.0540	2601.6279
1376	2628596.8610	1104932.3920	2549.3669
1378	2628531.8311	1104925.8160	2526.8711
1379	2628508.9480	1104931.1600	2521.6750
1380	2628469.3700	1104925.2820	2507.4441
1381	2628429.2550	1104918.3110	2494.2300
1383	2628373.7550	1104923.7950	2462.9290
1395	2628854.4000	1104837.7630	2710.4399
1396	2628854.4000	1104837.7630	2710.4399
1397	2628854.4000	1104837.7630	2710.4399
1398	2628854.4000	1104837.7630	2710.4399
1399	2628854.4000	1104837.7630	2710.4399
1400	2628854.4000	1104837.7630	2710.4399
1401	2628854.4000	1104837.7630	2710.4399
1402	2628854.4000	1104837.7630	2710.4399
1409	2628815.2980	1104888.5820	2673.1760
1410	2628799.3700	1104922.8150	2642.4641
1411	2628799.3700	1104922.8150	2642.4641
1412	2628795.2040	1104930.5410	2636.0891
1413	2628785.1270	1104944.9160	2622.8120
1414	2628778.9850	1104955.1060	2615.1101
1415	2628770.7100	1104967.5900	2606.0911
1416	2628750.1660	1104966.9900	2593.0510
1422	2628587.7920	1104947.8440	2535.9839
1423	2628562.2990	1104949.4560	2528.6541
1424	2628526.0100	1104945.3450	2515.5029
1425	2628501.6949	1104949.5710	2508.8369
1426	2628463.4139	1104943.8240	2495.8601
1427	2628415.9919	1104933.7720	2478.4580
1428	2628367.9590	1104924.6760	2458.4131
1437	2628236.8170	1105065.8950	2338.4060
1438	2628232.6740	1105083.3480	2325.9050
1440	2628854.4000	1104837.7630	2710.4399
1441	2628854.4000	1104837.7630	2710.4399
1442	2628854.4000	1104837.7630	2710.4399
1443	2628854.4000	1104837.7630	2710.4399
1444	2628854.4000	1104837.7630	2710.4399
1445	2628854.4000	1104837.7630	2710.4399
1446	2628854.4000	1104837.7630	2710.4399
1454	2628815.2980	1104888.5820	2673.1760
1455	2628799.3700	1104922.8150	2642.4641
1456	2628799.3700	1104922.8150	2642.4641
1457	2628795.2040	1104930.5410	2636.0891
1458	2628785.1270	1104944.9160	2622.8120
1459	2628778.8590	1104955.2710	2614.9619
1460	2628763.7440	1104977.9470	2596.0569
1461	2628762.2380	1104980.3860	2593.0991
1462	2628738.3101	1104976.0400	2579.5281
1468	2628583.2010	1104967.3920	2525.8970
1469	2628558.5710	1104969.9820	2519.8269
1470	2628534.0900	1104973.5440	2511.7261
1471	2628497.3210	1104970.5260	2498.6101
1472	2628456.9780	1104963.2900	2483.5950
1473	2628403.4490	1104949.7210	2463.0029
1481	2628241.9180	1105048.1450	2348.5210
1482	2628236.8170	1105065.8950	2338.4060
1483	2628232.6740	1105083.3480	2325.9050
1484	2628223.7080	1105109.5700	2304.2971
1485	2628854.4000	1104837.7630	2710.4399
1486	2628854.4000	1104837.7630	2710.4399
1487	2628854.4000	1104837.7630	2710.4399
1488	2628854.4000	1104837.7630	2710.4399
1489	2628854.4000	1104837.7630	2710.4399
1490	2628854.4000	1104837.7630	2710.4399
1491	2628854.4000	1104837.7630	2710.4399
1499	2628815.2980	1104888.5820	2673.1760
1500	2628799.3700	1104922.8150	2642.4641
1501	2628799.3700	1104922.8150	2642.4641
1502	2628795.2040	1104930.5410	2636.0891
1503	2628785.1270	1104944.9160	2622.8120
1504	2628778.8550	1104955.2190	2614.9980
1505	2628763.7440	1104977.9470	2596.0569
1506	2628757.0320	1104988.2800	2585.6360
1507	2628752.9020	1104994.4690	2579.9529
1514	2628578.5640	1104985.9470	2516.3931
1515	2628557.4969	1104991.9520	2510.6970
1516	2628523.6689	1104988.8200	2498.2959
1517	2628496.7740	1104992.7880	2489.9890
1518	2628446.3060	1104980.4380	2470.1799
1519	2628390.4910	1104966.4360	2447.5220
1520	2628353.4380	1104966.5830	2434.1819
1525	2628250.3320	1105028.4530	2354.9170
1526	2628241.9700	1105047.7090	2348.7710
1527	2628236.8170	1105065.8950	2338.4060
1528	2628232.6740	1105083.3480	2325.9050
1529	2628223.7930	1105109.2360	2304.5120
1530	2628854.4000	1104837.7630	2710.4399
1531	2628854.4000	1104837.7630	2710.4399
1532	2628854.4000	1104837.7630	2710.4399
1533	2628854.4000	1104837.7630	2710.4399
1534	2628854.4000	1104837.7630	2710.4399
1535	2628854.4000	1104837.7630	2710.4399
1544	2628815.2980	1104888.5820	2673.1760
1545	2628799.3700	1104922.8150	2642.4641
1546	2628799.3700	1104922.8150	2642.4641
1547	2628795.2040	1104930.5410	2636.0891
1548	2628785.1270	1104944.9160	2622.8120
1549	2628763.7440	1104977.9470	2596.0569
1550	2628763.7440	1104977.9470	2596.0569
1551	2628761.9910	1104980.4120	2592.9619
1552	2628747.6160	1105002.5070	2572.6851
1553	2628745.7750	1105005.2870	2570.0171
1559	2628586.7321	1104993.0320	2506.8049
1560	2628575.5500	1105004.7530	2507.4460
1561	2628553.4050	1105010.4960	2501.0901
1562	2628514.0890	1105004.0430	2485.6521
1563	2628486.2930	1105007.3750	2476.3860
1564	2628441.4510	1104999.6980	2459.2119
1565	2628375.1680	1104980.7790	2429.4009
1570	2628250.0730	1105028.7780	2354.4880
1571	2628241.9700	1105047.7090	2348.7710
1572	2628236.8170	1105065.8950	2338.4060
1573	2628234.4100	1105085.5820	2325.7610
1574	2628223.7080	1105109.5700	2304.2971
1575	2628854.4000	1104837.7630	2710.4399
1576	2628854.4000	1104837.7630	2710.4399
1577	2628854.4000	1104837.7630	2710.4399
1578	2628854.4000	1104837.7630	2710.4399
1579	2628854.4000	1104837.7630	2710.4399
1580	2628854.4000	1104837.7630	2710.4399
1589	2628815.2980	1104888.5820	2673.1760
1590	2628799.3700	1104922.8150	2642.4641
1591	2628799.3700	1104922.8150	2642.4641
1592	2628795.2040	1104930.5410	2636.0891
1593	2628785.1270	1104944.9160	2622.8120
1594	2628778.8550	1104955.2190	2614.9980
1595	2628763.7440	1104977.9470	2596.0569
1596	2628762.5010	1104979.9860	2593.4680
1597	2628747.6160	1105002.5070	2572.6851
1598	2628745.7750	1105005.2870	2570.0171
1599	2628736.7100	1105016.5640	2559.6040
1601	2628713.2910	1105035.8320	2553.4609
1605	2628579.2889	1105009.1490	2495.4480
1606	2628563.5909	1105019.0680	2493.3811
1607	2628545.6650	1105026.2870	2489.4270
1608	2628504.8090	1105020.0730	2472.4480
1609	2628473.3060	1105020.7100	2461.7810
1610	2628433.1219	1105016.7160	2446.7129
1611	2628392.5380	1105014.0590	2429.9690
1615	2628250.0730	1105028.7780	2354.4880
1616	2628249.3550	1105033.6250	2354.8679
1617	2628236.8170	1105065.8950	2338.4060
1618	2628249.3550	1105033.6250	2354.8679
1619	2628223.3870	1105109.9530	2304.2351
1620	2628854.4000	1104837.7630	2710.4399
1621	2628854.4000	1104837.7630	2710.4399
1622	2628854.4000	1104837.7630	2710.4399
1623	2628854.4000	1104837.7630	2710.4399
1624	2628854.4000	1104837.7630	2710.4399
1625	2628854.4000	1104837.7630	2710.4399
1634	2628815.2980	1104888.5820	2673.1760
1635	2628799.3700	1104922.8150	2642.4641
1636	2628799.3700	1104922.8150	2642.4641
1637	2628795.2040	1104930.5410	2636.0891
1638	2628785.1270	1104944.9160	2622.8120
1639	2628763.7440	1104977.9470	2596.0569
1640	2628763.7440	1104977.9470	2596.0569
1641	2628761.9910	1104980.4120	2592.9619
1642	2628753.2920	1104993.2110	2580.7981
1643	2628745.8790	1105005.0720	2570.2371
1645	2628720.8140	1105022.1480	2546.8740
1651	2628572.4500	1105025.1610	2484.5410
1652	2628554.8600	1105033.5270	2480.1240
1653	2628536.7430	1105041.6580	2477.1750
1654	2628488.8480	1105031.2720	2456.4709
1655	2628459.6331	1105034.5420	2446.5061
1656	2628420.6870	1105031.8640	2430.4270
1657	2628382.4870	1105031.3820	2416.5320
1660	2628250.3320	1105028.4530	2354.9170
1661	2628241.9700	1105047.7090	2348.7710
1662	2628236.8170	1105065.8950	2338.4060
1663	2628234.4100	1105085.5820	2325.7610
1664	2628224.6130	1105106.0680	2306.6440
1665	2628854.4000	1104837.7630	2710.4399
1666	2628854.4000	1104837.7630	2710.4399
1667	2628854.4000	1104837.7630	2710.4399
1668	2628854.4000	1104837.7630	2710.4399
1669	2628854.4000	1104837.7630	2710.4399
1679	2628815.2980	1104888.5820	2673.1760
1680	2628799.3700	1104922.8150	2642.4641
1681	2628799.3700	1104922.8150	2642.4641
1682	2628795.2040	1104930.5410	2636.0891
1683	2628785.1270	1104944.9160	2622.8120
1684	2628763.7440	1104977.9470	2596.0569
1685	2628763.7440	1104977.9470	2596.0569
1686	2628762.2380	1104980.3860	2593.0991
1687	2628753.7310	1104993.0160	2581.3291
1688	2628745.8790	1105005.0720	2570.2371
1697	2628564.8480	1105040.9070	2472.9871
1698	2628549.6281	1105051.0840	2470.8379
1699	2628525.4070	1105055.4420	2463.1399
1700	2628479.5601	1105046.1950	2443.1851
1701	2628450.1390	1105049.6560	2432.5901
1702	2628413.3100	1105049.8540	2418.3970
1705	2628261.3820	1105034.4540	2355.2319
1706	2628241.9700	1105047.7090	2348.7710
1707	2628236.8170	1105065.8950	2338.4060
1708	2628229.7990	1105088.3810	2319.9360
1709	2628224.6130	1105106.0680	2306.6440
1710	2628854.4000	1104837.7630	2710.4399
1711	2628854.4000	1104837.7630	2710.4399
1712	2628854.4000	1104837.7630	2710.4399
1713	2628854.4000	1104837.7630	2710.4399
1714	2628854.4000	1104837.7630	2710.4399
1724	2628815.2980	1104888.5820	2673.1760
1725	2628799.3700	1104922.8150	2642.4641
1726	2628799.3700	1104922.8150	2642.4641
1727	2628795.2040	1104930.5410	2636.0891
1728	2628785.1270	1104944.9160	2622.8120
1729	2628763.7440	1104977.9470	2596.0569
1730	2628763.7440	1104977.9470	2596.0569
1731	2628762.0861	1104980.1880	2593.1340
1743	2628558.4041	1105057.3840	2462.4690
1744	2628542.0590	1105066.2330	2459.4031
1745	2628515.0210	1105069.5530	2449.6919
1746	2628469.3521	1105062.4610	2429.3811
1747	2628437.7640	1105063.8240	2417.1240
1748	2628394.2050	1105061.6550	2399.7991
1751	2628256.1060	1105055.8970	2343.3450
1752	2628236.8170	1105065.8950	2338.4060
1753	2628229.7990	1105088.3810	2319.9360
1754	2628224.6130	1105106.0680	2306.6440
1755	2628854.4000	1104837.7630	2710.4399
1756	2628854.4000	1104837.7630	2710.4399
1757	2628854.4000	1104837.7630	2710.4399
1758	2628854.4000	1104837.7630	2710.4399
1769	2628815.2980	1104888.5820	2673.1760
1770	2628799.3700	1104922.8150	2642.4641
1771	2628799.3700	1104922.8150	2642.4641
1772	2628795.2040	1104930.5410	2636.0891
1773	2628785.1270	1104944.9160	2622.8120
1774	2628778.8590	1104955.2710	2614.9619
1775	2628763.7440	1104977.9470	2596.0569
1789	2628554.8440	1105075.2890	2453.3860
1790	2628534.2679	1105082.0500	2447.8711
1791	2628506.5100	1105084.4840	2437.8120
1792	2628462.7090	1105079.2090	2418.0930
1793	2628423.4860	1105078.3050	2401.3459
1794	2628376.5180	1105073.4240	2381.0811
1797	2628247.6440	1105075.2350	2329.4209
1798	2628229.7990	1105088.3810	2319.9360
1799	2628224.6130	1105106.0680	2306.6440
1800	2628854.4000	1104837.7630	2710.4399
1801	2628854.4000	1104837.7630	2710.4399
1802	2628854.4000	1104837.7630	2710.4399
1803	2628854.4000	1104837.7630	2710.4399
1814	2628815.2980	1104888.5820	2673.1760
1815	2628799.3700	1104922.8150	2642.4641
1816	2628799.3700	1104922.8150	2642.4641
1817	2628795.2040	1104930.5410	2636.0891
1818	2628785.1270	1104944.9160	2622.8120
1819	2628763.7440	1104977.9470	2596.0569
1820	2628763.7440	1104977.9470	2596.0569
1835	2628548.0959	1105091.7190	2442.9041
1836	2628530.0341	1105099.3220	2438.7119
1837	2628497.1630	1105099.8110	2425.2129
1838	2628466.8630	1105102.0810	2413.4390
1839	2628410.7240	1105091.6410	2385.8301
1840	2628362.0330	1105087.8010	2364.0090
1842	2628269.5080	1105086.5340	2325.2839
1843	2628237.6860	1105093.7900	2314.6321
1844	2628224.6130	1105106.0680	2306.6440
1845	2628854.4000	1104837.7630	2710.4399
1846	2628854.4000	1104837.7630	2710.4399
1847	2628854.4000	1104837.7630	2710.4399
1860	2628799.3700	1104922.8150	2642.4641
1861	2628799.3700	1104922.8150	2642.4641
1864	2628763.7440	1104977.9470	2596.0569
1881	2628543.2740	1105107.5610	2433.1379
1882	2628524.1930	1105115.8520	2429.0081
1883	2628494.3590	1105118.0330	2416.7161
1884	2628460.1580	1105119.0890	2402.2930
1885	2628392.4800	1105104.7890	2367.2839
1888	2628259.5380	1105104.9300	2311.1240
1889	2628229.6580	1105113.0410	2302.1101
1890	2628854.4000	1104837.7630	2710.4399
1891	2628854.4000	1104837.7630	2710.4399
1892	2628854.4000	1104837.7630	2710.4399
1905	2628799.3700	1104922.8150	2642.4641
1909	2628763.7440	1104977.9470	2596.0569
1927	2628534.0800	1105122.2690	2420.9670
1928	2628517.9580	1105131.5470	2417.8911
1929	2628489.0330	1105134.4910	2406.4939
1930	2628452.7870	1105134.8090	2390.6101
1934	2628252.4680	1105123.8430	2297.5791
1935	2628854.4000	1104837.7630	2710.4399
1936	2628854.4000	1104837.7630	2710.4399
1937	2628854.4000	1104837.7630	2710.4399
1973	2628521.0200	1105133.9610	2406.6479
1974	2628510.0570	1105146.4580	2406.3589
1975	2628477.0890	1105147.8770	2392.4189
1976	2628454.4540	1105155.0300	2385.1211
1977	2628373.0150	1105137.0100	2340.5139
1980	2628854.4000	1104837.7630	2710.4399
1981	2628854.4000	1104837.7630	2710.4399
2019	2628517.0950	1105150.2760	2400.6709
2020	2628495.2990	1105157.8010	2390.7109
2021	2628466.0140	1105161.7380	2378.3269
2022	2628449.3149	1105172.1520	2374.9829
2023	2628384.4610	1105162.2830	2341.1411
