ID	X	Y	Z
10	2628632.1030	1104505.2820	2802.4541
11	2628632.1030	1104505.2820	2802.4541
12	2628632.1030	1104505.2820	2802.4541
13	2628632.1030	1104505.2820	2802.4541
14	2628564.7570	1104513.4360	2769.6909
15	2628564.7570	1104513.4360	2769.6909
16	2628564.7570	1104513.4360	2769.6909
17	2628564.7570	1104513.4360	2769.6909
18	2628564.7570	1104513.4360	2769.6909
19	2628564.7570	1104513.4360	2769.6909
20	2628564.7570	1104513.4360	2769.6909
21	2628430.6710	1104638.5760	2655.0210
22	2628426.0710	1104659.0340	2643.5779
23	2628419.4390	1104670.1810	2637.4299
24	2628419.4390	1104670.1810	2637.4299
25	2628397.8320	1104730.5600	2588.7900
26	2628397.0090	1104733.5010	2587.8831
27	2628397.0090	1104733.5010	2587.8831
28	2628397.0090	1104733.5010	2587.8831
29	2628397.0090	1104733.5010	2587.8831
30	2628397.0090	1104733.5010	2587.8831
31	2628397.0090	1104733.5010	2587.8831
32	2628397.0090	1104733.5010	2587.8831
33	2628373.7550	1104923.7950	2462.9290
55	2628632.1030	1104505.2820	2802.4541
56	2628632.1030	1104505.2820	2802.4541
57	2628632.1030	1104505.2820	2802.4541
58	2628632.1030	1104505.2820	2802.4541
59	2628564.7570	1104513.4360	2769.6909
60	2628564.7570	1104513.4360	2769.6909
61	2628564.7570	1104513.4360	2769.6909
62	2628564.7570	1104513.4360	2769.6909
63	2628564.7570	1104513.4360	2769.6909
64	2628564.7570	1104513.4360	2769.6909
65	2628564.7570	1104513.4360	2769.6909
66	2628564.7570	1104513.4360	2769.6909
67	2628427.0890	1104662.7620	2642.6919
68	2628419.4390	1104670.1810	2637.4299
69	2628419.4390	1104670.1810	2637.4299
70	2628395.9920	1104718.1020	2601.6851
71	2628397.0090	1104733.5010	2587.8831
72	2628397.0090	1104733.5010	2587.8831
73	2628397.0090	1104733.5010	2587.8831
74	2628397.0090	1104733.5010	2587.8831
75	2628397.0090	1104733.5010	2587.8831
76	2628397.0090	1104733.5010	2587.8831
77	2628397.0090	1104733.5010	2587.8831
78	2628362.3060	1104925.2070	2455.0610
100	2628632.1030	1104505.2820	2802.4541
101	2628632.1030	1104505.2820	2802.4541
102	2628632.1030	1104505.2820	2802.4541
103	2628632.1030	1104505.2820	2802.4541
104	2628564.7570	1104513.4360	2769.6909
105	2628564.7570	1104513.4360	2769.6909
106	2628564.7570	1104513.4360	2769.6909
107	2628564.7570	1104513.4360	2769.6909
108	2628564.7570	1104513.4360	2769.6909
109	2628564.7570	1104513.4360	2769.6909
110	2628564.7570	1104513.4360	2769.6909
111	2628564.7570	1104513.4360	2769.6909
112	2628426.2010	1104659.6890	2643.4600
113	2628419.4390	1104670.1810	2637.4299
114	2628419.4390	1104670.1810	2637.4299
115	2628399.4230	1104728.8270	2591.4570
116	2628397.0090	1104733.5010	2587.8831
117	2628397.0090	1104733.5010	2587.8831
118	2628397.0090	1104733.5010	2587.8831
119	2628397.0090	1104733.5010	2587.8831
120	2628397.0090	1104733.5010	2587.8831
121	2628397.0090	1104733.5010	2587.8831
122	2628397.0090	1104733.5010	2587.8831
123	2628374.2580	1104922.7940	2464.0010
144	2628633.9600	1104503.7010	2803.3420
145	2628632.1030	1104505.2820	2802.4541
146	2628632.1030	1104505.2820	2802.4541
147	2628632.1030	1104505.2820	2802.4541
148	2628632.1030	1104505.2820	2802.4541
149	2628564.7570	1104513.4360	2769.6909
150	2628564.7570	1104513.4360	2769.6909
151	2628564.7570	1104513.4360	2769.6909
152	2628564.7570	1104513.4360	2769.6909
153	2628564.7570	1104513.4360	2769.6909
155	2628564.7570	1104513.4360	2769.6909
156	2628442.6460	1104630.6700	2666.2451
157	2628427.0890	1104662.7620	2642.6919
158	2628419.4390	1104670.1810	2637.4299
159	2628419.4390	1104670.1810	2637.4299
160	2628419.4390	1104670.1810	2637.4299
161	2628397.0090	1104733.5010	2587.8831
162	2628397.0090	1104733.5010	2587.8831
163	2628397.0090	1104733.5010	2587.8831
164	2628397.0090	1104733.5010	2587.8831
165	2628397.0090	1104733.5010	2587.8831
166	2628397.0090	1104733.5010	2587.8831
167	2628397.0090	1104733.5010	2587.8831
168	2628374.3920	1104922.4610	2464.2749
169	2628362.3060	1104925.2070	2455.0610
190	2628632.1030	1104505.2820	2802.4541
191	2628632.1030	1104505.2820	2802.4541
192	2628632.1030	1104505.2820	2802.4541
193	2628564.7570	1104513.4360	2769.6909
194	2628564.7570	1104513.4360	2769.6909
195	2628564.7570	1104513.4360	2769.6909
196	2628564.7570	1104513.4360	2769.6909
197	2628564.7570	1104513.4360	2769.6909
198	2628564.7570	1104513.4360	2769.6909
200	2628564.7570	1104513.4360	2769.6909
201	2628442.6460	1104630.6700	2666.2451
202	2628425.3350	1104659.4130	2642.9790
203	2628419.4390	1104670.1810	2637.4299
204	2628419.4390	1104670.1810	2637.4299
205	2628397.9760	1104731.1850	2588.2070
206	2628397.0090	1104733.5010	2587.8831
207	2628397.0090	1104733.5010	2587.8831
208	2628397.0090	1104733.5010	2587.8831
209	2628397.0090	1104733.5010	2587.8831
210	2628397.0090	1104733.5010	2587.8831
211	2628397.0090	1104733.5010	2587.8831
212	2628397.0090	1104733.5010	2587.8831
213	2628397.0090	1104733.5010	2587.8831
214	2628362.3060	1104925.2070	2455.0610
235	2628632.1030	1104505.2820	2802.4541
236	2628632.1030	1104505.2820	2802.4541
237	2628632.1030	1104505.2820	2802.4541
238	2628564.7570	1104513.4360	2769.6909
239	2628564.7570	1104513.4360	2769.6909
240	2628564.7570	1104513.4360	2769.6909
241	2628564.7570	1104513.4360	2769.6909
242	2628564.7570	1104513.4360	2769.6909
245	2628450.5770	1104622.9660	2670.1699
246	2628442.6460	1104630.6700	2666.2451
247	2628425.3350	1104659.4130	2642.9790
248	2628419.4390	1104670.1810	2637.4299
249	2628419.4390	1104670.1810	2637.4299
250	2628396.8910	1104721.9980	2596.9529
251	2628397.0090	1104733.5010	2587.8831
252	2628397.0090	1104733.5010	2587.8831
253	2628397.0090	1104733.5010	2587.8831
254	2628397.0090	1104733.5010	2587.8831
255	2628397.0090	1104733.5010	2587.8831
256	2628397.0090	1104733.5010	2587.8831
257	2628397.0090	1104733.5010	2587.8831
258	2628397.0090	1104733.5010	2587.8831
279	2628632.8680	1104503.3420	2802.9109
280	2628632.1030	1104505.2820	2802.4541
281	2628632.1030	1104505.2820	2802.4541
282	2628582.0790	1104515.8620	2777.4021
283	2628564.7570	1104513.4360	2769.6909
284	2628564.7570	1104513.4360	2769.6909
285	2628564.7570	1104513.4360	2769.6909
286	2628564.7570	1104513.4360	2769.6909
287	2628564.7570	1104513.4360	2769.6909
290	2628451.6060	1104622.8990	2670.5449
291	2628442.6460	1104630.6700	2666.2451
292	2628425.3350	1104659.4130	2642.9790
293	2628419.4390	1104670.1810	2637.4299
294	2628419.4390	1104670.1810	2637.4299
295	2628397.8390	1104723.8880	2595.6021
296	2628397.0090	1104733.5010	2587.8831
297	2628397.0090	1104733.5010	2587.8831
298	2628397.0090	1104733.5010	2587.8831
299	2628397.0090	1104733.5010	2587.8831
300	2628397.0090	1104733.5010	2587.8831
301	2628397.0090	1104733.5010	2587.8831
302	2628397.0090	1104733.5010	2587.8831
303	2628397.0090	1104733.5010	2587.8831
325	2628632.1030	1104505.2820	2802.4541
327	2628582.0790	1104515.8620	2777.4021
328	2628564.7570	1104513.4360	2769.6909
329	2628564.7570	1104513.4360	2769.6909
330	2628564.7570	1104513.4360	2769.6909
331	2628564.7570	1104513.4360	2769.6909
335	2628449.9260	1104622.8600	2669.9399
336	2628442.6460	1104630.6700	2666.2451
337	2628425.3750	1104659.9750	2642.7649
338	2628419.4390	1104670.1810	2637.4299
339	2628419.4390	1104670.1810	2637.4299
340	2628399.4920	1104728.3710	2591.7991
341	2628397.0090	1104733.5010	2587.8831
342	2628397.0090	1104733.5010	2587.8831
343	2628397.0090	1104733.5010	2587.8831
344	2628397.0090	1104733.5010	2587.8831
345	2628397.0090	1104733.5010	2587.8831
346	2628397.0090	1104733.5010	2587.8831
347	2628397.0090	1104733.5010	2587.8831
348	2628373.7550	1104923.7950	2462.9290
370	2628632.1030	1104505.2820	2802.4541
372	2628580.6880	1104517.8520	2776.6931
373	2628564.7570	1104513.4360	2769.6909
374	2628564.7570	1104513.4360	2769.6909
375	2628535.0601	1104534.2800	2746.2639
380	2628450.5770	1104622.9660	2670.1699
381	2628442.6460	1104630.6700	2666.2451
382	2628425.3750	1104659.9750	2642.7649
383	2628419.4390	1104670.1810	2637.4299
384	2628419.4390	1104670.1810	2637.4299
385	2628397.5690	1104723.0890	2596.3420
386	2628397.0090	1104733.5010	2587.8831
387	2628397.0090	1104733.5010	2587.8831
388	2628397.0090	1104733.5010	2587.8831
389	2628397.0090	1104733.5010	2587.8831
390	2628397.0090	1104733.5010	2587.8831
391	2628397.0090	1104733.5010	2587.8831
392	2628397.0090	1104733.5010	2587.8831
393	2628373.7550	1104923.7950	2462.9290
415	2628628.2850	1104518.6090	2796.4890
417	2628582.0790	1104515.8620	2777.4021
418	2628564.7570	1104513.4360	2769.6909
419	2628564.7570	1104513.4360	2769.6909
420	2628535.0601	1104534.2800	2746.2639
425	2628450.6790	1104625.4300	2669.7520
426	2628442.6460	1104630.6700	2666.2451
427	2628427.0890	1104662.7620	2642.6919
428	2628419.4390	1104670.1810	2637.4299
429	2628419.4390	1104670.1810	2637.4299
430	2628399.4230	1104728.8270	2591.4570
431	2628397.0090	1104733.5010	2587.8831
432	2628397.0090	1104733.5010	2587.8831
433	2628397.0090	1104733.5010	2587.8831
434	2628397.0090	1104733.5010	2587.8831
435	2628397.0090	1104733.5010	2587.8831
436	2628397.0090	1104733.5010	2587.8831
437	2628397.0090	1104733.5010	2587.8831
438	2628373.7550	1104923.7950	2462.9290
450	2628918.9080	1104680.1520	2825.3420
451	2628894.1219	1104663.6300	2821.8069
452	2628875.8170	1104658.2710	2820.1230
453	2628858.1200	1104655.9260	2816.3770
461	2628620.9730	1104532.7800	2783.8821
462	2628583.7140	1104517.1020	2777.8660
463	2628564.7570	1104513.4360	2769.6909
464	2628548.3240	1104538.3940	2753.8899
465	2628535.0601	1104534.2800	2746.2639
470	2628450.2460	1104623.7590	2669.9170
471	2628442.6460	1104630.6700	2666.2451
472	2628426.9930	1104664.9730	2642.1311
473	2628419.4390	1104670.1810	2637.4299
474	2628419.4390	1104670.1810	2637.4299
475	2628396.4150	1104727.8090	2590.5850
476	2628397.0090	1104733.5010	2587.8831
477	2628397.0090	1104733.5010	2587.8831
478	2628397.0090	1104733.5010	2587.8831
479	2628397.0090	1104733.5010	2587.8831
480	2628397.0090	1104733.5010	2587.8831
481	2628397.0090	1104733.5010	2587.8831
482	2628397.0090	1104733.5010	2587.8831
483	2628367.3160	1104925.9940	2457.8611
495	2628928.7610	1104699.9570	2816.9709
496	2628912.4830	1104698.2990	2814.8469
497	2628891.9170	1104690.2370	2812.1111
498	2628869.2350	1104678.7020	2807.9939
499	2628842.8170	1104663.1420	2803.0359
507	2628611.0580	1104552.5140	2769.4719
508	2628571.3860	1104533.9070	2763.0020
509	2628546.4990	1104533.2090	2753.9250
510	2628535.0601	1104534.2800	2746.2639
514	2628462.0460	1104604.8170	2677.6560
515	2628450.1450	1104625.4090	2669.5229
516	2628442.6460	1104630.6700	2666.2451
517	2628427.0890	1104662.7620	2642.6919
518	2628419.4390	1104670.1810	2637.4299
519	2628419.4390	1104670.1810	2637.4299
520	2628399.4230	1104728.8270	2591.4570
521	2628397.0090	1104733.5010	2587.8831
522	2628397.0090	1104733.5010	2587.8831
523	2628397.0090	1104733.5010	2587.8831
524	2628397.0090	1104733.5010	2587.8831
525	2628397.0090	1104733.5010	2587.8831
526	2628397.0090	1104733.5010	2587.8831
527	2628397.0090	1104733.5010	2587.8831
528	2628373.7550	1104923.7950	2462.9290
540	2628936.1071	1104713.7360	2806.9141
541	2628918.6470	1104711.2170	2806.0911
542	2628903.6290	1104713.9820	2802.7739
543	2628884.4700	1104705.7180	2801.3511
544	2628868.8940	1104706.2820	2799.1321
545	2628849.1110	1104701.1780	2794.5330
546	2628826.9690	1104697.6940	2789.9199
554	2628561.4630	1104555.0140	2744.8440
560	2628449.9260	1104622.8600	2669.9399
561	2628442.6460	1104630.6700	2666.2451
562	2628428.0460	1104663.1640	2643.2561
563	2628419.4390	1104670.1810	2637.4299
564	2628419.4390	1104670.1810	2637.4299
565	2628399.4230	1104728.8270	2591.4570
566	2628397.0090	1104733.5010	2587.8831
567	2628397.0090	1104733.5010	2587.8831
568	2628397.0090	1104733.5010	2587.8831
569	2628397.0090	1104733.5010	2587.8831
570	2628397.0090	1104733.5010	2587.8831
571	2628397.0090	1104733.5010	2587.8831
572	2628397.0090	1104733.5010	2587.8831
573	2628373.7550	1104923.7950	2462.9290
585	2628933.6530	1104721.3900	2801.0249
586	2628928.2190	1104729.5090	2797.6030
587	2628913.9840	1104731.7670	2795.4551
588	2628897.3740	1104729.0860	2792.9080
589	2628878.1450	1104725.1610	2789.7129
590	2628859.8110	1104721.2830	2785.8569
591	2628834.1510	1104710.9390	2779.7981
600	2628546.4640	1104571.0540	2729.7710
605	2628451.6060	1104622.8990	2670.5449
606	2628442.6460	1104630.6700	2666.2451
607	2628426.9930	1104664.9730	2642.1311
608	2628419.4390	1104670.1810	2637.4299
609	2628419.4390	1104670.1810	2637.4299
610	2628399.4920	1104728.3710	2591.7991
611	2628397.0090	1104733.5010	2587.8831
612	2628397.0090	1104733.5010	2587.8831
613	2628397.0090	1104733.5010	2587.8831
614	2628397.0090	1104733.5010	2587.8831
615	2628397.0090	1104733.5010	2587.8831
616	2628397.0090	1104733.5010	2587.8831
617	2628397.0090	1104733.5010	2587.8831
618	2628364.7680	1104925.4030	2456.3010
630	2628933.6530	1104721.3900	2801.0249
631	2628928.2260	1104729.5960	2797.5300
632	2628918.0660	1104744.9280	2788.8970
633	2628907.9990	1104748.1450	2785.2910
634	2628889.2250	1104742.4750	2782.1331
635	2628870.3080	1104737.7960	2778.3899
636	2628848.2030	1104728.2340	2773.2839
637	2628819.2250	1104709.5830	2767.6240
638	2628800.8430	1104707.4560	2766.4121
646	2628532.4360	1104587.1780	2714.2710
650	2628451.6420	1104618.9780	2671.8779
651	2628442.6460	1104630.6700	2666.2451
652	2628426.9930	1104664.9730	2642.1311
653	2628419.4390	1104670.1810	2637.4299
654	2628419.4390	1104670.1810	2637.4299
655	2628396.4150	1104727.8090	2590.5850
656	2628397.0090	1104733.5010	2587.8831
657	2628397.0090	1104733.5010	2587.8831
658	2628397.0090	1104733.5010	2587.8831
659	2628397.0090	1104733.5010	2587.8831
660	2628397.0090	1104733.5010	2587.8831
661	2628397.0090	1104733.5010	2587.8831
662	2628397.0090	1104733.5010	2587.8831
663	2628373.7550	1104923.7950	2462.9290
675	2628933.6530	1104721.3900	2801.0249
676	2628919.9340	1104742.1320	2790.7839
677	2628919.3600	1104742.9070	2790.3140
678	2628911.2760	1104754.9430	2781.6379
679	2628898.9900	1104763.2330	2772.7991
680	2628878.0240	1104751.1760	2769.1189
681	2628857.9449	1104745.0920	2765.6980
682	2628833.2271	1104730.8780	2759.3240
683	2628810.4940	1104723.9090	2755.0840
692	2628520.5601	1104605.1300	2699.7461
694	2628462.0460	1104604.8170	2677.6560
695	2628450.6790	1104625.4300	2669.7520
696	2628442.6460	1104630.6700	2666.2451
697	2628426.9930	1104664.9730	2642.1311
698	2628419.4390	1104670.1810	2637.4299
699	2628419.4390	1104670.1810	2637.4299
700	2628399.4230	1104728.8270	2591.4570
701	2628397.0090	1104733.5010	2587.8831
702	2628397.0090	1104733.5010	2587.8831
703	2628397.0090	1104733.5010	2587.8831
704	2628397.0090	1104733.5010	2587.8831
705	2628397.0090	1104733.5010	2587.8831
706	2628397.0090	1104733.5010	2587.8831
707	2628397.0090	1104733.5010	2587.8831
708	2628373.7550	1104923.7950	2462.9290
720	2628933.6530	1104721.3900	2801.0249
721	2628919.9340	1104742.1320	2790.7839
722	2628919.3600	1104742.9070	2790.3140
723	2628910.8440	1104755.7270	2780.9131
724	2628902.9580	1104767.7250	2772.1179
725	2628889.0811	1104769.5460	2762.0681
726	2628866.3650	1104757.9730	2757.0339
727	2628844.3370	1104749.9900	2752.0061
729	2628799.1071	1104731.3300	2742.5649
730	2628777.8030	1104729.7190	2738.3101
738	2628515.3860	1104632.1870	2682.2529
739	2628485.6080	1104630.6160	2678.1150
740	2628450.1450	1104625.4090	2669.5229
741	2628442.6460	1104630.6700	2666.2451
742	2628426.9930	1104664.9730	2642.1311
743	2628419.4390	1104670.1810	2637.4299
744	2628419.4390	1104670.1810	2637.4299
745	2628399.4230	1104728.8270	2591.4570
746	2628397.0090	1104733.5010	2587.8831
747	2628397.0090	1104733.5010	2587.8831
748	2628397.0090	1104733.5010	2587.8831
749	2628397.0090	1104733.5010	2587.8831
750	2628397.0090	1104733.5010	2587.8831
751	2628397.0090	1104733.5010	2587.8831
752	2628397.0090	1104733.5010	2587.8831
753	2628373.7550	1104923.7950	2462.9290
765	2628919.9340	1104742.1320	2790.7839
766	2628919.9340	1104742.1320	2790.7839
767	2628919.3600	1104742.9070	2790.3140
768	2628910.4280	1104756.4490	2780.6169
769	2628903.0820	1104767.5260	2772.2170
770	2628892.0240	1104784.2720	2755.2910
771	2628878.6780	1104777.0340	2751.4790
772	2628855.2371	1104768.3580	2743.6460
773	2628834.0129	1104760.4730	2739.8511
775	2628790.3660	1104746.4610	2730.3091
776	2628764.6450	1104738.9980	2725.6011
784	2628502.8600	1104649.5320	2668.8469
785	2628477.5900	1104654.0440	2663.5471
786	2628442.8669	1104647.6630	2656.8469
787	2628428.0460	1104663.1640	2643.2561
788	2628419.4390	1104670.1810	2637.4299
789	2628419.4390	1104670.1810	2637.4299
790	2628396.4150	1104727.8090	2590.5850
791	2628397.0090	1104733.5010	2587.8831
792	2628397.0090	1104733.5010	2587.8831
793	2628397.0090	1104733.5010	2587.8831
794	2628397.0090	1104733.5010	2587.8831
795	2628397.0090	1104733.5010	2587.8831
796	2628397.0090	1104733.5010	2587.8831
797	2628397.0090	1104733.5010	2587.8831
798	2628367.3160	1104925.9940	2457.8611
810	2628919.9340	1104742.1320	2790.7839
811	2628919.9340	1104742.1320	2790.7839
812	2628919.3600	1104742.9070	2790.3140
813	2628911.2760	1104754.9430	2781.6379
814	2628903.0820	1104767.5260	2772.2170
815	2628895.0140	1104779.7380	2759.8879
816	2628886.9310	1104791.9090	2749.8320
817	2628874.8430	1104799.6520	2740.2981
823	2628732.9570	1104752.6010	2706.7109
830	2628499.4780	1104674.0510	2654.1709
831	2628469.7020	1104676.8680	2653.3550
832	2628405.8820	1104641.7780	2632.2271
833	2628416.5540	1104685.3950	2630.3459
834	2628404.3360	1104704.6590	2616.5420
835	2628396.4150	1104727.8090	2590.5850
836	2628397.0090	1104733.5010	2587.8831
837	2628397.0090	1104733.5010	2587.8831
838	2628397.0090	1104733.5010	2587.8831
839	2628397.0090	1104733.5010	2587.8831
840	2628397.0090	1104733.5010	2587.8831
841	2628397.0090	1104733.5010	2587.8831
842	2628397.0090	1104733.5010	2587.8831
843	2628367.3160	1104925.9940	2457.8611
855	2628919.9340	1104742.1320	2790.7839
856	2628919.9340	1104742.1320	2790.7839
857	2628919.3600	1104742.9070	2790.3140
858	2628911.0270	1104755.5160	2781.0620
859	2628902.6520	1104768.2490	2771.6760
860	2628893.6200	1104779.5140	2758.7690
861	2628886.0350	1104792.1090	2749.1851
862	2628875.3070	1104809.4650	2737.2881
863	2628870.0940	1104817.2800	2732.6709
868	2628746.5770	1104769.3760	2698.7480
876	2628493.1710	1104699.5800	2639.5850
877	2628458.9180	1104698.9630	2636.2771
878	2628427.9010	1104696.3630	2626.1750
879	2628404.9480	1104704.5310	2616.7939
880	2628396.4150	1104727.8090	2590.5850
881	2628397.0090	1104733.5010	2587.8831
882	2628397.0090	1104733.5010	2587.8831
883	2628397.0090	1104733.5010	2587.8831
884	2628397.0090	1104733.5010	2587.8831
885	2628397.0090	1104733.5010	2587.8831
886	2628397.0090	1104733.5010	2587.8831
887	2628397.0090	1104733.5010	2587.8831
888	2628373.7550	1104923.7950	2462.9290
900	2628919.9340	1104742.1320	2790.7839
901	2628919.9340	1104742.1320	2790.7839
902	2628919.3600	1104742.9070	2790.3140
903	2628911.2760	1104754.9430	2781.6379
904	2628903.3910	1104767.0360	2772.6350
905	2628893.6200	1104779.5140	2758.7690
906	2628886.0740	1104793.0850	2749.1760
907	2628875.3070	1104809.4650	2737.2881
908	2628863.7581	1104826.9930	2721.5310
909	2628858.7841	1104826.1550	2718.8979
914	2628737.1580	1104785.3020	2687.4260
915	2628717.8010	1104786.2440	2683.5581
922	2628485.1530	1104720.4330	2626.0959
923	2628450.8210	1104718.0990	2620.0940
924	2628412.0030	1104711.8240	2610.6990
925	2628398.0980	1104713.1970	2607.8450
926	2628397.0090	1104733.5010	2587.8831
927	2628397.0090	1104733.5010	2587.8831
928	2628397.6170	1104771.8390	2564.6440
929	2628397.0090	1104733.5010	2587.8831
930	2628397.0090	1104733.5010	2587.8831
931	2628397.0090	1104733.5010	2587.8831
932	2628397.0090	1104733.5010	2587.8831
933	2628373.7550	1104923.7950	2462.9290
945	2628919.9340	1104742.1320	2790.7839
946	2628919.9340	1104742.1320	2790.7839
947	2628919.3600	1104742.9070	2790.3140
948	2628911.0270	1104755.5160	2781.0620
949	2628902.7020	1104768.1150	2771.7981
950	2628895.0070	1104779.6350	2759.9241
951	2628886.9310	1104791.9090	2749.8320
952	2628875.3070	1104809.4650	2737.2881
953	2628870.0940	1104817.2800	2732.6709
954	2628854.4000	1104837.7630	2710.4399
955	2628847.8320	1104833.1830	2706.8469
960	2628730.1110	1104801.5370	2676.2949
961	2628710.4490	1104804.5210	2671.0229
968	2628469.5750	1104735.3600	2608.5811
969	2628444.1080	1104740.4880	2605.2451
970	2628397.3950	1104725.0070	2593.4490
971	2628397.0090	1104733.5010	2587.8831
972	2628397.6170	1104771.8390	2564.6440
973	2628397.6170	1104771.8390	2564.6440
975	2628397.0090	1104733.5010	2587.8831
976	2628397.0090	1104733.5010	2587.8831
978	2628373.7550	1104923.7950	2462.9290
990	2628933.6530	1104721.3900	2801.0249
991	2628928.0920	1104729.7690	2797.4070
992	2628919.3600	1104742.9070	2790.3140
993	2628911.0270	1104755.5160	2781.0620
994	2628902.7850	1104767.9620	2771.9939
995	2628895.0140	1104779.7380	2759.8879
996	2628886.9110	1104791.9890	2749.7461
997	2628875.3070	1104809.4650	2737.2881
998	2628854.4000	1104837.7630	2710.4399
999	2628854.4000	1104837.7630	2710.4399
1000	2628851.1630	1104841.1050	2707.4990
1001	2628839.1899	1104845.9360	2696.7981
1006	2628722.0730	1104818.1270	2663.9419
1007	2628701.3879	1104817.9140	2659.1130
1014	2628460.1331	1104755.6320	2595.0720
1015	2628429.2870	1104756.9700	2589.3210
1016	2628401.7340	1104760.5640	2576.7639
1017	2628397.6170	1104771.8390	2564.6440
1018	2628397.6170	1104771.8390	2564.6440
1021	2628395.0530	1104891.6630	2492.6470
1022	2628390.6710	1104891.0020	2490.0710
1023	2628390.6710	1104891.0020	2490.0710
1024	2628390.6710	1104891.0020	2490.0710
1035	2628933.6530	1104721.3900	2801.0249
1036	2628928.3101	1104729.3470	2797.7871
1037	2628919.3600	1104742.9070	2790.3140
1038	2628911.2760	1104754.9430	2781.6379
1039	2628903.2120	1104767.3000	2772.3889
1040	2628895.1410	1104779.5910	2760.0359
1041	2628854.4000	1104837.7630	2710.4399
1042	2628854.4000	1104837.7630	2710.4399
1043	2628854.4000	1104837.7630	2710.4399
1044	2628854.4000	1104837.7630	2710.4399
1045	2628849.9960	1104841.2120	2706.5549
1046	2628840.7159	1104847.6500	2697.4331
1052	2628713.4690	1104832.9090	2649.9761
1053	2628692.7000	1104833.8260	2645.3811
1054	2628652.7960	1104821.3660	2633.3760
1060	2628445.1210	1104773.4120	2577.8169
1061	2628419.7170	1104777.0680	2568.7830
1062	2628397.6170	1104771.8390	2564.6440
1063	2628397.6170	1104771.8390	2564.6440
1066	2628395.2910	1104893.1020	2492.3491
1067	2628390.6710	1104891.0020	2490.0710
1068	2628390.6710	1104891.0020	2490.0710
1069	2628390.6710	1104891.0020	2490.0710
1080	2628933.6530	1104721.3900	2801.0249
1081	2628927.3920	1104730.8120	2797.2539
1082	2628919.3600	1104742.9070	2790.3140
1083	2628911.0270	1104755.5160	2781.0620
1084	2628854.4000	1104837.7630	2710.4399
1085	2628854.4000	1104837.7630	2710.4399
1086	2628854.4000	1104837.7630	2710.4399
1087	2628854.4000	1104837.7630	2710.4399
1088	2628854.4000	1104837.7630	2710.4399
1089	2628854.4000	1104837.7630	2710.4399
1090	2628851.1630	1104841.1050	2707.4990
1091	2628838.8260	1104846.5850	2696.2080
1094	2628819.4091	1104893.4750	2676.2009
1098	2628700.6630	1104845.8780	2637.6860
1099	2628682.2710	1104847.0090	2633.0979
1100	2628649.0200	1104836.8930	2624.0449
1101	2628607.5900	1104842.2370	2604.4309
1106	2628442.9780	1104795.6820	2565.1780
1107	2628397.5590	1104785.1500	2551.6040
1108	2628387.2690	1104777.5810	2547.3440
1111	2628395.8390	1104893.5500	2492.4670
1112	2628390.6710	1104891.0020	2490.0710
1113	2628390.6710	1104891.0020	2490.0710
1114	2628390.6710	1104891.0020	2490.0710
1125	2628933.6530	1104721.3900	2801.0249
1126	2628928.4420	1104729.1550	2797.9961
1127	2628854.4000	1104837.7630	2710.4399
1128	2628854.4000	1104837.7630	2710.4399
1129	2628854.4000	1104837.7630	2710.4399
1130	2628854.4000	1104837.7630	2710.4399
1131	2628854.4000	1104837.7630	2710.4399
1132	2628854.4000	1104837.7630	2710.4399
1133	2628854.4000	1104837.7630	2710.4399
1134	2628854.4000	1104837.7630	2710.4399
1139	2628815.2980	1104888.5820	2673.1760
1140	2628799.4180	1104890.6410	2660.5100
1144	2628691.3400	1104857.8310	2626.6479
1145	2628666.1350	1104856.3000	2619.1040
1146	2628641.9470	1104853.8330	2612.5371
1147	2628612.9540	1104852.0730	2603.6001
1152	2628432.7209	1104816.1800	2549.6060
1156	2628400.3130	1104893.3380	2495.5190
1157	2628390.6710	1104891.0020	2490.0710
1158	2628390.6710	1104891.0020	2490.0710
1159	2628390.6710	1104891.0020	2490.0710
1170	2628932.5129	1104722.4190	2800.6831
1171	2628854.4000	1104837.7630	2710.4399
1172	2628854.4000	1104837.7630	2710.4399
1173	2628854.4000	1104837.7630	2710.4399
1174	2628854.4000	1104837.7630	2710.4399
1175	2628854.4000	1104837.7630	2710.4399
1176	2628854.4000	1104837.7630	2710.4399
1177	2628854.4000	1104837.7630	2710.4399
1178	2628854.4000	1104837.7630	2710.4399
1179	2628854.4000	1104837.7630	2710.4399
1184	2628809.6689	1104908.7190	2658.1160
1185	2628809.6689	1104908.7190	2658.1160
1186	2628788.4490	1104898.2280	2647.3120
1187	2628768.8280	1104897.9870	2640.3711
1190	2628685.0040	1104874.1890	2614.0120
1191	2628658.2610	1104871.1890	2605.4419
1192	2628635.7960	1104871.8590	2599.5659
1197	2628450.3250	1104833.7820	2541.7581
1198	2628409.3160	1104825.9220	2529.5200
1203	2628390.6710	1104891.0020	2490.0710
1204	2628390.6710	1104891.0020	2490.0710
1215	2628933.6530	1104721.3900	2801.0249
1216	2628854.4000	1104837.7630	2710.4399
1217	2628854.4000	1104837.7630	2710.4399
1218	2628854.4000	1104837.7630	2710.4399
1219	2628854.4000	1104837.7630	2710.4399
1220	2628854.4000	1104837.7630	2710.4399
1221	2628854.4000	1104837.7630	2710.4399
1222	2628854.4000	1104837.7630	2710.4399
1223	2628854.4000	1104837.7630	2710.4399
1224	2628854.4000	1104837.7630	2710.4399
1229	2628815.2980	1104888.5820	2673.1760
1230	2628810.2419	1104907.7860	2659.1960
1231	2628802.1030	1104920.1440	2646.3540
1232	2628775.4760	1104905.3470	2632.6331
1237	2628647.0040	1104885.2100	2591.8550
1238	2628623.2440	1104887.2750	2585.4771
1240	2628544.6770	1104882.9670	2555.0259
1241	2628516.8730	1104886.0970	2546.0811
1242	2628474.1350	1104858.0660	2537.4670
1243	2628438.7880	1104852.0440	2528.6799
1244	2628402.9510	1104847.0890	2516.3459
1247	2628390.6710	1104891.0020	2490.0710
1248	2628390.6710	1104891.0020	2490.0710
1249	2628390.6710	1104891.0020	2490.0710
1260	2628854.4000	1104837.7630	2710.4399
1261	2628854.4000	1104837.7630	2710.4399
1262	2628854.4000	1104837.7630	2710.4399
1263	2628854.4000	1104837.7630	2710.4399
1264	2628854.4000	1104837.7630	2710.4399
1265	2628854.4000	1104837.7630	2710.4399
1266	2628854.4000	1104837.7630	2710.4399
1267	2628854.4000	1104837.7630	2710.4399
1268	2628854.4000	1104837.7630	2710.4399
1274	2628815.2980	1104888.5820	2673.1760
1275	2628799.3700	1104922.8150	2642.4641
1276	2628799.3700	1104922.8150	2642.4641
1277	2628795.2040	1104930.5410	2636.0891
1278	2628768.8080	1104922.3090	2622.0471
1284	2628615.2170	1104902.5020	2571.9719
1286	2628541.3250	1104906.6270	2543.9031
1287	2628515.0280	1104907.9060	2538.1741
1288	2628476.2140	1104884.9930	2528.7700
1289	2628446.2581	1104881.1600	2522.0391
1290	2628396.2300	1104866.4730	2502.1370
1291	2628400.3130	1104893.3380	2495.5190
1292	2628390.6710	1104891.0020	2490.0710
1293	2628390.6710	1104891.0020	2490.0710
1305	2628854.4000	1104837.7630	2710.4399
1306	2628854.4000	1104837.7630	2710.4399
1307	2628854.4000	1104837.7630	2710.4399
1308	2628854.4000	1104837.7630	2710.4399
1309	2628854.4000	1104837.7630	2710.4399
1310	2628854.4000	1104837.7630	2710.4399
1311	2628854.4000	1104837.7630	2710.4399
1312	2628854.4000	1104837.7630	2710.4399
1313	2628854.4000	1104837.7630	2710.4399
1319	2628815.2980	1104888.5820	2673.1760
1320	2628799.3700	1104922.8150	2642.4641
1321	2628799.3700	1104922.8150	2642.4641
1322	2628795.2040	1104930.5410	2636.0891
1323	2628785.1270	1104944.9160	2622.8120
1324	2628759.0170	1104933.0560	2610.8650
1330	2628608.7791	1104915.9230	2562.2229
1332	2628533.9530	1104920.6930	2530.6731
1333	2628513.8199	1104927.4330	2526.9309
1334	2628469.6830	1104916.9260	2511.9951
1335	2628441.1750	1104900.6290	2509.4771
1336	2628395.0530	1104891.6630	2492.6470
1338	2628373.7550	1104923.7950	2462.9290
1350	2628854.4000	1104837.7630	2710.4399
1351	2628854.4000	1104837.7630	2710.4399
1352	2628854.4000	1104837.7630	2710.4399
1353	2628854.4000	1104837.7630	2710.4399
1354	2628854.4000	1104837.7630	2710.4399
1355	2628854.4000	1104837.7630	2710.4399
1356	2628854.4000	1104837.7630	2710.4399
1357	2628854.4000	1104837.7630	2710.4399
1364	2628815.2980	1104888.5820	2673.1760
1365	2628799.3700	1104922.8150	2642.4641
1366	2628799.3700	1104922.8150	2642.4641
1367	2628795.2040	1104930.5410	2636.0891
1368	2628785.1270	1104944.9160	2622.8120
1369	2628778.9850	1104955.1060	2615.1101
1370	2628755.7070	1104950.1620	2601.7781
1376	2628597.3790	1104932.8430	2549.1799
1377	2628573.8080	1104935.8530	2538.9939
1378	2628528.1520	1104935.6400	2520.3740
1379	2628500.1660	1104941.9980	2512.6089
1380	2628464.9020	1104937.2380	2500.7280
1381	2628428.3510	1104917.7130	2494.1311
1383	2628373.7550	1104923.7950	2462.9290
1395	2628854.4000	1104837.7630	2710.4399
1396	2628854.4000	1104837.7630	2710.4399
1397	2628854.4000	1104837.7630	2710.4399
1398	2628854.4000	1104837.7630	2710.4399
1399	2628854.4000	1104837.7630	2710.4399
1400	2628854.4000	1104837.7630	2710.4399
1401	2628854.4000	1104837.7630	2710.4399
1402	2628854.4000	1104837.7630	2710.4399
1409	2628815.2980	1104888.5820	2673.1760
1410	2628799.3700	1104922.8150	2642.4641
1411	2628799.3700	1104922.8150	2642.4641
1412	2628795.2040	1104930.5410	2636.0891
1413	2628785.1270	1104944.9160	2622.8120
1414	2628778.8590	1104955.2710	2614.9619
1415	2628770.7629	1104967.4910	2606.1399
1416	2628750.0360	1104967.5200	2592.4280
1422	2628588.0291	1104948.3570	2535.6831
1423	2628572.7290	1104954.8540	2532.4099
1424	2628517.5699	1104954.3250	2510.0090
1425	2628491.8781	1104958.3110	2502.7329
1426	2628459.2910	1104956.1620	2487.8220
1427	2628415.2090	1104933.5560	2478.2891
1428	2628367.4390	1104925.2410	2457.9221
1437	2628236.8170	1105065.8950	2338.4060
1438	2628232.6740	1105083.3480	2325.9050
1440	2628854.4000	1104837.7630	2710.4399
1441	2628854.4000	1104837.7630	2710.4399
1442	2628854.4000	1104837.7630	2710.4399
1443	2628854.4000	1104837.7630	2710.4399
1444	2628854.4000	1104837.7630	2710.4399
1445	2628854.4000	1104837.7630	2710.4399
1446	2628854.4000	1104837.7630	2710.4399
1454	2628815.2980	1104888.5820	2673.1760
1455	2628799.3700	1104922.8150	2642.4641
1456	2628799.3700	1104922.8150	2642.4641
1457	2628795.2040	1104930.5410	2636.0891
1458	2628780.2690	1104951.1860	2617.5720
1459	2628778.8590	1104955.2710	2614.9619
1460	2628763.7440	1104977.9470	2596.0569
1461	2628762.2380	1104980.3860	2593.0991
1462	2628739.0890	1104976.4290	2579.5520
1468	2628584.0229	1104966.0040	2526.2219
1469	2628556.2650	1104969.3730	2519.6731
1470	2628525.2450	1104967.8270	2505.7729
1471	2628491.5110	1104978.9590	2494.4031
1472	2628454.7740	1104974.9280	2477.3789
1473	2628401.0090	1104948.8420	2462.5520
1474	2628358.3750	1104944.9680	2444.4419
1481	2628242.0420	1105048.5390	2348.4380
1482	2628236.8170	1105065.8950	2338.4060
1483	2628232.6740	1105083.3480	2325.9050
1484	2628223.7080	1105109.5700	2304.2971
1485	2628854.4000	1104837.7630	2710.4399
1486	2628854.4000	1104837.7630	2710.4399
1487	2628854.4000	1104837.7630	2710.4399
1488	2628854.4000	1104837.7630	2710.4399
1489	2628854.4000	1104837.7630	2710.4399
1490	2628854.4000	1104837.7630	2710.4399
1491	2628854.4000	1104837.7630	2710.4399
1499	2628815.2980	1104888.5820	2673.1760
1500	2628799.3700	1104922.8150	2642.4641
1501	2628799.3700	1104922.8150	2642.4641
1502	2628795.2040	1104930.5410	2636.0891
1503	2628780.2690	1104951.1860	2617.5720
1504	2628763.7440	1104977.9470	2596.0569
1505	2628763.7440	1104977.9470	2596.0569
1506	2628757.0320	1104988.2800	2585.6360
1507	2628752.9020	1104994.4690	2579.9529
1514	2628577.5670	1104985.9690	2516.6240
1515	2628559.1610	1104996.0950	2509.6909
1516	2628523.8440	1104989.9090	2497.7629
1517	2628490.1230	1104999.8860	2482.5779
1518	2628448.2820	1104989.2080	2467.2561
1519	2628389.3700	1104967.8160	2445.9351
1520	2628355.9000	1104968.3030	2433.8779
1525	2628250.3320	1105028.4530	2354.9170
1526	2628241.5040	1105049.7240	2347.4131
1527	2628236.8170	1105065.8950	2338.4060
1528	2628232.6740	1105083.3480	2325.9050
1529	2628223.8710	1105108.1560	2305.2490
1530	2628854.4000	1104837.7630	2710.4399
1531	2628854.4000	1104837.7630	2710.4399
1532	2628854.4000	1104837.7630	2710.4399
1533	2628854.4000	1104837.7630	2710.4399
1534	2628854.4000	1104837.7630	2710.4399
1535	2628854.4000	1104837.7630	2710.4399
1544	2628815.2980	1104888.5820	2673.1760
1545	2628810.2419	1104907.7860	2659.1960
1546	2628799.3700	1104922.8150	2642.4641
1547	2628794.8650	1104931.1010	2635.6831
1548	2628780.2690	1104951.1860	2617.5720
1549	2628778.8590	1104955.2710	2614.9619
1550	2628763.7440	1104977.9470	2596.0569
1551	2628761.9230	1104980.8680	2592.5349
1552	2628747.6160	1105002.5070	2572.6851
1553	2628744.3820	1105007.3160	2568.2571
1559	2628587.0959	1104992.2350	2507.3450
1560	2628574.4840	1105005.6670	2507.8401
1561	2628554.8770	1105011.1120	2500.1941
1562	2628515.7220	1105004.7400	2485.5400
1563	2628482.6580	1105009.4200	2471.9089
1564	2628442.9990	1105007.4510	2457.4241
1565	2628372.4560	1104981.3680	2427.3159
1570	2628249.3310	1105031.9060	2354.1699
1571	2628241.8820	1105048.8650	2348.2351
1572	2628236.8170	1105065.8950	2338.4060
1573	2628234.4100	1105085.5820	2325.7610
1574	2628223.3870	1105109.9530	2304.2351
1575	2628854.4000	1104837.7630	2710.4399
1576	2628854.4000	1104837.7630	2710.4399
1577	2628854.4000	1104837.7630	2710.4399
1578	2628854.4000	1104837.7630	2710.4399
1579	2628854.4000	1104837.7630	2710.4399
1580	2628854.4000	1104837.7630	2710.4399
1589	2628815.2980	1104888.5820	2673.1760
1590	2628799.3700	1104922.8150	2642.4641
1591	2628799.3700	1104922.8150	2642.4641
1592	2628795.2040	1104930.5410	2636.0891
1593	2628785.1270	1104944.9160	2622.8120
1594	2628779.0341	1104954.9560	2615.2200
1595	2628763.7440	1104977.9470	2596.0569
1596	2628762.5010	1104979.9860	2593.4680
1597	2628747.6160	1105002.5070	2572.6851
1598	2628746.0850	1105004.5900	2570.5811
1599	2628736.7100	1105016.5640	2559.6040
1605	2628578.6680	1105009.7980	2494.9800
1606	2628562.0649	1105018.2090	2495.5549
1607	2628543.9100	1105025.9040	2489.1650
1608	2628504.6660	1105020.1640	2472.3750
1609	2628467.4340	1105024.3470	2456.6680
1610	2628426.2970	1105018.3440	2442.1289
1615	2628250.7510	1105028.2560	2355.1101
1616	2628249.3550	1105033.6250	2354.8679
1617	2628235.5400	1105069.8370	2334.8589
1618	2628249.3550	1105033.6250	2354.8679
1619	2628223.7930	1105109.2360	2304.5120
1620	2628854.4000	1104837.7630	2710.4399
1621	2628854.4000	1104837.7630	2710.4399
1622	2628854.4000	1104837.7630	2710.4399
1623	2628854.4000	1104837.7630	2710.4399
1624	2628854.4000	1104837.7630	2710.4399
1625	2628854.4000	1104837.7630	2710.4399
1634	2628815.2980	1104888.5820	2673.1760
1635	2628799.3700	1104922.8150	2642.4641
1636	2628799.3700	1104922.8150	2642.4641
1637	2628795.2040	1104930.5410	2636.0891
1638	2628785.1270	1104944.9160	2622.8120
1639	2628763.7440	1104977.9470	2596.0569
1640	2628763.7440	1104977.9470	2596.0569
1641	2628761.8910	1104980.6790	2592.7051
1642	2628754.2480	1104992.4850	2582.1650
1643	2628745.3051	1105005.7970	2569.4861
1645	2628722.7230	1105024.9680	2548.2749
1651	2628573.1980	1105024.4420	2485.3311
1652	2628552.9720	1105034.2080	2479.6460
1653	2628536.4230	1105042.1420	2476.8521
1654	2628487.9790	1105031.4320	2455.9299
1655	2628449.3320	1105033.6730	2444.1750
1656	2628418.5980	1105031.1610	2430.3049
1657	2628385.2400	1105031.6790	2416.7671
1660	2628250.0730	1105028.7780	2354.4880
1661	2628241.9700	1105047.7090	2348.7710
1662	2628236.8170	1105065.8950	2338.4060
1663	2628230.3680	1105086.9620	2321.4360
1664	2628224.6130	1105106.0680	2306.6440
1665	2628854.4000	1104837.7630	2710.4399
1666	2628854.4000	1104837.7630	2710.4399
1667	2628854.4000	1104837.7630	2710.4399
1668	2628854.4000	1104837.7630	2710.4399
1669	2628854.4000	1104837.7630	2710.4399
1679	2628815.2980	1104888.5820	2673.1760
1680	2628799.3700	1104922.8150	2642.4641
1681	2628799.3700	1104922.8150	2642.4641
1682	2628794.8650	1104931.1010	2635.6831
1683	2628785.1270	1104944.9160	2622.8120
1684	2628763.7440	1104977.9470	2596.0569
1685	2628763.7440	1104977.9470	2596.0569
1686	2628762.0861	1104980.1880	2593.1340
1687	2628753.2920	1104993.2110	2580.7981
1688	2628745.1689	1105006.1790	2569.2410
1697	2628564.5850	1105041.7750	2472.3621
1698	2628549.5510	1105051.1260	2470.9209
1699	2628524.1689	1105054.3950	2463.8550
1700	2628481.5000	1105047.1910	2443.8511
1701	2628454.6760	1105052.7810	2431.2939
1702	2628416.7820	1105052.2530	2419.1211
1705	2628259.0180	1105035.8430	2353.9319
1706	2628241.7340	1105049.3490	2347.3560
1707	2628236.8170	1105065.8950	2338.4060
1708	2628229.7990	1105088.3810	2319.9360
1709	2628224.6130	1105106.0680	2306.6440
1710	2628854.4000	1104837.7630	2710.4399
1711	2628854.4000	1104837.7630	2710.4399
1712	2628854.4000	1104837.7630	2710.4399
1713	2628854.4000	1104837.7630	2710.4399
1714	2628854.4000	1104837.7630	2710.4399
1724	2628815.2980	1104888.5820	2673.1760
1725	2628799.3700	1104922.8150	2642.4641
1726	2628799.3700	1104922.8150	2642.4641
1727	2628795.2040	1104930.5410	2636.0891
1728	2628785.1270	1104944.9160	2622.8120
1729	2628763.7440	1104977.9470	2596.0569
1730	2628763.7440	1104977.9470	2596.0569
1731	2628761.9910	1104980.4120	2592.9619
1743	2628557.9890	1105058.2600	2462.1570
1744	2628539.3330	1105065.0220	2459.7390
1745	2628517.2610	1105069.6980	2451.3931
1746	2628468.1899	1105063.2640	2428.2681
1747	2628441.3280	1105064.2040	2417.6011
1748	2628382.2360	1105057.0840	2395.6799
1751	2628254.6200	1105055.9020	2342.6230
1752	2628236.2200	1105067.2890	2337.2380
1753	2628230.0920	1105087.7220	2320.6509
1754	2628220.7160	1105118.8100	2298.4541
1755	2628854.4000	1104837.7630	2710.4399
1756	2628854.4000	1104837.7630	2710.4399
1757	2628854.4000	1104837.7630	2710.4399
1758	2628854.4000	1104837.7630	2710.4399
1769	2628815.2980	1104888.5820	2673.1760
1770	2628810.2419	1104907.7860	2659.1960
1771	2628799.3700	1104922.8150	2642.4641
1772	2628795.2040	1104930.5410	2636.0891
1773	2628785.1270	1104944.9160	2622.8120
1774	2628779.0820	1104954.9000	2615.2820
1775	2628763.7440	1104977.9470	2596.0569
1789	2628554.8440	1105074.0500	2454.5491
1790	2628531.9720	1105080.5160	2448.1631
1791	2628508.3290	1105084.9350	2438.4299
1792	2628472.5720	1105083.8830	2423.4399
1793	2628424.6639	1105079.1770	2401.0449
1794	2628378.0680	1105072.0610	2381.3081
1797	2628248.0900	1105075.0460	2329.4241
1798	2628229.7990	1105088.3810	2319.9360
1799	2628224.6130	1105106.0680	2306.6440
1800	2628854.4000	1104837.7630	2710.4399
1801	2628854.4000	1104837.7630	2710.4399
1802	2628854.4000	1104837.7630	2710.4399
1803	2628854.4000	1104837.7630	2710.4399
1814	2628815.2980	1104888.5820	2673.1760
1815	2628799.3700	1104922.8150	2642.4641
1816	2628799.3700	1104922.8150	2642.4641
1817	2628795.2040	1104930.5410	2636.0891
1818	2628785.1270	1104944.9160	2622.8120
1819	2628763.7440	1104977.9470	2596.0569
1820	2628763.7440	1104977.9470	2596.0569
1835	2628547.0490	1105092.2150	2443.3340
1836	2628530.3340	1105099.4750	2438.7729
1837	2628498.7870	1105099.1540	2426.1030
1838	2628467.4210	1105102.6640	2413.3000
1839	2628408.7060	1105091.1550	2384.9729
1840	2628359.2420	1105086.5560	2364.0959
1842	2628268.8250	1105085.5070	2325.7671
1843	2628237.4940	1105094.1150	2314.2029
1844	2628224.6130	1105106.0680	2306.6440
1845	2628854.4000	1104837.7630	2710.4399
1846	2628854.4000	1104837.7630	2710.4399
1847	2628854.4000	1104837.7630	2710.4399
1860	2628799.3700	1104922.8150	2642.4641
1861	2628799.3700	1104922.8150	2642.4641
1864	2628763.7440	1104977.9470	2596.0569
1881	2628543.7679	1105106.9040	2433.8540
1882	2628526.3260	1105116.8240	2429.6279
1883	2628496.5760	1105117.7910	2417.4451
1884	2628461.4630	1105119.0490	2402.5991
1885	2628393.1720	1105105.3890	2367.1460
1888	2628259.5590	1105106.0270	2310.6250
1889	2628231.1560	1105114.4170	2301.0061
1890	2628854.4000	1104837.7630	2710.4399
1891	2628854.4000	1104837.7630	2710.4399
1892	2628854.4000	1104837.7630	2710.4399
1905	2628799.3700	1104922.8150	2642.4641
1927	2628534.0800	1105122.2690	2420.9670
1928	2628516.9020	1105132.8120	2416.7429
1929	2628489.9630	1105134.6230	2406.3940
1930	2628451.9390	1105134.6770	2390.9470
1934	2628256.6040	1105124.8720	2298.1550
1935	2628854.4000	1104837.7630	2710.4399
1936	2628854.4000	1104837.7630	2710.4399
1937	2628854.4000	1104837.7630	2710.4399
1973	2628519.7581	1105134.6460	2405.4519
1974	2628511.4950	1105147.1060	2406.0850
1975	2628478.5430	1105148.2060	2392.7029
1976	2628454.0730	1105155.2870	2385.2480
1977	2628372.8880	1105137.1680	2340.4771
1980	2628854.4000	1104837.7630	2710.4399
1981	2628854.4000	1104837.7630	2710.4399
2019	2628517.1071	1105149.9990	2400.4929
2020	2628493.7920	1105156.8520	2391.4360
2021	2628464.7560	1105160.8580	2379.2661
2022	2628448.8700	1105172.8770	2374.4341
