ID	X	Y	Z
10	2628632.1030	1104505.2820	2802.4541
11	2628632.1030	1104505.2820	2802.4541
12	2628632.1030	1104505.2820	2802.4541
13	2628632.1030	1104505.2820	2802.4541
14	2628564.7570	1104513.4360	2769.6909
15	2628564.7570	1104513.4360	2769.6909
16	2628564.7570	1104513.4360	2769.6909
17	2628564.7570	1104513.4360	2769.6909
18	2628564.7570	1104513.4360	2769.6909
19	2628564.7570	1104513.4360	2769.6909
20	2628564.7570	1104513.4360	2769.6909
21	2628564.7570	1104513.4360	2769.6909
22	2628425.8990	1104658.3380	2643.7200
23	2628419.4390	1104670.1810	2637.4299
24	2628419.4390	1104670.1810	2637.4299
25	2628399.4230	1104728.8270	2591.4570
26	2628397.0090	1104733.5010	2587.8831
27	2628397.0090	1104733.5010	2587.8831
28	2628397.0090	1104733.5010	2587.8831
29	2628397.0090	1104733.5010	2587.8831
30	2628397.0090	1104733.5010	2587.8831
31	2628397.0090	1104733.5010	2587.8831
32	2628397.0090	1104733.5010	2587.8831
33	2628373.7550	1104923.7950	2462.9290
55	2628632.1030	1104505.2820	2802.4541
56	2628632.1030	1104505.2820	2802.4541
57	2628632.1030	1104505.2820	2802.4541
58	2628632.1030	1104505.2820	2802.4541
59	2628632.1030	1104505.2820	2802.4541
60	2628564.7570	1104513.4360	2769.6909
61	2628564.7570	1104513.4360	2769.6909
62	2628564.7570	1104513.4360	2769.6909
63	2628564.7570	1104513.4360	2769.6909
64	2628564.7570	1104513.4360	2769.6909
65	2628564.7570	1104513.4360	2769.6909
66	2628564.7570	1104513.4360	2769.6909
67	2628428.0460	1104663.1640	2643.2561
68	2628419.4390	1104670.1810	2637.4299
69	2628419.4390	1104670.1810	2637.4299
70	2628395.9870	1104719.1620	2600.8081
71	2628397.0090	1104733.5010	2587.8831
72	2628397.0090	1104733.5010	2587.8831
73	2628397.0090	1104733.5010	2587.8831
74	2628397.0090	1104733.5010	2587.8831
75	2628397.0090	1104733.5010	2587.8831
76	2628397.0090	1104733.5010	2587.8831
77	2628397.0090	1104733.5010	2587.8831
78	2628362.3060	1104925.2070	2455.0610
100	2628632.1030	1104505.2820	2802.4541
101	2628632.1030	1104505.2820	2802.4541
102	2628632.1030	1104505.2820	2802.4541
103	2628632.1030	1104505.2820	2802.4541
104	2628564.7570	1104513.4360	2769.6909
105	2628564.7570	1104513.4360	2769.6909
106	2628564.7570	1104513.4360	2769.6909
107	2628564.7570	1104513.4360	2769.6909
108	2628564.7570	1104513.4360	2769.6909
109	2628564.7570	1104513.4360	2769.6909
110	2628564.7570	1104513.4360	2769.6909
111	2628564.7570	1104513.4360	2769.6909
112	2628425.3750	1104659.9750	2642.7649
113	2628419.4390	1104670.1810	2637.4299
114	2628419.4390	1104670.1810	2637.4299
115	2628397.8390	1104723.8880	2595.6021
116	2628397.0090	1104733.5010	2587.8831
117	2628397.0090	1104733.5010	2587.8831
118	2628397.0090	1104733.5010	2587.8831
119	2628397.0090	1104733.5010	2587.8831
120	2628397.0090	1104733.5010	2587.8831
121	2628397.0090	1104733.5010	2587.8831
122	2628397.0090	1104733.5010	2587.8831
123	2628373.7550	1104923.7950	2462.9290
144	2628632.1030	1104505.2820	2802.4541
145	2628632.1030	1104505.2820	2802.4541
146	2628632.1030	1104505.2820	2802.4541
147	2628632.1030	1104505.2820	2802.4541
148	2628632.1030	1104505.2820	2802.4541
149	2628564.7570	1104513.4360	2769.6909
150	2628564.7570	1104513.4360	2769.6909
151	2628564.7570	1104513.4360	2769.6909
152	2628564.7570	1104513.4360	2769.6909
153	2628564.7570	1104513.4360	2769.6909
155	2628564.7570	1104513.4360	2769.6909
156	2628442.6460	1104630.6700	2666.2451
157	2628427.0890	1104662.7620	2642.6919
158	2628419.4390	1104670.1810	2637.4299
159	2628419.4390	1104670.1810	2637.4299
160	2628396.4520	1104715.3510	2604.8970
161	2628397.0090	1104733.5010	2587.8831
162	2628397.0090	1104733.5010	2587.8831
163	2628397.0090	1104733.5010	2587.8831
164	2628397.0090	1104733.5010	2587.8831
165	2628397.0090	1104733.5010	2587.8831
166	2628397.0090	1104733.5010	2587.8831
167	2628397.0090	1104733.5010	2587.8831
168	2628373.7550	1104923.7950	2462.9290
190	2628632.1030	1104505.2820	2802.4541
191	2628632.1030	1104505.2820	2802.4541
192	2628632.1030	1104505.2820	2802.4541
193	2628564.7570	1104513.4360	2769.6909
194	2628564.7570	1104513.4360	2769.6909
195	2628564.7570	1104513.4360	2769.6909
196	2628564.7570	1104513.4360	2769.6909
197	2628564.7570	1104513.4360	2769.6909
198	2628564.7570	1104513.4360	2769.6909
200	2628564.7570	1104513.4360	2769.6909
201	2628442.6460	1104630.6700	2666.2451
202	2628427.0890	1104662.7620	2642.6919
203	2628419.4390	1104670.1810	2637.4299
204	2628419.4390	1104670.1810	2637.4299
205	2628399.4230	1104728.8270	2591.4570
206	2628397.0090	1104733.5010	2587.8831
207	2628397.0090	1104733.5010	2587.8831
208	2628397.0090	1104733.5010	2587.8831
209	2628397.0090	1104733.5010	2587.8831
210	2628397.0090	1104733.5010	2587.8831
211	2628397.0090	1104733.5010	2587.8831
212	2628397.0090	1104733.5010	2587.8831
213	2628373.7550	1104923.7950	2462.9290
214	2628362.3060	1104925.2070	2455.0610
235	2628632.1030	1104505.2820	2802.4541
236	2628632.1030	1104505.2820	2802.4541
237	2628632.1030	1104505.2820	2802.4541
238	2628564.7570	1104513.4360	2769.6909
239	2628564.7570	1104513.4360	2769.6909
240	2628564.7570	1104513.4360	2769.6909
241	2628564.7570	1104513.4360	2769.6909
242	2628564.7570	1104513.4360	2769.6909
245	2628450.5770	1104622.9660	2670.1699
246	2628442.6460	1104630.6700	2666.2451
247	2628425.3750	1104659.9750	2642.7649
248	2628419.4390	1104670.1810	2637.4299
249	2628419.4390	1104670.1810	2637.4299
250	2628399.4230	1104728.8270	2591.4570
251	2628397.0090	1104733.5010	2587.8831
252	2628397.0090	1104733.5010	2587.8831
253	2628397.0090	1104733.5010	2587.8831
254	2628397.0090	1104733.5010	2587.8831
255	2628397.0090	1104733.5010	2587.8831
256	2628397.0090	1104733.5010	2587.8831
257	2628397.0090	1104733.5010	2587.8831
258	2628397.0090	1104733.5010	2587.8831
280	2628632.1030	1104505.2820	2802.4541
281	2628632.1030	1104505.2820	2802.4541
282	2628581.9530	1104515.0390	2777.5691
283	2628564.7570	1104513.4360	2769.6909
284	2628564.7570	1104513.4360	2769.6909
285	2628564.7570	1104513.4360	2769.6909
286	2628564.7570	1104513.4360	2769.6909
287	2628564.7570	1104513.4360	2769.6909
290	2628450.5770	1104622.9660	2670.1699
291	2628442.6460	1104630.6700	2666.2451
292	2628427.0890	1104662.7620	2642.6919
293	2628419.4390	1104670.1810	2637.4299
294	2628419.4390	1104670.1810	2637.4299
295	2628399.4230	1104728.8270	2591.4570
296	2628397.0090	1104733.5010	2587.8831
297	2628397.0090	1104733.5010	2587.8831
298	2628397.0090	1104733.5010	2587.8831
299	2628397.0090	1104733.5010	2587.8831
300	2628397.0090	1104733.5010	2587.8831
301	2628397.0090	1104733.5010	2587.8831
302	2628397.0090	1104733.5010	2587.8831
303	2628374.2580	1104922.7940	2464.0010
325	2628632.1030	1104505.2820	2802.4541
326	2628632.1030	1104505.2820	2802.4541
327	2628584.0120	1104514.8210	2778.6101
328	2628564.7570	1104513.4360	2769.6909
329	2628564.7570	1104513.4360	2769.6909
330	2628564.7570	1104513.4360	2769.6909
331	2628564.7570	1104513.4360	2769.6909
335	2628449.4790	1104623.5680	2669.6030
336	2628442.6460	1104630.6700	2666.2451
337	2628427.0890	1104662.7620	2642.6919
338	2628419.4390	1104670.1810	2637.4299
339	2628419.4390	1104670.1810	2637.4299
340	2628399.4230	1104728.8270	2591.4570
341	2628397.0090	1104733.5010	2587.8831
342	2628397.0090	1104733.5010	2587.8831
343	2628397.0090	1104733.5010	2587.8831
344	2628397.0090	1104733.5010	2587.8831
345	2628397.0090	1104733.5010	2587.8831
346	2628397.0090	1104733.5010	2587.8831
347	2628397.0090	1104733.5010	2587.8831
348	2628373.7550	1104923.7950	2462.9290
370	2628632.1030	1104505.2820	2802.4541
371	2628604.5370	1104513.7250	2787.0500
372	2628582.3621	1104518.0070	2777.2649
373	2628564.7570	1104513.4360	2769.6909
374	2628564.7570	1104513.4360	2769.6909
375	2628535.0601	1104534.2800	2746.2639
380	2628450.2460	1104623.7590	2669.9170
381	2628442.6460	1104630.6700	2666.2451
382	2628427.0890	1104662.7620	2642.6919
383	2628419.4390	1104670.1810	2637.4299
384	2628419.4390	1104670.1810	2637.4299
385	2628397.8390	1104723.8880	2595.6021
386	2628397.0090	1104733.5010	2587.8831
387	2628397.0090	1104733.5010	2587.8831
388	2628397.0090	1104733.5010	2587.8831
389	2628397.0090	1104733.5010	2587.8831
390	2628397.0090	1104733.5010	2587.8831
391	2628397.0090	1104733.5010	2587.8831
392	2628397.0090	1104733.5010	2587.8831
393	2628373.7550	1104923.7950	2462.9290
405	2628901.0551	1104643.0750	2832.9131
415	2628628.0970	1104514.0450	2798.3679
416	2628605.4860	1104513.2610	2787.6111
417	2628581.9530	1104515.0390	2777.5691
418	2628564.7570	1104513.4360	2769.6909
419	2628564.7570	1104513.4360	2769.6909
420	2628535.0601	1104534.2800	2746.2639
425	2628449.9260	1104622.8600	2669.9399
426	2628442.6460	1104630.6700	2666.2451
427	2628427.0890	1104662.7620	2642.6919
428	2628419.4390	1104670.1810	2637.4299
429	2628419.4390	1104670.1810	2637.4299
430	2628396.8910	1104721.9980	2596.9529
431	2628397.0090	1104733.5010	2587.8831
432	2628397.0090	1104733.5010	2587.8831
433	2628397.0090	1104733.5010	2587.8831
434	2628397.0090	1104733.5010	2587.8831
435	2628397.0090	1104733.5010	2587.8831
436	2628397.0090	1104733.5010	2587.8831
437	2628397.0090	1104733.5010	2587.8831
438	2628373.7550	1104923.7950	2462.9290
450	2628918.8370	1104679.8790	2825.4500
451	2628895.5330	1104665.0490	2822.3911
452	2628875.8170	1104658.2710	2820.1230
461	2628619.9470	1104532.2580	2784.2100
462	2628582.7000	1104516.2780	2777.7290
463	2628566.1980	1104527.1300	2767.2900
464	2628547.1340	1104535.9380	2753.6230
465	2628535.0601	1104534.2800	2746.2639
470	2628449.9260	1104622.8600	2669.9399
471	2628442.6460	1104630.6700	2666.2451
472	2628427.0890	1104662.7620	2642.6919
473	2628419.4390	1104670.1810	2637.4299
474	2628419.4390	1104670.1810	2637.4299
475	2628399.4920	1104728.3710	2591.7991
476	2628397.0090	1104733.5010	2587.8831
477	2628397.0090	1104733.5010	2587.8831
478	2628397.0090	1104733.5010	2587.8831
479	2628397.0090	1104733.5010	2587.8831
480	2628397.0090	1104733.5010	2587.8831
481	2628397.0090	1104733.5010	2587.8831
482	2628397.0090	1104733.5010	2587.8831
483	2628373.7550	1104923.7950	2462.9290
495	2628928.6240	1104699.6270	2817.2009
496	2628912.3640	1104698.1160	2815.0530
497	2628891.7950	1104689.3530	2812.3521
498	2628869.0620	1104677.6750	2808.0869
499	2628841.6140	1104658.4750	2803.8259
507	2628611.2120	1104552.6610	2769.0220
508	2628571.2679	1104533.3520	2763.2310
509	2628547.4390	1104535.1200	2753.9551
510	2628535.0601	1104534.2800	2746.2639
515	2628445.0280	1104618.7300	2667.9509
516	2628442.6460	1104630.6700	2666.2451
517	2628428.0460	1104663.1640	2643.2561
518	2628419.4390	1104670.1810	2637.4299
519	2628419.4390	1104670.1810	2637.4299
520	2628397.8390	1104723.8880	2595.6021
521	2628397.0090	1104733.5010	2587.8831
522	2628397.0090	1104733.5010	2587.8831
523	2628397.0090	1104733.5010	2587.8831
524	2628397.0090	1104733.5010	2587.8831
525	2628397.0090	1104733.5010	2587.8831
526	2628397.0090	1104733.5010	2587.8831
527	2628397.0090	1104733.5010	2587.8831
528	2628373.7550	1104923.7950	2462.9290
540	2628936.1071	1104713.7360	2806.9141
541	2628918.7410	1104711.8970	2805.6179
542	2628903.0840	1104711.7060	2803.0659
543	2628884.4700	1104705.7180	2801.3511
544	2628868.0959	1104705.3740	2799.2661
554	2628559.5670	1104552.7640	2745.9980
560	2628451.6060	1104622.8990	2670.5449
561	2628442.6460	1104630.6700	2666.2451
562	2628425.3750	1104659.9750	2642.7649
563	2628419.4390	1104670.1810	2637.4299
564	2628419.4390	1104670.1810	2637.4299
565	2628397.8390	1104723.8880	2595.6021
566	2628397.0090	1104733.5010	2587.8831
567	2628397.0090	1104733.5010	2587.8831
568	2628397.0090	1104733.5010	2587.8831
569	2628397.0090	1104733.5010	2587.8831
570	2628397.0090	1104733.5010	2587.8831
571	2628397.0090	1104733.5010	2587.8831
572	2628397.0090	1104733.5010	2587.8831
573	2628373.7550	1104923.7950	2462.9290
585	2628933.6530	1104721.3900	2801.0249
586	2628928.2190	1104729.5090	2797.6030
587	2628914.5649	1104732.2580	2795.1460
588	2628897.3740	1104729.0860	2792.9080
589	2628879.1460	1104725.1180	2790.4221
590	2628859.2990	1104720.2130	2787.1790
592	2628809.6040	1104695.9670	2779.0569
600	2628546.3580	1104570.9030	2730.4541
604	2628464.2030	1104604.8180	2678.4199
605	2628451.6060	1104622.8990	2670.5449
606	2628442.6460	1104630.6700	2666.2451
607	2628427.0890	1104662.7620	2642.6919
608	2628419.4390	1104670.1810	2637.4299
609	2628419.4390	1104670.1810	2637.4299
610	2628397.5690	1104723.0890	2596.3420
611	2628397.0090	1104733.5010	2587.8831
612	2628397.0090	1104733.5010	2587.8831
613	2628397.0090	1104733.5010	2587.8831
614	2628397.0090	1104733.5010	2587.8831
615	2628397.0090	1104733.5010	2587.8831
616	2628397.0090	1104733.5010	2587.8831
617	2628397.0090	1104733.5010	2587.8831
618	2628373.7550	1104923.7950	2462.9290
630	2628933.6530	1104721.3900	2801.0249
631	2628928.2190	1104729.5090	2797.6030
632	2628918.0660	1104744.9280	2788.8970
633	2628907.9990	1104748.1450	2785.2910
634	2628888.9091	1104741.8280	2782.5430
635	2628870.0590	1104737.3360	2778.5569
636	2628847.1060	1104726.8930	2774.2319
637	2628819.0500	1104708.6060	2768.0950
646	2628533.3311	1104587.1530	2714.5400
650	2628451.2850	1104620.2820	2671.2810
651	2628442.6460	1104630.6700	2666.2451
652	2628427.0890	1104662.7620	2642.6919
653	2628419.4390	1104670.1810	2637.4299
654	2628419.4390	1104670.1810	2637.4299
655	2628399.4230	1104728.8270	2591.4570
656	2628397.0090	1104733.5010	2587.8831
657	2628397.0090	1104733.5010	2587.8831
658	2628397.0090	1104733.5010	2587.8831
659	2628397.0090	1104733.5010	2587.8831
660	2628397.0090	1104733.5010	2587.8831
661	2628397.0090	1104733.5010	2587.8831
662	2628397.0090	1104733.5010	2587.8831
663	2628373.7550	1104923.7950	2462.9290
675	2628933.6530	1104721.3900	2801.0249
676	2628919.9340	1104742.1320	2790.7839
677	2628919.3600	1104742.9070	2790.3140
678	2628911.2760	1104754.9430	2781.6379
679	2628899.3730	1104762.4870	2773.4500
680	2628878.2280	1104750.5800	2769.7549
681	2628859.8690	1104746.8490	2766.5229
682	2628831.8020	1104727.9040	2760.5920
683	2628810.5420	1104723.4810	2755.2671
692	2628522.1210	1104605.1140	2699.5220
695	2628450.2460	1104623.7590	2669.9170
696	2628442.6460	1104630.6700	2666.2451
697	2628427.0890	1104662.7620	2642.6919
698	2628419.4390	1104670.1810	2637.4299
699	2628419.4390	1104670.1810	2637.4299
700	2628399.4230	1104728.8270	2591.4570
701	2628397.0090	1104733.5010	2587.8831
702	2628397.0090	1104733.5010	2587.8831
703	2628397.0090	1104733.5010	2587.8831
704	2628397.0090	1104733.5010	2587.8831
705	2628397.0090	1104733.5010	2587.8831
706	2628397.0090	1104733.5010	2587.8831
707	2628397.0090	1104733.5010	2587.8831
708	2628373.7550	1104923.7950	2462.9290
720	2628933.6530	1104721.3900	2801.0249
721	2628919.9340	1104742.1320	2790.7839
722	2628919.3600	1104742.9070	2790.3140
723	2628911.0270	1104755.5160	2781.0620
724	2628902.9580	1104767.7250	2772.1179
725	2628889.5140	1104768.7790	2762.8411
726	2628866.9800	1104758.5740	2756.7749
727	2628844.3700	1104749.8130	2752.5439
729	2628798.3030	1104731.5380	2742.8850
730	2628777.7271	1104729.1690	2738.6741
738	2628515.9340	1104631.6470	2682.6860
739	2628485.7220	1104630.1760	2678.4141
740	2628449.9260	1104622.8600	2669.9399
741	2628442.6460	1104630.6700	2666.2451
742	2628428.0460	1104663.1640	2643.2561
743	2628419.4390	1104670.1810	2637.4299
744	2628419.4390	1104670.1810	2637.4299
745	2628399.4230	1104728.8270	2591.4570
746	2628397.0090	1104733.5010	2587.8831
747	2628397.0090	1104733.5010	2587.8831
748	2628397.0090	1104733.5010	2587.8831
749	2628397.0090	1104733.5010	2587.8831
750	2628397.0090	1104733.5010	2587.8831
751	2628397.0090	1104733.5010	2587.8831
752	2628397.0090	1104733.5010	2587.8831
753	2628373.7550	1104923.7950	2462.9290
765	2628919.9340	1104742.1320	2790.7839
766	2628919.9340	1104742.1320	2790.7839
767	2628919.3600	1104742.9070	2790.3140
768	2628910.8440	1104755.7270	2780.9131
769	2628903.0820	1104767.5260	2772.2170
770	2628892.0240	1104784.2720	2755.2910
771	2628879.7080	1104778.0820	2751.4839
772	2628856.0400	1104768.0430	2744.2300
773	2628834.5220	1104760.4650	2739.9680
775	2628788.8650	1104745.5040	2730.3469
776	2628764.8770	1104738.7480	2725.8359
784	2628503.4720	1104649.7130	2668.7561
785	2628477.5760	1104653.5420	2663.7490
786	2628439.6880	1104644.3710	2657.0879
787	2628428.0460	1104663.1640	2643.2561
788	2628419.4390	1104670.1810	2637.4299
789	2628419.4390	1104670.1810	2637.4299
790	2628399.4230	1104728.8270	2591.4570
791	2628397.0090	1104733.5010	2587.8831
792	2628397.0090	1104733.5010	2587.8831
793	2628397.0090	1104733.5010	2587.8831
794	2628397.0090	1104733.5010	2587.8831
795	2628397.0090	1104733.5010	2587.8831
796	2628397.0090	1104733.5010	2587.8831
797	2628397.0090	1104733.5010	2587.8831
798	2628373.7550	1104923.7950	2462.9290
810	2628919.9340	1104742.1320	2790.7839
811	2628919.9340	1104742.1320	2790.7839
812	2628919.3600	1104742.9070	2790.3140
813	2628911.2760	1104754.9430	2781.6379
814	2628903.2120	1104767.3000	2772.3889
815	2628895.2590	1104779.3400	2760.2939
816	2628886.5560	1104792.5670	2749.3889
817	2628872.7510	1104795.4300	2739.8191
822	2628751.5240	1104748.9640	2711.5750
830	2628499.5060	1104673.4730	2654.3501
831	2628472.2560	1104678.9040	2651.7241
832	2628406.8570	1104641.6110	2633.0649
833	2628416.5890	1104684.8570	2630.6030
834	2628404.9130	1104704.0480	2617.0000
835	2628396.8840	1104728.2020	2590.4819
836	2628397.0090	1104733.5010	2587.8831
837	2628397.0090	1104733.5010	2587.8831
838	2628397.0090	1104733.5010	2587.8831
839	2628397.0090	1104733.5010	2587.8831
840	2628397.0090	1104733.5010	2587.8831
841	2628397.0090	1104733.5010	2587.8831
842	2628397.0090	1104733.5010	2587.8831
843	2628373.7550	1104923.7950	2462.9290
855	2628919.9340	1104742.1320	2790.7839
856	2628919.9340	1104742.1320	2790.7839
857	2628919.3600	1104742.9070	2790.3140
858	2628911.3330	1104755.0880	2781.3340
859	2628903.0820	1104767.5260	2772.2170
860	2628894.4000	1104779.7810	2759.3789
861	2628886.5560	1104792.5670	2749.3889
862	2628875.3070	1104809.4650	2737.2881
863	2628867.4210	1104814.6160	2730.9060
868	2628746.0861	1104769.2770	2699.3521
869	2628724.7750	1104767.9350	2695.0610
876	2628491.9561	1104697.5360	2640.7241
877	2628460.7640	1104699.2470	2636.2649
878	2628428.1420	1104694.6030	2627.3711
879	2628404.9130	1104704.0480	2617.0000
880	2628410.8070	1104692.8720	2624.0979
881	2628397.0090	1104733.5010	2587.8831
882	2628397.0090	1104733.5010	2587.8831
883	2628397.0090	1104733.5010	2587.8831
884	2628397.0090	1104733.5010	2587.8831
885	2628397.0090	1104733.5010	2587.8831
886	2628397.0090	1104733.5010	2587.8831
887	2628397.0090	1104733.5010	2587.8831
888	2628373.7550	1104923.7950	2462.9290
900	2628919.9340	1104742.1320	2790.7839
901	2628919.9340	1104742.1320	2790.7839
902	2628919.3600	1104742.9070	2790.3140
903	2628911.2760	1104754.9430	2781.6379
904	2628903.3910	1104767.0360	2772.6350
905	2628894.8781	1104779.9900	2759.6431
906	2628886.0350	1104792.1090	2749.1851
907	2628875.3070	1104809.4650	2737.2881
908	2628863.7581	1104826.9930	2721.5310
909	2628858.4750	1104825.3010	2719.0381
914	2628735.6281	1104783.7050	2687.7310
915	2628716.2910	1104784.5510	2683.8999
922	2628485.4120	1104720.6240	2625.8059
923	2628452.3730	1104718.5770	2619.6750
924	2628412.8530	1104712.0800	2610.5029
925	2628397.5930	1104713.2400	2607.6060
926	2628397.0090	1104733.5010	2587.8831
927	2628397.0090	1104733.5010	2587.8831
928	2628397.6170	1104771.8390	2564.6440
929	2628397.0090	1104733.5010	2587.8831
930	2628397.0090	1104733.5010	2587.8831
931	2628397.0090	1104733.5010	2587.8831
932	2628397.0090	1104733.5010	2587.8831
933	2628373.7550	1104923.7950	2462.9290
945	2628919.9340	1104742.1320	2790.7839
946	2628919.9340	1104742.1320	2790.7839
947	2628919.3600	1104742.9070	2790.3140
948	2628911.0270	1104755.5160	2781.0620
949	2628903.0820	1104767.5260	2772.2170
950	2628895.0140	1104779.7380	2759.8879
951	2628886.9110	1104791.9890	2749.7461
952	2628875.3070	1104809.4650	2737.2881
953	2628870.0940	1104817.2800	2732.6709
954	2628854.4000	1104837.7630	2710.4399
955	2628847.5360	1104831.7390	2706.9370
960	2628730.1110	1104801.5370	2676.2949
968	2628468.3860	1104735.2480	2608.8459
969	2628444.9060	1104740.6340	2605.2549
970	2628397.3950	1104725.0070	2593.4490
971	2628397.0090	1104733.5010	2587.8831
972	2628397.6170	1104771.8390	2564.6440
973	2628397.6170	1104771.8390	2564.6440
975	2628397.0090	1104733.5010	2587.8831
976	2628397.0090	1104733.5010	2587.8831
978	2628373.7550	1104923.7950	2462.9290
990	2628933.6530	1104721.3900	2801.0249
991	2628928.4420	1104729.1550	2797.9961
992	2628919.3600	1104742.9070	2790.3140
993	2628911.2760	1104754.9430	2781.6379
994	2628902.5780	1104767.9580	2771.9180
995	2628895.1410	1104779.5910	2760.0359
996	2628886.5560	1104792.5670	2749.3889
997	2628875.3070	1104809.4650	2737.2881
998	2628854.4000	1104837.7630	2710.4399
999	2628854.4000	1104837.7630	2710.4399
1000	2628851.4771	1104840.2950	2707.8430
1001	2628840.7159	1104847.6500	2697.4331
1006	2628721.7321	1104817.1350	2664.5090
1007	2628700.7400	1104817.5590	2659.2380
1008	2628670.4120	1104813.4740	2649.9341
1014	2628459.7770	1104755.5160	2595.2261
1015	2628429.7170	1104756.8280	2589.4600
1016	2628401.7340	1104760.5640	2576.7639
1017	2628397.6170	1104771.8390	2564.6440
1018	2628397.6170	1104771.8390	2564.6440
1021	2628400.3130	1104893.3380	2495.5190
1022	2628390.6710	1104891.0020	2490.0710
1023	2628390.6710	1104891.0020	2490.0710
1024	2628390.6710	1104891.0020	2490.0710
1035	2628933.6530	1104721.3900	2801.0249
1036	2628928.7321	1104728.7460	2798.1941
1037	2628919.3600	1104742.9070	2790.3140
1038	2628911.2760	1104754.9430	2781.6379
1039	2628903.5300	1104766.8700	2773.0149
1040	2628895.0070	1104779.6350	2759.9241
1041	2628854.4000	1104837.7630	2710.4399
1042	2628854.4000	1104837.7630	2710.4399
1043	2628854.4000	1104837.7630	2710.4399
1044	2628854.4000	1104837.7630	2710.4399
1045	2628851.6790	1104841.1210	2707.8601
1046	2628841.0389	1104847.7580	2697.7549
1047	2628834.3051	1104863.7050	2691.0879
1052	2628711.9000	1104831.1220	2651.0381
1053	2628690.8290	1104831.3680	2646.2671
1054	2628654.4320	1104819.2600	2635.3340
1060	2628442.1860	1104769.9590	2578.9180
1061	2628417.6630	1104775.3290	2570.0471
1062	2628397.6170	1104771.8390	2564.6440
1063	2628397.6170	1104771.8390	2564.6440
1066	2628400.3130	1104893.3380	2495.5190
1067	2628390.6710	1104891.0020	2490.0710
1068	2628390.6710	1104891.0020	2490.0710
1069	2628390.6710	1104891.0020	2490.0710
1080	2628933.6530	1104721.3900	2801.0249
1081	2628928.0920	1104729.7690	2797.4070
1082	2628919.3600	1104742.9070	2790.3140
1083	2628910.6230	1104755.9240	2780.8870
1084	2628854.4000	1104837.7630	2710.4399
1085	2628854.4000	1104837.7630	2710.4399
1086	2628854.4000	1104837.7630	2710.4399
1087	2628854.4000	1104837.7630	2710.4399
1088	2628854.4000	1104837.7630	2710.4399
1089	2628854.4000	1104837.7630	2710.4399
1090	2628851.4771	1104840.2950	2707.8430
1091	2628839.0500	1104846.1360	2696.6130
1094	2628814.8090	1104885.6430	2673.8220
1098	2628700.2531	1104844.5350	2638.3491
1099	2628680.8560	1104845.4310	2633.3931
1100	2628648.0050	1104836.2780	2623.7610
1106	2628440.1190	1104793.8390	2564.5610
1107	2628387.5130	1104777.2950	2547.7251
1108	2628387.2690	1104777.5810	2547.3440
1111	2628395.0530	1104891.6630	2492.6470
1112	2628390.6710	1104891.0020	2490.0710
1113	2628390.6710	1104891.0020	2490.0710
1114	2628390.6710	1104891.0020	2490.0710
1125	2628933.6530	1104721.3900	2801.0249
1126	2628928.5320	1104729.0890	2798.0339
1127	2628854.4000	1104837.7630	2710.4399
1128	2628854.4000	1104837.7630	2710.4399
1129	2628854.4000	1104837.7630	2710.4399
1130	2628854.4000	1104837.7630	2710.4399
1131	2628854.4000	1104837.7630	2710.4399
1132	2628854.4000	1104837.7630	2710.4399
1133	2628854.4000	1104837.7630	2710.4399
1134	2628854.4000	1104837.7630	2710.4399
1139	2628815.2980	1104888.5820	2673.1760
1140	2628799.5020	1104890.3750	2660.7180
1144	2628690.9280	1104858.1360	2626.5940
1145	2628665.7930	1104856.0360	2619.4290
1146	2628640.9900	1104854.2090	2612.1960
1147	2628612.3960	1104850.7310	2604.3950
1151	2628460.1219	1104812.6560	2557.5300
1152	2628431.6801	1104814.9030	2550.5540
1156	2628395.0530	1104891.6630	2492.6470
1157	2628390.6710	1104891.0020	2490.0710
1158	2628390.6710	1104891.0020	2490.0710
1159	2628390.6710	1104891.0020	2490.0710
1170	2628932.5129	1104722.4190	2800.6831
1171	2628854.4000	1104837.7630	2710.4399
1172	2628854.4000	1104837.7630	2710.4399
1173	2628854.4000	1104837.7630	2710.4399
1174	2628854.4000	1104837.7630	2710.4399
1175	2628854.4000	1104837.7630	2710.4399
1176	2628854.4000	1104837.7630	2710.4399
1177	2628854.4000	1104837.7630	2710.4399
1178	2628854.4000	1104837.7630	2710.4399
1179	2628854.4000	1104837.7630	2710.4399
1184	2628809.6689	1104908.7190	2658.1160
1185	2628809.6689	1104908.7190	2658.1160
1186	2628789.6080	1104899.3780	2647.8811
1187	2628767.6700	1104896.6340	2640.6211
1190	2628684.3860	1104873.9260	2614.2839
1191	2628657.2240	1104870.7030	2605.5371
1192	2628634.1720	1104870.6840	2599.9810
1197	2628449.5780	1104832.7290	2542.5149
1198	2628407.2310	1104823.3680	2529.7539
1203	2628390.6710	1104891.0020	2490.0710
1204	2628390.6710	1104891.0020	2490.0710
1215	2628933.6530	1104721.3900	2801.0249
1216	2628854.4000	1104837.7630	2710.4399
1217	2628854.4000	1104837.7630	2710.4399
1218	2628854.4000	1104837.7630	2710.4399
1219	2628854.4000	1104837.7630	2710.4399
1220	2628854.4000	1104837.7630	2710.4399
1221	2628854.4000	1104837.7630	2710.4399
1222	2628854.4000	1104837.7630	2710.4399
1223	2628854.4000	1104837.7630	2710.4399
1229	2628815.2980	1104888.5820	2673.1760
1230	2628810.2419	1104907.7860	2659.1960
1231	2628802.1030	1104920.1440	2646.3540
1232	2628774.2090	1104904.5310	2632.7241
1237	2628646.6000	1104884.4560	2592.4951
1238	2628621.5590	1104885.3340	2585.9990
1240	2628547.7650	1104877.7460	2558.5591
1241	2628513.3420	1104875.1670	2547.6321
1242	2628474.9790	1104856.0750	2538.9270
1243	2628440.8879	1104851.8590	2529.3669
1244	2628405.5490	1104848.0900	2517.4341
1247	2628390.6710	1104891.0020	2490.0710
1248	2628390.6710	1104891.0020	2490.0710
1249	2628390.6710	1104891.0020	2490.0710
1260	2628854.4000	1104837.7630	2710.4399
1261	2628854.4000	1104837.7630	2710.4399
1262	2628854.4000	1104837.7630	2710.4399
1263	2628854.4000	1104837.7630	2710.4399
1264	2628854.4000	1104837.7630	2710.4399
1265	2628854.4000	1104837.7630	2710.4399
1266	2628854.4000	1104837.7630	2710.4399
1267	2628854.4000	1104837.7630	2710.4399
1268	2628854.4000	1104837.7630	2710.4399
1274	2628815.2980	1104888.5820	2673.1760
1275	2628799.3700	1104922.8150	2642.4641
1276	2628799.3700	1104922.8150	2642.4641
1277	2628795.2040	1104930.5410	2636.0891
1278	2628770.7960	1104923.9130	2623.1770
1284	2628614.5470	1104901.5940	2572.2671
1286	2628540.7100	1104899.0260	2545.8169
1287	2628516.6210	1104901.4530	2541.2200
1288	2628472.7700	1104880.3840	2528.5049
1289	2628446.4871	1104880.4070	2522.5769
1290	2628391.9050	1104863.5370	2500.6670
1291	2628395.0530	1104891.6630	2492.6470
1292	2628390.6710	1104891.0020	2490.0710
1293	2628390.6710	1104891.0020	2490.0710
1305	2628854.4000	1104837.7630	2710.4399
1306	2628854.4000	1104837.7630	2710.4399
1307	2628854.4000	1104837.7630	2710.4399
1308	2628854.4000	1104837.7630	2710.4399
1309	2628854.4000	1104837.7630	2710.4399
1310	2628854.4000	1104837.7630	2710.4399
1311	2628854.4000	1104837.7630	2710.4399
1312	2628854.4000	1104837.7630	2710.4399
1313	2628854.4000	1104837.7630	2710.4399
1319	2628815.2980	1104888.5820	2673.1760
1320	2628799.3700	1104922.8150	2642.4641
1321	2628799.3700	1104922.8150	2642.4641
1322	2628794.8781	1104931.0490	2635.7190
1323	2628785.1270	1104944.9160	2622.8120
1324	2628758.6930	1104932.3680	2610.9451
1330	2628607.0160	1104915.9810	2561.6379
1332	2628539.0500	1104918.1640	2535.6150
1333	2628517.6410	1104924.6090	2530.8291
1334	2628470.1071	1104911.6350	2514.3320
1335	2628438.0690	1104899.7550	2508.8840
1336	2628395.0530	1104891.6630	2492.6470
1338	2628373.7550	1104923.7950	2462.9290
1350	2628854.4000	1104837.7630	2710.4399
1351	2628854.4000	1104837.7630	2710.4399
1352	2628854.4000	1104837.7630	2710.4399
1353	2628854.4000	1104837.7630	2710.4399
1354	2628854.4000	1104837.7630	2710.4399
1355	2628854.4000	1104837.7630	2710.4399
1356	2628854.4000	1104837.7630	2710.4399
1357	2628854.4000	1104837.7630	2710.4399
1364	2628815.2980	1104888.5820	2673.1760
1365	2628799.3700	1104922.8150	2642.4641
1366	2628799.3700	1104922.8150	2642.4641
1367	2628795.2040	1104930.5410	2636.0891
1368	2628785.1270	1104944.9160	2622.8120
1369	2628777.4340	1104957.4500	2613.1531
1370	2628754.7410	1104949.1530	2601.6641
1376	2628596.7040	1104932.2550	2549.4500
1377	2628571.9930	1104933.6850	2539.7100
1378	2628528.8790	1104931.8680	2523.1101
1379	2628501.0450	1104936.2440	2514.8530
1380	2628466.7430	1104932.3940	2503.6411
1381	2628427.3740	1104917.5540	2493.8850
1383	2628373.7550	1104923.7950	2462.9290
1395	2628854.4000	1104837.7630	2710.4399
1396	2628854.4000	1104837.7630	2710.4399
1397	2628854.4000	1104837.7630	2710.4399
1398	2628854.4000	1104837.7630	2710.4399
1399	2628854.4000	1104837.7630	2710.4399
1400	2628854.4000	1104837.7630	2710.4399
1401	2628854.4000	1104837.7630	2710.4399
1402	2628854.4000	1104837.7630	2710.4399
1409	2628815.2980	1104888.5820	2673.1760
1410	2628799.3700	1104922.8150	2642.4641
1411	2628799.3700	1104922.8150	2642.4641
1412	2628795.2040	1104930.5410	2636.0891
1413	2628785.1270	1104944.9160	2622.8120
1414	2628778.8550	1104955.2190	2614.9980
1415	2628770.5750	1104967.2610	2606.1250
1416	2628745.1510	1104961.8890	2589.8550
1422	2628588.2660	1104948.1590	2535.7351
1423	2628565.2271	1104950.2270	2529.7571
1424	2628525.2430	1104954.2460	2513.8391
1425	2628498.4330	1104956.1410	2506.2590
1426	2628457.4290	1104947.9620	2489.8679
1427	2628414.7850	1104932.9430	2478.4529
1428	2628367.3820	1104924.7800	2458.0530
1437	2628236.8170	1105065.8950	2338.4060
1438	2628232.6740	1105083.3480	2325.9050
1440	2628854.4000	1104837.7630	2710.4399
1441	2628854.4000	1104837.7630	2710.4399
1442	2628854.4000	1104837.7630	2710.4399
1443	2628854.4000	1104837.7630	2710.4399
1444	2628854.4000	1104837.7630	2710.4399
1445	2628854.4000	1104837.7630	2710.4399
1446	2628854.4000	1104837.7630	2710.4399
1454	2628815.2980	1104888.5820	2673.1760
1455	2628799.3700	1104922.8150	2642.4641
1456	2628799.3700	1104922.8150	2642.4641
1457	2628795.2040	1104930.5410	2636.0891
1458	2628780.2690	1104951.1860	2617.5720
1459	2628778.7280	1104955.4790	2614.8259
1460	2628763.7440	1104977.9470	2596.0569
1461	2628762.4310	1104979.8610	2593.5649
1462	2628738.5420	1104975.9200	2579.7141
1468	2628583.7810	1104966.7820	2526.1350
1469	2628557.0210	1104968.9160	2519.7549
1470	2628525.3550	1104967.3420	2506.2009
1471	2628492.2670	1104974.8720	2495.2930
1472	2628459.4220	1104972.4760	2481.6240
1473	2628402.3000	1104949.2180	2462.9131
1481	2628241.9180	1105048.1450	2348.5210
1482	2628236.8170	1105065.8950	2338.4060
1483	2628232.6740	1105083.3480	2325.9050
1484	2628223.7930	1105109.2360	2304.5120
1485	2628854.4000	1104837.7630	2710.4399
1486	2628854.4000	1104837.7630	2710.4399
1487	2628854.4000	1104837.7630	2710.4399
1488	2628854.4000	1104837.7630	2710.4399
1489	2628854.4000	1104837.7630	2710.4399
1490	2628854.4000	1104837.7630	2710.4399
1491	2628854.4000	1104837.7630	2710.4399
1499	2628815.2980	1104888.5820	2673.1760
1500	2628799.3700	1104922.8150	2642.4641
1501	2628799.3700	1104922.8150	2642.4641
1502	2628795.2040	1104930.5410	2636.0891
1503	2628780.2690	1104951.1860	2617.5720
1504	2628778.8550	1104955.2190	2614.9980
1505	2628763.7440	1104977.9470	2596.0569
1506	2628757.0320	1104988.2800	2585.6360
1507	2628752.9020	1104994.4690	2579.9529
1514	2628578.0500	1104985.9370	2516.5940
1515	2628558.1880	1104993.7350	2509.9529
1516	2628523.4880	1104988.5800	2498.4021
1517	2628491.7271	1104997.4780	2484.4900
1518	2628446.6689	1104985.3000	2468.3511
1519	2628388.0790	1104965.8720	2446.7930
1520	2628352.4680	1104966.8100	2433.7000
1525	2628250.0730	1105028.7780	2354.4880
1526	2628241.9700	1105047.7090	2348.7710
1527	2628236.8170	1105065.8950	2338.4060
1528	2628232.6740	1105083.3480	2325.9050
1529	2628224.2150	1105107.8830	2305.3821
1530	2628854.4000	1104837.7630	2710.4399
1531	2628854.4000	1104837.7630	2710.4399
1532	2628854.4000	1104837.7630	2710.4399
1533	2628854.4000	1104837.7630	2710.4399
1534	2628854.4000	1104837.7630	2710.4399
1535	2628854.4000	1104837.7630	2710.4399
1544	2628815.2980	1104888.5820	2673.1760
1545	2628799.3700	1104922.8150	2642.4641
1546	2628799.3700	1104922.8150	2642.4641
1547	2628794.8781	1104931.0490	2635.7190
1548	2628780.2690	1104951.1860	2617.5720
1549	2628778.8550	1104955.2190	2614.9980
1550	2628763.7440	1104977.9470	2596.0569
1551	2628762.0959	1104980.5520	2592.9150
1552	2628747.6160	1105002.5070	2572.6851
1553	2628745.3380	1105005.9070	2569.4871
1559	2628587.0040	1104992.8660	2507.0029
1560	2628574.8960	1105005.0160	2507.2991
1561	2628554.0601	1105011.2430	2500.4651
1562	2628514.0050	1105003.9760	2485.7700
1563	2628483.4390	1105008.6570	2473.5291
1564	2628442.6780	1105004.3160	2458.6230
1565	2628373.8890	1104980.8780	2428.8220
1570	2628250.2330	1105029.6510	2354.7009
1571	2628242.0420	1105048.5390	2348.4380
1572	2628236.8170	1105065.8950	2338.4060
1573	2628234.4100	1105085.5820	2325.7610
1574	2628223.7080	1105109.5700	2304.2971
1575	2628854.4000	1104837.7630	2710.4399
1576	2628854.4000	1104837.7630	2710.4399
1577	2628854.4000	1104837.7630	2710.4399
1578	2628854.4000	1104837.7630	2710.4399
1579	2628854.4000	1104837.7630	2710.4399
1580	2628854.4000	1104837.7630	2710.4399
1589	2628815.2980	1104888.5820	2673.1760
1590	2628799.3700	1104922.8150	2642.4641
1591	2628799.3700	1104922.8150	2642.4641
1592	2628795.2040	1104930.5410	2636.0891
1593	2628785.1270	1104944.9160	2622.8120
1594	2628779.0820	1104954.9000	2615.2820
1595	2628763.7440	1104977.9470	2596.0569
1596	2628762.2380	1104980.3860	2593.0991
1597	2628747.6160	1105002.5070	2572.6851
1598	2628745.7750	1105005.2870	2570.0171
1599	2628735.3580	1105015.1150	2559.0200
1602	2628711.6530	1105052.6830	2557.7261
1605	2628579.6591	1105009.2520	2495.2141
1606	2628562.3470	1105018.7120	2495.0830
1607	2628545.2889	1105025.6890	2489.8049
1608	2628504.6840	1105020.2310	2472.0911
1609	2628467.6290	1105021.5840	2458.0010
1610	2628426.8361	1105016.1440	2442.9299
1615	2628250.0730	1105028.7780	2354.4880
1616	2628249.3550	1105033.6250	2354.8679
1617	2628235.6670	1105069.4780	2335.0850
1618	2628249.3550	1105033.6250	2354.8679
1619	2628223.3870	1105109.9530	2304.2351
1620	2628854.4000	1104837.7630	2710.4399
1621	2628854.4000	1104837.7630	2710.4399
1622	2628854.4000	1104837.7630	2710.4399
1623	2628854.4000	1104837.7630	2710.4399
1624	2628854.4000	1104837.7630	2710.4399
1625	2628854.4000	1104837.7630	2710.4399
1634	2628815.2980	1104888.5820	2673.1760
1635	2628799.3700	1104922.8150	2642.4641
1636	2628799.3700	1104922.8150	2642.4641
1637	2628795.2040	1104930.5410	2636.0891
1638	2628785.1270	1104944.9160	2622.8120
1639	2628778.8550	1104955.2190	2614.9980
1640	2628763.7440	1104977.9470	2596.0569
1641	2628761.9910	1104980.4120	2592.9619
1642	2628753.9659	1104992.6090	2581.8320
1643	2628745.6130	1105005.4370	2569.8811
1645	2628722.4690	1105025.0030	2548.0281
1651	2628573.1980	1105024.4420	2485.3311
1652	2628554.0040	1105034.0160	2480.8521
1653	2628536.0649	1105041.9290	2476.7781
1654	2628487.9790	1105031.4320	2455.9299
1655	2628453.4740	1105034.0420	2445.7119
1656	2628419.7670	1105031.4380	2430.6221
1657	2628383.6220	1105031.9270	2416.5520
1660	2628250.3320	1105028.4530	2354.9170
1661	2628241.9180	1105048.1450	2348.5210
1662	2628236.8170	1105065.8950	2338.4060
1663	2628234.4100	1105085.5820	2325.7610
1664	2628224.6130	1105106.0680	2306.6440
1665	2628854.4000	1104837.7630	2710.4399
1666	2628854.4000	1104837.7630	2710.4399
1667	2628854.4000	1104837.7630	2710.4399
1668	2628854.4000	1104837.7630	2710.4399
1669	2628854.4000	1104837.7630	2710.4399
1679	2628811.0580	1104887.4830	2669.3911
1680	2628799.3700	1104922.8150	2642.4641
1681	2628799.3700	1104922.8150	2642.4641
1682	2628795.0570	1104930.7850	2635.9900
1683	2628785.1270	1104944.9160	2622.8120
1684	2628763.7440	1104977.9470	2596.0569
1685	2628763.7440	1104977.9470	2596.0569
1686	2628762.2380	1104980.3860	2593.0991
1687	2628753.2920	1104993.2110	2580.7981
1688	2628745.7430	1105005.3240	2569.9919
1697	2628565.8199	1105041.5110	2472.5730
1698	2628549.6281	1105051.0840	2470.8379
1699	2628524.5710	1105054.6660	2463.6440
1700	2628480.1890	1105045.5050	2443.7720
1701	2628453.0110	1105050.7840	2432.8721
1702	2628413.1590	1105049.9370	2418.3479
1705	2628260.9710	1105034.6770	2355.0271
1706	2628241.6140	1105048.7450	2348.3040
1707	2628235.6670	1105069.4780	2335.0850
1708	2628230.2430	1105088.1420	2320.1770
1709	2628224.6130	1105106.0680	2306.6440
1710	2628854.4000	1104837.7630	2710.4399
1711	2628854.4000	1104837.7630	2710.4399
1712	2628854.4000	1104837.7630	2710.4399
1713	2628854.4000	1104837.7630	2710.4399
1714	2628854.4000	1104837.7630	2710.4399
1724	2628815.2980	1104888.5820	2673.1760
1725	2628799.3700	1104922.8150	2642.4641
1726	2628799.3700	1104922.8150	2642.4641
1727	2628795.2040	1104930.5410	2636.0891
1728	2628785.1270	1104944.9160	2622.8120
1729	2628763.7440	1104977.9470	2596.0569
1730	2628763.7440	1104977.9470	2596.0569
1731	2628762.2380	1104980.3860	2593.0991
1743	2628558.8160	1105057.4620	2462.2000
1744	2628540.8719	1105065.6040	2459.5610
1745	2628515.1880	1105069.2860	2450.0020
1746	2628466.0450	1105061.1850	2428.0049
1747	2628440.3719	1105064.0460	2417.7480
1748	2628382.6120	1105057.2620	2395.6240
1751	2628255.4640	1105056.2690	2342.5569
1752	2628236.8170	1105065.8950	2338.4060
1753	2628229.7990	1105088.3810	2319.9360
1754	2628224.6130	1105106.0680	2306.6440
1755	2628854.4000	1104837.7630	2710.4399
1756	2628854.4000	1104837.7630	2710.4399
1757	2628854.4000	1104837.7630	2710.4399
1758	2628854.4000	1104837.7630	2710.4399
1769	2628815.2980	1104888.5820	2673.1760
1770	2628799.3700	1104922.8150	2642.4641
1771	2628799.3700	1104922.8150	2642.4641
1772	2628794.8781	1104931.0490	2635.7190
1773	2628785.1270	1104944.9160	2622.8120
1774	2628779.0341	1104954.9560	2615.2200
1775	2628763.7440	1104977.9470	2596.0569
1789	2628555.2130	1105074.5720	2453.9709
1790	2628533.5090	1105081.3150	2448.1260
1791	2628507.5630	1105084.3920	2438.2820
1792	2628461.0240	1105077.4610	2417.6321
1793	2628423.3510	1105078.9230	2400.9050
1794	2628376.6780	1105072.7640	2381.5569
1797	2628247.3090	1105075.0820	2329.5129
1798	2628229.7990	1105088.3810	2319.9360
1799	2628224.6130	1105106.0680	2306.6440
1800	2628854.4000	1104837.7630	2710.4399
1801	2628854.4000	1104837.7630	2710.4399
1802	2628854.4000	1104837.7630	2710.4399
1803	2628854.4000	1104837.7630	2710.4399
1814	2628815.2980	1104888.5820	2673.1760
1815	2628799.3700	1104922.8150	2642.4641
1816	2628799.3700	1104922.8150	2642.4641
1817	2628795.2040	1104930.5410	2636.0891
1818	2628785.1270	1104944.9160	2622.8120
1819	2628763.7440	1104977.9470	2596.0569
1820	2628763.7440	1104977.9470	2596.0569
1835	2628547.4470	1105091.7570	2443.2900
1836	2628530.0940	1105099.0120	2438.8899
1837	2628497.4700	1105098.8910	2425.4529
1838	2628466.5031	1105102.2210	2413.2930
1839	2628407.0610	1105090.7820	2384.4629
1840	2628359.5950	1105086.7430	2363.8259
1842	2628269.6760	1105086.2000	2325.5591
1843	2628237.8380	1105093.8580	2314.4199
1844	2628224.6130	1105106.0680	2306.6440
1845	2628854.4000	1104837.7630	2710.4399
1846	2628854.4000	1104837.7630	2710.4399
1847	2628854.4000	1104837.7630	2710.4399
1860	2628799.3700	1104922.8150	2642.4641
1861	2628799.3700	1104922.8150	2642.4641
1881	2628543.6600	1105107.1790	2433.4609
1882	2628524.9041	1105115.5640	2429.4170
1883	2628495.2980	1105117.5210	2417.1499
1884	2628459.7720	1105118.9020	2402.5029
1885	2628390.2350	1105104.2100	2366.5439
1888	2628258.5660	1105105.2740	2310.8201
1889	2628229.1800	1105113.2460	2301.9160
1890	2628854.4000	1104837.7630	2710.4399
1891	2628854.4000	1104837.7630	2710.4399
1892	2628854.4000	1104837.7630	2710.4399
1905	2628799.3700	1104922.8150	2642.4641
1909	2628763.7440	1104977.9470	2596.0569
1927	2628534.3590	1105122.0780	2420.8279
1928	2628517.1880	1105131.8090	2417.4810
1929	2628489.0330	1105134.4910	2406.4939
1930	2628451.9050	1105134.7110	2390.9939
1934	2628252.5080	1105124.2370	2297.4241
1935	2628854.4000	1104837.7630	2710.4399
1936	2628854.4000	1104837.7630	2710.4399
1937	2628854.4000	1104837.7630	2710.4399
1973	2628520.3800	1105134.3420	2406.6550
1974	2628510.6910	1105146.4300	2406.6841
1975	2628478.0490	1105147.9930	2392.7939
1976	2628453.9480	1105155.1100	2385.3311
1977	2628373.0940	1105137.0450	2341.0591
1980	2628854.4000	1104837.7630	2710.4399
1981	2628854.4000	1104837.7630	2710.4399
2019	2628517.0950	1105150.2760	2400.6709
2020	2628494.2010	1105157.3160	2391.1650
2021	2628465.3420	1105161.1310	2378.9980
2022	2628448.8600	1105172.5000	2374.9680
2023	2628376.9090	1105158.9690	2336.8420
