ID	X_x	Y_x	Z_x	X_y	Y_y	Z_y	Distances	Velocity
1240	2628547.765	1104877.746	2558.5591	2628546.925	1104878.271	2557.9751	1.1499047788551828	0.1642721112650261
1241	2628513.342	1104875.167	2547.6321	2628512.033	1104875.181	2546.7451	1.5812798616757715	0.2258971230965387
1286	2628540.71	1104899.026	2545.8169	2628540.668	1104900.483	2545.7959	1.457756495374655	0.208250927910665
1287	2628516.621	1104901.453	2541.22	2628515.479	1104902.249	2540.572	1.5354751707940146	0.2193535958277163
1288	2628472.77	1104880.384	2528.5049	2628472.329	1104880.483	2528.291	0.500035208841497	0.071433601263071
1289	2628446.4871	1104880.407	2522.5769	2628446.162	1104880.576	2522.4761	0.3800153286497819	0.0542879040928259
1332	2628539.05	1104918.164	2535.615	2628536.892	1104917.81	2534.332	2.5354228442734343	0.3622032634676335
1333	2628517.641	1104924.609	2530.8291	2628516.975	1104924.946	2529.8521	1.2294933914772943	0.1756419130681849
1334	2628470.1071	1104911.635	2514.332	2628469.4189	1104912.263	2513.885	1.0333500086217469	0.1476214298031067
1378	2628528.879	1104931.868	2523.1101	2628527.943	1104932.357	2522.342	1.3058310037939065	0.1865472862562723
1379	2628501.045	1104936.244	2514.853	2628500.863	1104937.201	2514.4741	1.0452455261275957	0.1493207894467993
1380	2628466.743	1104932.394	2503.6411	2628466.389	1104933.296	2503.0449	1.137705779133633	0.1625293970190904
1423	2628565.2271	1104950.227	2529.7571	2628568.4659	1104952.587	2531.0891	4.222990580509418	0.6032843686442025
1424	2628525.243	1104954.246	2513.8391	2628520.686	1104952.625	2511.896	5.212439698084411	0.7446342425834873
1425	2628498.433	1104956.141	2506.259	2628498.811	1104957.572	2505.7419	1.567812938343066	0.2239732769061523
1426	2628457.429	1104947.962	2489.8679	2628459.99	1104951.102	2490.835	4.165765645170419	0.5951093778814884
1470	2628525.355	1104967.342	2506.2009	2628526.626	1104968.068	2506.7781	1.573428371582061	0.2247754816545801
1471	2628492.267	1104974.872	2495.293	2628493.311	1104976.274	2495.3721	1.7497990771742036	0.2499712967391719
1472	2628459.422	1104972.476	2481.624	2628459.345	1104972.828	2481.3799	0.4352215641535021	0.062174509164786
1516	2628523.488	1104988.58	2498.4021	2628524.7321	1104989.459	2498.397	1.5233029313077864	0.2176147044725409
1517	2628491.7271	1104997.478	2484.49	2628491.538	1104998.432	2484.2151	1.0106655332632155	0.1443807904661736
1518	2628446.6689	1104985.3	2468.3511	2628446.665	1104985.836	2468.2791	0.5408282627927206	0.07726118039896
1562	2628514.005	1105003.976	2485.77	2628514.515	1105004.306	2485.489	0.6692988871170577	0.0956141267310082
1563	2628483.439	1105008.657	2473.5291	2628483.272	1105008.991	2473.1479	0.5336276229617033	0.0762325175659576
1564	2628442.678	1105004.316	2458.623	2628442.746	1105004.996	2458.895	0.7355324601316038	0.1050760657330862
1608	2628504.684	1105020.231	2472.0911	2628504.0081	1105020.167	2471.896	0.7063999006027485	0.1009142715146783
1609	2628467.629	1105021.584	2458.001	2628467.4771	1105021.885	2457.905	0.3505575703211275	0.0500796529030182
1610	2628426.8361	1105016.144	2442.9299	2628428.417	1105017.263	2443.238	1.9612066234085916	0.2801723747726559
1654	2628487.979	1105031.432	2455.9299	2628487.718	1105031.589	2455.9041	0.3056724389511971	0.0436674912787424
1655	2628453.474	1105034.042	2445.7119	2628453.798	1105034.605	2445.5481	0.669907038406602	0.0957010054866574
1656	2628419.767	1105031.438	2430.6221	2628419.767	1105031.438	2430.6221	0.0	0.0
1700	2628480.189	1105045.505	2443.772	2628480.205	1105045.857	2443.6169	0.3849883246825061	0.0549983320975008
1701	2628453.011	1105050.784	2432.8721	2628453.371	1105051.365	2432.376	0.8445568127204109	0.120650973245773
1702	2628413.159	1105049.937	2418.3479	2628413.461	1105050.09	2418.22	0.361899723868829	0.0516999605526898
1746	2628466.045	1105061.185	2428.0049	2628465.853	1105061.51	2427.6589	0.5120595667452644	0.0731513666778949
1747	2628440.3719	1105064.046	2417.748	2628440.833	1105063.606	2418.2029	0.7830371767138705	0.1118624538162672
1792	2628461.024	1105077.461	2417.6321	2628464.525	1105079.358	2419.3521	4.337511959443929	0.6196445656348469
1793	2628423.351	1105078.923	2400.905	2628423.928	1105079.188	2400.8501	0.6373131178039573	0.091044731114851
