ID	X_x	Y_x	Z_x	X_y	Y_y	Z_y	Distances	Velocity
10	2628632.103	1104505.282	2802.4541	2628632.103	1104505.282	2802.4541	0.0	0.0
11	2628632.103	1104505.282	2802.4541	2628632.103	1104505.282	2802.4541	0.0	0.0
12	2628632.103	1104505.282	2802.4541	2628632.103	1104505.282	2802.4541	0.0	0.0
13	2628632.103	1104505.282	2802.4541	2628632.103	1104505.282	2802.4541	0.0	0.0
14	2628564.757	1104513.436	2769.6909	2628564.757	1104513.436	2769.6909	0.0	0.0
15	2628564.757	1104513.436	2769.6909	2628564.757	1104513.436	2769.6909	0.0	0.0
16	2628564.757	1104513.436	2769.6909	2628564.757	1104513.436	2769.6909	0.0	0.0
17	2628564.757	1104513.436	2769.6909	2628564.757	1104513.436	2769.6909	0.0	0.0
18	2628564.757	1104513.436	2769.6909	2628564.757	1104513.436	2769.6909	0.0	0.0
19	2628564.757	1104513.436	2769.6909	2628564.757	1104513.436	2769.6909	0.0	0.0
20	2628564.757	1104513.436	2769.6909	2628564.757	1104513.436	2769.6909	0.0	0.0
21	2628564.757	1104513.436	2769.6909	2628564.757	1104513.436	2769.6909	0.0	0.0
22	2628425.899	1104658.338	2643.72	2628425.899	1104658.338	2643.72	0.0	0.0
23	2628419.439	1104670.181	2637.4299	2628419.439	1104670.181	2637.4299	0.0	0.0
24	2628419.439	1104670.181	2637.4299	2628419.439	1104670.181	2637.4299	0.0	0.0
25	2628399.423	1104728.827	2591.457	2628399.423	1104728.827	2591.457	0.0	0.0
26	2628397.009	1104733.501	2587.8831	2628397.009	1104733.501	2587.8831	0.0	0.0
27	2628397.009	1104733.501	2587.8831	2628397.009	1104733.501	2587.8831	0.0	0.0
28	2628397.009	1104733.501	2587.8831	2628397.009	1104733.501	2587.8831	0.0	0.0
29	2628397.009	1104733.501	2587.8831	2628397.009	1104733.501	2587.8831	0.0	0.0
30	2628397.009	1104733.501	2587.8831	2628397.009	1104733.501	2587.8831	0.0	0.0
31	2628397.009	1104733.501	2587.8831	2628397.009	1104733.501	2587.8831	0.0	0.0
32	2628397.009	1104733.501	2587.8831	2628397.009	1104733.501	2587.8831	0.0	0.0
33	2628373.755	1104923.795	2462.929	2628373.755	1104923.795	2462.929	0.0	0.0
55	2628632.103	1104505.282	2802.4541	2628632.103	1104505.282	2802.4541	0.0	0.0
56	2628632.103	1104505.282	2802.4541	2628632.103	1104505.282	2802.4541	0.0	0.0
57	2628632.103	1104505.282	2802.4541	2628632.103	1104505.282	2802.4541	0.0	0.0
58	2628632.103	1104505.282	2802.4541	2628632.103	1104505.282	2802.4541	0.0	0.0
59	2628632.103	1104505.282	2802.4541	2628632.103	1104505.282	2802.4541	0.0	0.0
60	2628564.757	1104513.436	2769.6909	2628564.757	1104513.436	2769.6909	0.0	0.0
61	2628564.757	1104513.436	2769.6909	2628564.757	1104513.436	2769.6909	0.0	0.0
62	2628564.757	1104513.436	2769.6909	2628564.757	1104513.436	2769.6909	0.0	0.0
63	2628564.757	1104513.436	2769.6909	2628564.757	1104513.436	2769.6909	0.0	0.0
64	2628564.757	1104513.436	2769.6909	2628564.757	1104513.436	2769.6909	0.0	0.0
65	2628564.757	1104513.436	2769.6909	2628564.757	1104513.436	2769.6909	0.0	0.0
66	2628564.757	1104513.436	2769.6909	2628564.757	1104513.436	2769.6909	0.0	0.0
67	2628428.046	1104663.164	2643.2561	2628428.046	1104663.164	2643.2561	0.0	0.0
68	2628419.439	1104670.181	2637.4299	2628419.439	1104670.181	2637.4299	0.0	0.0
69	2628419.439	1104670.181	2637.4299	2628419.439	1104670.181	2637.4299	0.0	0.0
70	2628395.987	1104719.162	2600.8081	2628395.987	1104719.162	2600.8081	0.0	0.0
71	2628397.009	1104733.501	2587.8831	2628397.009	1104733.501	2587.8831	0.0	0.0
72	2628397.009	1104733.501	2587.8831	2628397.009	1104733.501	2587.8831	0.0	0.0
73	2628397.009	1104733.501	2587.8831	2628397.009	1104733.501	2587.8831	0.0	0.0
74	2628397.009	1104733.501	2587.8831	2628397.009	1104733.501	2587.8831	0.0	0.0
75	2628397.009	1104733.501	2587.8831	2628397.009	1104733.501	2587.8831	0.0	0.0
76	2628397.009	1104733.501	2587.8831	2628397.009	1104733.501	2587.8831	0.0	0.0
77	2628397.009	1104733.501	2587.8831	2628397.009	1104733.501	2587.8831	0.0	0.0
78	2628362.306	1104925.207	2455.061	2628362.306	1104925.207	2455.061	0.0	0.0
100	2628632.103	1104505.282	2802.4541	2628632.103	1104505.282	2802.4541	0.0	0.0
101	2628632.103	1104505.282	2802.4541	2628632.103	1104505.282	2802.4541	0.0	0.0
102	2628632.103	1104505.282	2802.4541	2628632.103	1104505.282	2802.4541	0.0	0.0
103	2628632.103	1104505.282	2802.4541	2628632.103	1104505.282	2802.4541	0.0	0.0
104	2628564.757	1104513.436	2769.6909	2628564.757	1104513.436	2769.6909	0.0	0.0
105	2628564.757	1104513.436	2769.6909	2628564.757	1104513.436	2769.6909	0.0	0.0
106	2628564.757	1104513.436	2769.6909	2628564.757	1104513.436	2769.6909	0.0	0.0
107	2628564.757	1104513.436	2769.6909	2628564.757	1104513.436	2769.6909	0.0	0.0
108	2628564.757	1104513.436	2769.6909	2628564.757	1104513.436	2769.6909	0.0	0.0
109	2628564.757	1104513.436	2769.6909	2628564.757	1104513.436	2769.6909	0.0	0.0
110	2628564.757	1104513.436	2769.6909	2628564.757	1104513.436	2769.6909	0.0	0.0
111	2628564.757	1104513.436	2769.6909	2628564.757	1104513.436	2769.6909	0.0	0.0
112	2628428.046	1104663.164	2643.2561	2628425.375	1104659.975	2642.7649	4.188703790023915	0.5983862557177021
113	2628419.439	1104670.181	2637.4299	2628419.439	1104670.181	2637.4299	0.0	0.0
114	2628419.439	1104670.181	2637.4299	2628419.439	1104670.181	2637.4299	0.0	0.0
115	2628399.492	1104728.371	2591.7991	2628397.839	1104723.888	2595.6021	6.106759124105374	0.872394160586482
116	2628397.009	1104733.501	2587.8831	2628397.009	1104733.501	2587.8831	0.0	0.0
117	2628397.009	1104733.501	2587.8831	2628397.009	1104733.501	2587.8831	0.0	0.0
118	2628397.009	1104733.501	2587.8831	2628397.009	1104733.501	2587.8831	0.0	0.0
119	2628397.009	1104733.501	2587.8831	2628397.009	1104733.501	2587.8831	0.0	0.0
120	2628397.009	1104733.501	2587.8831	2628397.009	1104733.501	2587.8831	0.0	0.0
121	2628397.009	1104733.501	2587.8831	2628397.009	1104733.501	2587.8831	0.0	0.0
122	2628397.009	1104733.501	2587.8831	2628397.009	1104733.501	2587.8831	0.0	0.0
123	2628373.755	1104923.795	2462.929	2628373.755	1104923.795	2462.929	0.0	0.0
144	2628632.103	1104505.282	2802.4541	2628632.103	1104505.282	2802.4541	0.0	0.0
145	2628632.103	1104505.282	2802.4541	2628632.103	1104505.282	2802.4541	0.0	0.0
146	2628632.103	1104505.282	2802.4541	2628632.103	1104505.282	2802.4541	0.0	0.0
147	2628632.103	1104505.282	2802.4541	2628632.103	1104505.282	2802.4541	0.0	0.0
148	2628632.103	1104505.282	2802.4541	2628632.103	1104505.282	2802.4541	0.0	0.0
149	2628564.757	1104513.436	2769.6909	2628564.757	1104513.436	2769.6909	0.0	0.0
150	2628564.757	1104513.436	2769.6909	2628564.757	1104513.436	2769.6909	0.0	0.0
151	2628564.757	1104513.436	2769.6909	2628564.757	1104513.436	2769.6909	0.0	0.0
152	2628564.757	1104513.436	2769.6909	2628564.757	1104513.436	2769.6909	0.0	0.0
153	2628564.757	1104513.436	2769.6909	2628564.757	1104513.436	2769.6909	0.0	0.0
155	2628564.757	1104513.436	2769.6909	2628564.757	1104513.436	2769.6909	0.0	0.0
156	2628442.646	1104630.67	2666.2451	2628442.646	1104630.67	2666.2451	0.0	0.0
157	2628427.089	1104662.762	2642.6919	2628427.089	1104662.762	2642.6919	0.0	0.0
158	2628419.439	1104670.181	2637.4299	2628419.439	1104670.181	2637.4299	0.0	0.0
159	2628419.439	1104670.181	2637.4299	2628419.439	1104670.181	2637.4299	0.0	0.0
160	2628396.452	1104715.351	2604.897	2628396.452	1104715.351	2604.897	0.0	0.0
161	2628397.009	1104733.501	2587.8831	2628397.009	1104733.501	2587.8831	0.0	0.0
162	2628397.009	1104733.501	2587.8831	2628397.009	1104733.501	2587.8831	0.0	0.0
163	2628397.009	1104733.501	2587.8831	2628397.009	1104733.501	2587.8831	0.0	0.0
164	2628397.009	1104733.501	2587.8831	2628397.009	1104733.501	2587.8831	0.0	0.0
165	2628397.009	1104733.501	2587.8831	2628397.009	1104733.501	2587.8831	0.0	0.0
166	2628397.009	1104733.501	2587.8831	2628397.009	1104733.501	2587.8831	0.0	0.0
167	2628397.009	1104733.501	2587.8831	2628397.009	1104733.501	2587.8831	0.0	0.0
168	2628373.755	1104923.795	2462.929	2628373.755	1104923.795	2462.929	0.0	0.0
190	2628632.103	1104505.282	2802.4541	2628632.103	1104505.282	2802.4541	0.0	0.0
191	2628632.103	1104505.282	2802.4541	2628632.103	1104505.282	2802.4541	0.0	0.0
192	2628632.103	1104505.282	2802.4541	2628632.103	1104505.282	2802.4541	0.0	0.0
193	2628564.757	1104513.436	2769.6909	2628564.757	1104513.436	2769.6909	0.0	0.0
194	2628564.757	1104513.436	2769.6909	2628564.757	1104513.436	2769.6909	0.0	0.0
195	2628564.757	1104513.436	2769.6909	2628564.757	1104513.436	2769.6909	0.0	0.0
196	2628564.757	1104513.436	2769.6909	2628564.757	1104513.436	2769.6909	0.0	0.0
197	2628564.757	1104513.436	2769.6909	2628564.757	1104513.436	2769.6909	0.0	0.0
198	2628564.757	1104513.436	2769.6909	2628564.757	1104513.436	2769.6909	0.0	0.0
200	2628564.757	1104513.436	2769.6909	2628564.757	1104513.436	2769.6909	0.0	0.0
201	2628442.646	1104630.67	2666.2451	2628442.646	1104630.67	2666.2451	0.0	0.0
202	2628427.089	1104662.762	2642.6919	2628427.089	1104662.762	2642.6919	0.0	0.0
203	2628419.439	1104670.181	2637.4299	2628419.439	1104670.181	2637.4299	0.0	0.0
204	2628419.439	1104670.181	2637.4299	2628419.439	1104670.181	2637.4299	0.0	0.0
205	2628399.423	1104728.827	2591.457	2628399.423	1104728.827	2591.457	0.0	0.0
206	2628397.009	1104733.501	2587.8831	2628397.009	1104733.501	2587.8831	0.0	0.0
207	2628397.009	1104733.501	2587.8831	2628397.009	1104733.501	2587.8831	0.0	0.0
208	2628397.009	1104733.501	2587.8831	2628397.009	1104733.501	2587.8831	0.0	0.0
209	2628397.009	1104733.501	2587.8831	2628397.009	1104733.501	2587.8831	0.0	0.0
210	2628397.009	1104733.501	2587.8831	2628397.009	1104733.501	2587.8831	0.0	0.0
211	2628397.009	1104733.501	2587.8831	2628397.009	1104733.501	2587.8831	0.0	0.0
212	2628397.009	1104733.501	2587.8831	2628397.009	1104733.501	2587.8831	0.0	0.0
213	2628373.755	1104923.795	2462.929	2628373.755	1104923.795	2462.929	0.0	0.0
214	2628362.306	1104925.207	2455.061	2628362.306	1104925.207	2455.061	0.0	0.0
235	2628632.103	1104505.282	2802.4541	2628632.103	1104505.282	2802.4541	0.0	0.0
236	2628632.103	1104505.282	2802.4541	2628632.103	1104505.282	2802.4541	0.0	0.0
237	2628632.103	1104505.282	2802.4541	2628632.103	1104505.282	2802.4541	0.0	0.0
238	2628564.757	1104513.436	2769.6909	2628564.757	1104513.436	2769.6909	0.0	0.0
239	2628564.757	1104513.436	2769.6909	2628564.757	1104513.436	2769.6909	0.0	0.0
240	2628564.757	1104513.436	2769.6909	2628564.757	1104513.436	2769.6909	0.0	0.0
241	2628564.757	1104513.436	2769.6909	2628564.757	1104513.436	2769.6909	0.0	0.0
242	2628564.757	1104513.436	2769.6909	2628564.757	1104513.436	2769.6909	0.0	0.0
245	2628449.926	1104622.86	2669.9399	2628450.577	1104622.966	2670.1699	0.6985248743413546	0.0997892677630506
246	2628442.646	1104630.67	2666.2451	2628442.646	1104630.67	2666.2451	0.0	0.0
247	2628428.046	1104663.164	2643.2561	2628425.375	1104659.975	2642.7649	4.188703790023915	0.5983862557177021
248	2628419.439	1104670.181	2637.4299	2628419.439	1104670.181	2637.4299	0.0	0.0
249	2628419.439	1104670.181	2637.4299	2628419.439	1104670.181	2637.4299	0.0	0.0
250	2628399.423	1104728.827	2591.457	2628399.423	1104728.827	2591.457	0.0	0.0
251	2628397.009	1104733.501	2587.8831	2628397.009	1104733.501	2587.8831	0.0	0.0
252	2628397.009	1104733.501	2587.8831	2628397.009	1104733.501	2587.8831	0.0	0.0
253	2628397.009	1104733.501	2587.8831	2628397.009	1104733.501	2587.8831	0.0	0.0
254	2628397.009	1104733.501	2587.8831	2628397.009	1104733.501	2587.8831	0.0	0.0
255	2628397.009	1104733.501	2587.8831	2628397.009	1104733.501	2587.8831	0.0	0.0
256	2628397.009	1104733.501	2587.8831	2628397.009	1104733.501	2587.8831	0.0	0.0
257	2628397.009	1104733.501	2587.8831	2628397.009	1104733.501	2587.8831	0.0	0.0
258	2628397.009	1104733.501	2587.8831	2628397.009	1104733.501	2587.8831	0.0	0.0
280	2628632.103	1104505.282	2802.4541	2628632.103	1104505.282	2802.4541	0.0	0.0
281	2628632.103	1104505.282	2802.4541	2628632.103	1104505.282	2802.4541	0.0	0.0
282	2628582.7	1104516.278	2777.729	2628581.953	1104515.039	2777.5691	1.4555748038255112	0.2079392576893587
283	2628564.757	1104513.436	2769.6909	2628564.757	1104513.436	2769.6909	0.0	0.0
284	2628564.757	1104513.436	2769.6909	2628564.757	1104513.436	2769.6909	0.0	0.0
285	2628564.757	1104513.436	2769.6909	2628564.757	1104513.436	2769.6909	0.0	0.0
286	2628564.757	1104513.436	2769.6909	2628564.757	1104513.436	2769.6909	0.0	0.0
287	2628564.757	1104513.436	2769.6909	2628564.757	1104513.436	2769.6909	0.0	0.0
290	2628450.577	1104622.966	2670.1699	2628450.577	1104622.966	2670.1699	0.0	0.0
291	2628442.646	1104630.67	2666.2451	2628442.646	1104630.67	2666.2451	0.0	0.0
292	2628427.089	1104662.762	2642.6919	2628427.089	1104662.762	2642.6919	0.0	0.0
293	2628419.439	1104670.181	2637.4299	2628419.439	1104670.181	2637.4299	0.0	0.0
294	2628419.439	1104670.181	2637.4299	2628419.439	1104670.181	2637.4299	0.0	0.0
295	2628399.423	1104728.827	2591.457	2628399.423	1104728.827	2591.457	0.0	0.0
296	2628397.009	1104733.501	2587.8831	2628397.009	1104733.501	2587.8831	0.0	0.0
297	2628397.009	1104733.501	2587.8831	2628397.009	1104733.501	2587.8831	0.0	0.0
298	2628397.009	1104733.501	2587.8831	2628397.009	1104733.501	2587.8831	0.0	0.0
299	2628397.009	1104733.501	2587.8831	2628397.009	1104733.501	2587.8831	0.0	0.0
300	2628397.009	1104733.501	2587.8831	2628397.009	1104733.501	2587.8831	0.0	0.0
301	2628397.009	1104733.501	2587.8831	2628397.009	1104733.501	2587.8831	0.0	0.0
302	2628397.009	1104733.501	2587.8831	2628397.009	1104733.501	2587.8831	0.0	0.0
303	2628373.755	1104923.795	2462.929	2628374.258	1104922.794	2464.001	1.550546355285294	0.2215066221836134
325	2628632.103	1104505.282	2802.4541	2628632.103	1104505.282	2802.4541	0.0	0.0
326	2628632.103	1104505.282	2802.4541	2628632.103	1104505.282	2802.4541	0.0	0.0
327	2628584.012	1104514.821	2778.6101	2628584.012	1104514.821	2778.6101	0.0	0.0
328	2628564.757	1104513.436	2769.6909	2628564.757	1104513.436	2769.6909	0.0	0.0
329	2628564.757	1104513.436	2769.6909	2628564.757	1104513.436	2769.6909	0.0	0.0
330	2628564.757	1104513.436	2769.6909	2628564.757	1104513.436	2769.6909	0.0	0.0
331	2628564.757	1104513.436	2769.6909	2628564.757	1104513.436	2769.6909	0.0	0.0
335	2628449.479	1104623.568	2669.603	2628449.479	1104623.568	2669.603	0.0	0.0
336	2628442.646	1104630.67	2666.2451	2628442.646	1104630.67	2666.2451	0.0	0.0
337	2628427.089	1104662.762	2642.6919	2628427.089	1104662.762	2642.6919	0.0	0.0
338	2628419.439	1104670.181	2637.4299	2628419.439	1104670.181	2637.4299	0.0	0.0
339	2628419.439	1104670.181	2637.4299	2628419.439	1104670.181	2637.4299	0.0	0.0
340	2628399.423	1104728.827	2591.457	2628399.423	1104728.827	2591.457	0.0	0.0
341	2628397.009	1104733.501	2587.8831	2628397.009	1104733.501	2587.8831	0.0	0.0
342	2628397.009	1104733.501	2587.8831	2628397.009	1104733.501	2587.8831	0.0	0.0
343	2628397.009	1104733.501	2587.8831	2628397.009	1104733.501	2587.8831	0.0	0.0
344	2628397.009	1104733.501	2587.8831	2628397.009	1104733.501	2587.8831	0.0	0.0
345	2628397.009	1104733.501	2587.8831	2628397.009	1104733.501	2587.8831	0.0	0.0
346	2628397.009	1104733.501	2587.8831	2628397.009	1104733.501	2587.8831	0.0	0.0
347	2628397.009	1104733.501	2587.8831	2628397.009	1104733.501	2587.8831	0.0	0.0
348	2628373.755	1104923.795	2462.929	2628373.755	1104923.795	2462.929	0.0	0.0
370	2628632.103	1104505.282	2802.4541	2628632.103	1104505.282	2802.4541	0.0	0.0
371	2628604.537	1104513.725	2787.05	2628604.537	1104513.725	2787.05	0.0	0.0
372	2628582.3621	1104518.007	2777.2649	2628582.3621	1104518.007	2777.2649	0.0	0.0
373	2628564.757	1104513.436	2769.6909	2628564.757	1104513.436	2769.6909	0.0	0.0
374	2628564.757	1104513.436	2769.6909	2628564.757	1104513.436	2769.6909	0.0	0.0
375	2628535.0601	1104534.28	2746.2639	2628535.0601	1104534.28	2746.2639	0.0	0.0
380	2628450.246	1104623.759	2669.917	2628450.246	1104623.759	2669.917	0.0	0.0
381	2628442.646	1104630.67	2666.2451	2628442.646	1104630.67	2666.2451	0.0	0.0
382	2628427.089	1104662.762	2642.6919	2628427.089	1104662.762	2642.6919	0.0	0.0
383	2628419.439	1104670.181	2637.4299	2628419.439	1104670.181	2637.4299	0.0	0.0
384	2628419.439	1104670.181	2637.4299	2628419.439	1104670.181	2637.4299	0.0	0.0
385	2628397.839	1104723.888	2595.6021	2628397.839	1104723.888	2595.6021	0.0	0.0
386	2628397.009	1104733.501	2587.8831	2628397.009	1104733.501	2587.8831	0.0	0.0
387	2628397.009	1104733.501	2587.8831	2628397.009	1104733.501	2587.8831	0.0	0.0
388	2628397.009	1104733.501	2587.8831	2628397.009	1104733.501	2587.8831	0.0	0.0
389	2628397.009	1104733.501	2587.8831	2628397.009	1104733.501	2587.8831	0.0	0.0
390	2628397.009	1104733.501	2587.8831	2628397.009	1104733.501	2587.8831	0.0	0.0
391	2628397.009	1104733.501	2587.8831	2628397.009	1104733.501	2587.8831	0.0	0.0
392	2628397.009	1104733.501	2587.8831	2628397.009	1104733.501	2587.8831	0.0	0.0
393	2628373.755	1104923.795	2462.929	2628373.755	1104923.795	2462.929	0.0	0.0
405	2628901.0551	1104643.075	2832.9131	2628901.0551	1104643.075	2832.9131	0.0	0.0
415	2628628.559	1104513.866	2798.4839	2628628.097	1104514.045	2798.3679	0.5088624567007752	0.0726946366715393
417	2628581.953	1104515.039	2777.5691	2628581.953	1104515.039	2777.5691	0.0	0.0
418	2628564.757	1104513.436	2769.6909	2628564.757	1104513.436	2769.6909	0.0	0.0
419	2628564.757	1104513.436	2769.6909	2628564.757	1104513.436	2769.6909	0.0	0.0
420	2628535.0601	1104534.28	2746.2639	2628535.0601	1104534.28	2746.2639	0.0	0.0
425	2628451.606	1104622.899	2670.5449	2628449.926	1104622.86	2669.9399	1.786041992942329	0.2551488561346184
426	2628442.646	1104630.67	2666.2451	2628442.646	1104630.67	2666.2451	0.0	0.0
427	2628427.089	1104662.762	2642.6919	2628427.089	1104662.762	2642.6919	0.0	0.0
428	2628419.439	1104670.181	2637.4299	2628419.439	1104670.181	2637.4299	0.0	0.0
429	2628419.439	1104670.181	2637.4299	2628419.439	1104670.181	2637.4299	0.0	0.0
430	2628397.569	1104723.089	2596.342	2628396.891	1104721.998	2596.9529	1.422379629510664	0.2031970899300948
431	2628397.009	1104733.501	2587.8831	2628397.009	1104733.501	2587.8831	0.0	0.0
432	2628397.009	1104733.501	2587.8831	2628397.009	1104733.501	2587.8831	0.0	0.0
433	2628397.009	1104733.501	2587.8831	2628397.009	1104733.501	2587.8831	0.0	0.0
434	2628397.009	1104733.501	2587.8831	2628397.009	1104733.501	2587.8831	0.0	0.0
435	2628397.009	1104733.501	2587.8831	2628397.009	1104733.501	2587.8831	0.0	0.0
436	2628397.009	1104733.501	2587.8831	2628397.009	1104733.501	2587.8831	0.0	0.0
437	2628397.009	1104733.501	2587.8831	2628397.009	1104733.501	2587.8831	0.0	0.0
438	2628373.755	1104923.795	2462.929	2628373.755	1104923.795	2462.929	0.0	0.0
450	2628918.553	1104679.309	2825.689	2628918.837	1104679.879	2825.45	0.6802036460251234	0.0971719494321604
451	2628896.3199	1104664.843	2822.0349	2628895.533	1104665.049	2822.3911	0.887989893122121	0.1268556990174458
452	2628875.942	1104658.393	2819.8311	2628875.817	1104658.271	2820.123	0.3401685023539595	0.0485955003362799
461	2628619.947	1104532.258	2784.21	2628619.947	1104532.258	2784.21	0.0	0.0
462	2628582.7	1104516.278	2777.729	2628582.7	1104516.278	2777.729	0.0	0.0
463	2628565.949	1104527.364	2766.9331	2628566.198	1104527.13	2767.29	0.4940997976101633	0.0705856853728804
464	2628547.134	1104535.938	2753.623	2628547.134	1104535.938	2753.623	0.0	0.0
465	2628535.0601	1104534.28	2746.2639	2628535.0601	1104534.28	2746.2639	0.0	0.0
470	2628449.926	1104622.86	2669.9399	2628449.926	1104622.86	2669.9399	0.0	0.0
471	2628442.646	1104630.67	2666.2451	2628442.646	1104630.67	2666.2451	0.0	0.0
472	2628428.046	1104663.164	2643.2561	2628427.089	1104662.762	2642.6919	1.1814290668002765	0.168775580971468
473	2628419.439	1104670.181	2637.4299	2628419.439	1104670.181	2637.4299	0.0	0.0
474	2628419.439	1104670.181	2637.4299	2628419.439	1104670.181	2637.4299	0.0	0.0
475	2628397.839	1104723.888	2595.6021	2628399.492	1104728.371	2591.7991	6.106759124105374	0.872394160586482
476	2628397.009	1104733.501	2587.8831	2628397.009	1104733.501	2587.8831	0.0	0.0
477	2628397.009	1104733.501	2587.8831	2628397.009	1104733.501	2587.8831	0.0	0.0
478	2628397.009	1104733.501	2587.8831	2628397.009	1104733.501	2587.8831	0.0	0.0
479	2628397.009	1104733.501	2587.8831	2628397.009	1104733.501	2587.8831	0.0	0.0
480	2628397.009	1104733.501	2587.8831	2628397.009	1104733.501	2587.8831	0.0	0.0
481	2628397.009	1104733.501	2587.8831	2628397.009	1104733.501	2587.8831	0.0	0.0
482	2628397.009	1104733.501	2587.8831	2628397.009	1104733.501	2587.8831	0.0	0.0
483	2628373.755	1104923.795	2462.929	2628373.755	1104923.795	2462.929	0.0	0.0
495	2628928.624	1104699.627	2817.2009	2628928.624	1104699.627	2817.2009	0.0	0.0
496	2628911.934	1104697.659	2815.1799	2628912.364	1104698.116	2815.053	0.6401973212114662	0.0914567601730666
497	2628891.795	1104689.353	2812.3521	2628891.795	1104689.353	2812.3521	0.0	0.0
498	2628869.062	1104677.675	2808.0869	2628869.062	1104677.675	2808.0869	0.0	0.0
499	2628841.614	1104658.475	2803.8259	2628841.614	1104658.475	2803.8259	0.0	0.0
507	2628611.002	1104552.945	2768.678	2628611.212	1104552.661	2769.022	0.493043608594539	0.0704348012277912
508	2628570.647	1104532.873	2763.2949	2628571.2679	1104533.352	2763.231	0.7867915988514071	0.1123987998359153
509	2628547.134	1104535.938	2753.623	2628547.439	1104535.12	2753.9551	0.9340446508435792	0.1334349501205113
510	2628535.0601	1104534.28	2746.2639	2628535.0601	1104534.28	2746.2639	0.0	0.0
515	2628450.679	1104625.43	2669.752	2628445.028	1104618.73	2667.9509	8.94805913090523	1.27829416155789
516	2628442.646	1104630.67	2666.2451	2628442.646	1104630.67	2666.2451	0.0	0.0
517	2628428.046	1104663.164	2643.2561	2628428.046	1104663.164	2643.2561	0.0	0.0
518	2628419.439	1104670.181	2637.4299	2628419.439	1104670.181	2637.4299	0.0	0.0
519	2628419.439	1104670.181	2637.4299	2628419.439	1104670.181	2637.4299	0.0	0.0
520	2628397.569	1104723.089	2596.342	2628397.839	1104723.888	2595.6021	1.1219416251279084	0.1602773750182726
521	2628397.009	1104733.501	2587.8831	2628397.009	1104733.501	2587.8831	0.0	0.0
522	2628397.009	1104733.501	2587.8831	2628397.009	1104733.501	2587.8831	0.0	0.0
523	2628397.009	1104733.501	2587.8831	2628397.009	1104733.501	2587.8831	0.0	0.0
524	2628397.009	1104733.501	2587.8831	2628397.009	1104733.501	2587.8831	0.0	0.0
525	2628397.009	1104733.501	2587.8831	2628397.009	1104733.501	2587.8831	0.0	0.0
526	2628397.009	1104733.501	2587.8831	2628397.009	1104733.501	2587.8831	0.0	0.0
527	2628397.009	1104733.501	2587.8831	2628397.009	1104733.501	2587.8831	0.0	0.0
528	2628373.755	1104923.795	2462.929	2628373.755	1104923.795	2462.929	0.0	0.0
540	2628935.278	1104712.752	2807.1201	2628936.1071	1104713.736	2806.9141	1.3031112040886257	0.1861587434412322
541	2628918.741	1104711.897	2805.6179	2628918.741	1104711.897	2805.6179	0.0	0.0
542	2628902.965	1104711.488	2803.1741	2628903.084	1104711.706	2803.0659	0.270910022028586	0.0387014317183694
543	2628884.47	1104705.718	2801.3511	2628884.47	1104705.718	2801.3511	0.0	0.0
544	2628868.0959	1104705.374	2799.2661	2628868.0959	1104705.374	2799.2661	0.0	0.0
554	2628559.358	1104552.535	2746.2639	2628559.567	1104552.764	2745.998	0.4084419297022274	0.0583488471003182
560	2628449.926	1104622.86	2669.9399	2628451.606	1104622.899	2670.5449	1.786041992942329	0.2551488561346184
561	2628442.646	1104630.67	2666.2451	2628442.646	1104630.67	2666.2451	0.0	0.0
562	2628428.046	1104663.164	2643.2561	2628425.375	1104659.975	2642.7649	4.188703790023915	0.5983862557177021
563	2628419.439	1104670.181	2637.4299	2628419.439	1104670.181	2637.4299	0.0	0.0
564	2628419.439	1104670.181	2637.4299	2628419.439	1104670.181	2637.4299	0.0	0.0
565	2628397.839	1104723.888	2595.6021	2628397.839	1104723.888	2595.6021	0.0	0.0
566	2628397.009	1104733.501	2587.8831	2628397.009	1104733.501	2587.8831	0.0	0.0
567	2628397.009	1104733.501	2587.8831	2628397.009	1104733.501	2587.8831	0.0	0.0
568	2628397.009	1104733.501	2587.8831	2628397.009	1104733.501	2587.8831	0.0	0.0
569	2628397.009	1104733.501	2587.8831	2628397.009	1104733.501	2587.8831	0.0	0.0
570	2628397.009	1104733.501	2587.8831	2628397.009	1104733.501	2587.8831	0.0	0.0
571	2628397.009	1104733.501	2587.8831	2628397.009	1104733.501	2587.8831	0.0	0.0
572	2628397.009	1104733.501	2587.8831	2628397.009	1104733.501	2587.8831	0.0	0.0
573	2628373.755	1104923.795	2462.929	2628373.755	1104923.795	2462.929	0.0	0.0
585	2628933.653	1104721.39	2801.0249	2628933.653	1104721.39	2801.0249	0.0	0.0
586	2628928.532	1104729.089	2798.0339	2628928.219	1104729.509	2797.603	0.6782652948398272	0.0968950421199753
587	2628914.243	1104731.88	2795.386	2628914.5649	1104732.258	2795.146	0.5514559005324928	0.0787794143617846
588	2628897.7581	1104730.271	2793.3811	2628897.374	1104729.086	2792.908	1.3325094447769987	0.1903584921109998
589	2628879.386	1104725.328	2790.3279	2628879.146	1104725.118	2790.4221	0.3325261491492649	0.0475037355927521
590	2628859.524	1104720.249	2787.353	2628859.299	1104720.213	2787.179	0.2867001919212275	0.040957170274461
592	2628809.5551	1104696.005	2779.0559	2628809.604	1104695.967	2779.0569	0.0619371453812514	0.008848163625893
600	2628546.358	1104570.903	2730.4541	2628546.358	1104570.903	2730.4541	0.0	0.0
605	2628450.577	1104622.966	2670.1699	2628451.606	1104622.899	2670.5449	1.097248832400643	0.1567498332000918
606	2628442.646	1104630.67	2666.2451	2628442.646	1104630.67	2666.2451	0.0	0.0
607	2628427.089	1104662.762	2642.6919	2628427.089	1104662.762	2642.6919	0.0	0.0
608	2628419.439	1104670.181	2637.4299	2628419.439	1104670.181	2637.4299	0.0	0.0
609	2628419.439	1104670.181	2637.4299	2628419.439	1104670.181	2637.4299	0.0	0.0
610	2628397.569	1104723.089	2596.342	2628397.569	1104723.089	2596.342	0.0	0.0
611	2628397.009	1104733.501	2587.8831	2628397.009	1104733.501	2587.8831	0.0	0.0
612	2628397.009	1104733.501	2587.8831	2628397.009	1104733.501	2587.8831	0.0	0.0
613	2628397.009	1104733.501	2587.8831	2628397.009	1104733.501	2587.8831	0.0	0.0
614	2628397.009	1104733.501	2587.8831	2628397.009	1104733.501	2587.8831	0.0	0.0
615	2628397.009	1104733.501	2587.8831	2628397.009	1104733.501	2587.8831	0.0	0.0
616	2628397.009	1104733.501	2587.8831	2628397.009	1104733.501	2587.8831	0.0	0.0
617	2628397.009	1104733.501	2587.8831	2628397.009	1104733.501	2587.8831	0.0	0.0
618	2628373.755	1104923.795	2462.929	2628373.755	1104923.795	2462.929	0.0	0.0
630	2628933.653	1104721.39	2801.0249	2628933.653	1104721.39	2801.0249	0.0	0.0
631	2628928.219	1104729.509	2797.603	2628928.219	1104729.509	2797.603	0.0	0.0
632	2628918.066	1104744.928	2788.897	2628918.066	1104744.928	2788.897	0.0	0.0
633	2628907.999	1104748.145	2785.291	2628907.999	1104748.145	2785.291	0.0	0.0
634	2628888.387	1104741.274	2782.5349	2628888.9091	1104741.828	2782.543	0.7612949623518258	0.1087564231931179
635	2628870.059	1104737.336	2778.5569	2628870.059	1104737.336	2778.5569	0.0	0.0
636	2628847.16	1104726.924	2774.196	2628847.106	1104726.893	2774.2319	0.0718735696366855	0.0102676528052407
637	2628819.2111	1104708.925	2768.0129	2628819.05	1104708.606	2768.095	0.3666805423411397	0.0523829346201628
646	2628532.876	1104586.559	2714.605	2628533.3311	1104587.153	2714.54	0.7511171745885497	0.1073024535126499
650	2628451.285	1104620.282	2671.281	2628451.285	1104620.282	2671.281	0.0	0.0
651	2628442.646	1104630.67	2666.2451	2628442.646	1104630.67	2666.2451	0.0	0.0
652	2628427.089	1104662.762	2642.6919	2628427.089	1104662.762	2642.6919	0.0	0.0
653	2628419.439	1104670.181	2637.4299	2628419.439	1104670.181	2637.4299	0.0	0.0
654	2628419.439	1104670.181	2637.4299	2628419.439	1104670.181	2637.4299	0.0	0.0
655	2628399.423	1104728.827	2591.457	2628399.423	1104728.827	2591.457	0.0	0.0
656	2628397.009	1104733.501	2587.8831	2628397.009	1104733.501	2587.8831	0.0	0.0
657	2628397.009	1104733.501	2587.8831	2628397.009	1104733.501	2587.8831	0.0	0.0
658	2628397.009	1104733.501	2587.8831	2628397.009	1104733.501	2587.8831	0.0	0.0
659	2628397.009	1104733.501	2587.8831	2628397.009	1104733.501	2587.8831	0.0	0.0
660	2628397.009	1104733.501	2587.8831	2628397.009	1104733.501	2587.8831	0.0	0.0
661	2628397.009	1104733.501	2587.8831	2628397.009	1104733.501	2587.8831	0.0	0.0
662	2628397.009	1104733.501	2587.8831	2628397.009	1104733.501	2587.8831	0.0	0.0
663	2628373.755	1104923.795	2462.929	2628373.755	1104923.795	2462.929	0.0	0.0
675	2628933.653	1104721.39	2801.0249	2628933.653	1104721.39	2801.0249	0.0	0.0
676	2628919.934	1104742.132	2790.7839	2628919.934	1104742.132	2790.7839	0.0	0.0
677	2628919.36	1104742.907	2790.314	2628919.36	1104742.907	2790.314	0.0	0.0
678	2628911.276	1104754.943	2781.6379	2628911.276	1104754.943	2781.6379	0.0	0.0
679	2628899.5341	1104762.077	2773.658	2628899.373	1104762.487	2773.45	0.4871521423819854	0.0695931631974264
680	2628878.3929	1104750.482	2769.8669	2628878.228	1104750.58	2769.7549	0.2221261126351153	0.0317323018050164
681	2628859.869	1104746.849	2766.5229	2628859.869	1104746.849	2766.5229	0.0	0.0
682	2628831.802	1104727.904	2760.592	2628831.802	1104727.904	2760.592	0.0	0.0
683	2628810.562	1104723.029	2755.364	2628810.542	1104723.481	2755.2671	0.4627025068378674	0.0661003581196953
692	2628521.661	1104605.005	2699.7109	2628522.121	1104605.114	2699.522	0.5090817321443812	0.0727259617349116
695	2628450.246	1104623.759	2669.917	2628450.246	1104623.759	2669.917	0.0	0.0
696	2628442.646	1104630.67	2666.2451	2628442.646	1104630.67	2666.2451	0.0	0.0
697	2628427.089	1104662.762	2642.6919	2628427.089	1104662.762	2642.6919	0.0	0.0
698	2628419.439	1104670.181	2637.4299	2628419.439	1104670.181	2637.4299	0.0	0.0
699	2628419.439	1104670.181	2637.4299	2628419.439	1104670.181	2637.4299	0.0	0.0
700	2628399.423	1104728.827	2591.457	2628399.423	1104728.827	2591.457	0.0	0.0
701	2628397.009	1104733.501	2587.8831	2628397.009	1104733.501	2587.8831	0.0	0.0
702	2628397.009	1104733.501	2587.8831	2628397.009	1104733.501	2587.8831	0.0	0.0
703	2628397.009	1104733.501	2587.8831	2628397.009	1104733.501	2587.8831	0.0	0.0
704	2628397.009	1104733.501	2587.8831	2628397.009	1104733.501	2587.8831	0.0	0.0
705	2628397.009	1104733.501	2587.8831	2628397.009	1104733.501	2587.8831	0.0	0.0
706	2628397.009	1104733.501	2587.8831	2628397.009	1104733.501	2587.8831	0.0	0.0
707	2628397.009	1104733.501	2587.8831	2628397.009	1104733.501	2587.8831	0.0	0.0
708	2628373.755	1104923.795	2462.929	2628373.755	1104923.795	2462.929	0.0	0.0
720	2628933.653	1104721.39	2801.0249	2628933.653	1104721.39	2801.0249	0.0	0.0
721	2628919.934	1104742.132	2790.7839	2628919.934	1104742.132	2790.7839	0.0	0.0
722	2628919.36	1104742.907	2790.314	2628919.36	1104742.907	2790.314	0.0	0.0
723	2628911.027	1104755.516	2781.062	2628911.027	1104755.516	2781.062	0.0	0.0
724	2628902.958	1104767.725	2772.1179	2628902.958	1104767.725	2772.1179	0.0	0.0
725	2628889.353	1104768.816	2762.7781	2628889.514	1104768.779	2762.8411	0.1768021491714921	0.0252574498816417
726	2628866.98	1104758.574	2756.7749	2628866.98	1104758.574	2756.7749	0.0	0.0
727	2628844.516	1104749.778	2752.448	2628844.37	1104749.813	2752.5439	0.1781510873607239	0.0254501553372462
729	2628798.382	1104731.203	2743.0681	2628798.303	1104731.538	2742.885	0.3898610137400168	0.0556944305342881
730	2628777.7271	1104729.169	2738.6741	2628777.7271	1104729.169	2738.6741	0.0	0.0
738	2628515.6591	1104631.327	2682.877	2628515.934	1104631.647	2682.686	0.4630885553367092	0.0661555079052441
739	2628485.384	1104629.835	2678.5879	2628485.722	1104630.176	2678.4141	0.5106186835620271	0.0729455262231467
740	2628450.577	1104622.966	2670.1699	2628449.926	1104622.86	2669.9399	0.6985248743413546	0.0997892677630506
741	2628442.646	1104630.67	2666.2451	2628442.646	1104630.67	2666.2451	0.0	0.0
742	2628428.046	1104663.164	2643.2561	2628428.046	1104663.164	2643.2561	0.0	0.0
743	2628419.439	1104670.181	2637.4299	2628419.439	1104670.181	2637.4299	0.0	0.0
744	2628419.439	1104670.181	2637.4299	2628419.439	1104670.181	2637.4299	0.0	0.0
745	2628399.423	1104728.827	2591.457	2628399.423	1104728.827	2591.457	0.0	0.0
746	2628397.009	1104733.501	2587.8831	2628397.009	1104733.501	2587.8831	0.0	0.0
747	2628397.009	1104733.501	2587.8831	2628397.009	1104733.501	2587.8831	0.0	0.0
748	2628397.009	1104733.501	2587.8831	2628397.009	1104733.501	2587.8831	0.0	0.0
749	2628397.009	1104733.501	2587.8831	2628397.009	1104733.501	2587.8831	0.0	0.0
750	2628397.009	1104733.501	2587.8831	2628397.009	1104733.501	2587.8831	0.0	0.0
751	2628397.009	1104733.501	2587.8831	2628397.009	1104733.501	2587.8831	0.0	0.0
752	2628397.009	1104733.501	2587.8831	2628397.009	1104733.501	2587.8831	0.0	0.0
753	2628373.755	1104923.795	2462.929	2628373.755	1104923.795	2462.929	0.0	0.0
765	2628919.934	1104742.132	2790.7839	2628919.934	1104742.132	2790.7839	0.0	0.0
766	2628919.934	1104742.132	2790.7839	2628919.934	1104742.132	2790.7839	0.0	0.0
767	2628919.36	1104742.907	2790.314	2628919.36	1104742.907	2790.314	0.0	0.0
768	2628910.844	1104755.727	2780.9131	2628910.844	1104755.727	2780.9131	0.0	0.0
769	2628903.179	1104767.432	2772.3159	2628903.082	1104767.526	2772.217	0.1674103044041921	0.0239157577720274
770	2628892.024	1104784.272	2755.291	2628892.024	1104784.272	2755.291	0.0	0.0
771	2628879.769	1104778.2	2751.363	2628879.708	1104778.082	2751.4839	0.1796157286376784	0.0256593898053826
772	2628856.239	1104768.073	2744.3789	2628856.04	1104768.043	2744.23	0.2503441830972191	0.0357634547281741
773	2628834.661	1104760.456	2739.908	2628834.522	1104760.465	2739.968	0.1516641025163203	0.0216663003594743
775	2628789.1379	1104745.971	2730.377	2628788.865	1104745.504	2730.3469	0.5417281788983321	0.0773897398426188
776	2628764.877	1104738.748	2725.8359	2628764.877	1104738.748	2725.8359	0.0	0.0
784	2628503.757	1104649.966	2668.3911	2628503.472	1104649.713	2668.7561	0.5276921451929185	0.0753845921704169
785	2628477.576	1104653.542	2663.749	2628477.576	1104653.542	2663.749	0.0	0.0
786	2628441.2469	1104645.447	2657.1809	2628439.688	1104644.371	2657.0879	1.89646887924486	0.2709241256064085
787	2628428.046	1104663.164	2643.2561	2628428.046	1104663.164	2643.2561	0.0	0.0
788	2628419.439	1104670.181	2637.4299	2628419.439	1104670.181	2637.4299	0.0	0.0
789	2628419.439	1104670.181	2637.4299	2628419.439	1104670.181	2637.4299	0.0	0.0
790	2628399.423	1104728.827	2591.457	2628399.423	1104728.827	2591.457	0.0	0.0
791	2628397.009	1104733.501	2587.8831	2628397.009	1104733.501	2587.8831	0.0	0.0
792	2628397.009	1104733.501	2587.8831	2628397.009	1104733.501	2587.8831	0.0	0.0
793	2628397.009	1104733.501	2587.8831	2628397.009	1104733.501	2587.8831	0.0	0.0
794	2628397.009	1104733.501	2587.8831	2628397.009	1104733.501	2587.8831	0.0	0.0
795	2628397.009	1104733.501	2587.8831	2628397.009	1104733.501	2587.8831	0.0	0.0
796	2628397.009	1104733.501	2587.8831	2628397.009	1104733.501	2587.8831	0.0	0.0
797	2628397.009	1104733.501	2587.8831	2628397.009	1104733.501	2587.8831	0.0	0.0
798	2628373.755	1104923.795	2462.929	2628373.755	1104923.795	2462.929	0.0	0.0
810	2628919.934	1104742.132	2790.7839	2628919.934	1104742.132	2790.7839	0.0	0.0
811	2628919.934	1104742.132	2790.7839	2628919.934	1104742.132	2790.7839	0.0	0.0
812	2628919.36	1104742.907	2790.314	2628919.36	1104742.907	2790.314	0.0	0.0
813	2628911.276	1104754.943	2781.6379	2628911.276	1104754.943	2781.6379	0.0	0.0
814	2628903.391	1104767.036	2772.635	2628903.212	1104767.3	2772.3889	0.4028674843962679	0.0575524977708954
815	2628895.259	1104779.34	2760.2939	2628895.259	1104779.34	2760.2939	0.0	0.0
816	2628886.556	1104792.567	2749.3889	2628886.556	1104792.567	2749.3889	0.0	0.0
817	2628874.1021	1104797.787	2740.4661	2628872.751	1104795.43	2739.8191	2.792763722432881	0.3989662460618401
822	2628751.2939	1104748.943	2711.8411	2628751.524	1104748.964	2711.575	0.3524148409553517	0.0503449772793359
830	2628499.506	1104673.473	2654.3501	2628499.506	1104673.473	2654.3501	0.0	0.0
831	2628471.853	1104679.035	2651.6499	2628472.256	1104678.904	2651.7241	0.4302041839622425	0.0614577405660346
832	2628406.857	1104641.611	2633.0649	2628406.857	1104641.611	2633.0649	0.0	0.0
833	2628416.589	1104684.857	2630.603	2628416.589	1104684.857	2630.603	0.0	0.0
834	2628404.948	1104704.531	2616.7939	2628404.913	1104704.048	2617.0	0.5262995439718542	0.0751856491388363
835	2628396.884	1104728.202	2590.4819	2628396.884	1104728.202	2590.4819	0.0	0.0
836	2628397.009	1104733.501	2587.8831	2628397.009	1104733.501	2587.8831	0.0	0.0
837	2628397.009	1104733.501	2587.8831	2628397.009	1104733.501	2587.8831	0.0	0.0
838	2628397.009	1104733.501	2587.8831	2628397.009	1104733.501	2587.8831	0.0	0.0
839	2628397.009	1104733.501	2587.8831	2628397.009	1104733.501	2587.8831	0.0	0.0
840	2628397.009	1104733.501	2587.8831	2628397.009	1104733.501	2587.8831	0.0	0.0
841	2628397.009	1104733.501	2587.8831	2628397.009	1104733.501	2587.8831	0.0	0.0
842	2628397.009	1104733.501	2587.8831	2628397.009	1104733.501	2587.8831	0.0	0.0
843	2628373.755	1104923.795	2462.929	2628373.755	1104923.795	2462.929	0.0	0.0
855	2628919.934	1104742.132	2790.7839	2628919.934	1104742.132	2790.7839	0.0	0.0
856	2628919.934	1104742.132	2790.7839	2628919.934	1104742.132	2790.7839	0.0	0.0
857	2628919.36	1104742.907	2790.314	2628919.36	1104742.907	2790.314	0.0	0.0
858	2628911.276	1104754.943	2781.6379	2628911.333	1104755.088	2781.334	0.3415101901978997	0.0487871700282713
859	2628903.082	1104767.526	2772.217	2628903.082	1104767.526	2772.217	0.0	0.0
860	2628894.675	1104779.909	2759.554	2628894.4	1104779.781	2759.3789	0.3502413595728355	0.0500344799389765
861	2628886.556	1104792.567	2749.3889	2628886.556	1104792.567	2749.3889	0.0	0.0
862	2628875.307	1104809.465	2737.2881	2628875.307	1104809.465	2737.2881	0.0	0.0
863	2628867.281	1104814.348	2730.9641	2628867.421	1104814.616	2730.906	0.3078954530284541	0.0439850647183506
868	2628746.0861	1104769.277	2699.3521	2628746.0861	1104769.277	2699.3521	0.0	0.0
869	2628723.873	1104766.705	2694.887	2628724.775	1104767.935	2695.061	1.5351807709639622	0.2193115387091374
876	2628491.238	1104697.619	2640.4829	2628491.9561	1104697.536	2640.7241	0.7620590857842111	0.1088655836834587
877	2628460.764	1104699.247	2636.2649	2628460.764	1104699.247	2636.2649	0.0	0.0
878	2628428.142	1104694.603	2627.3711	2628428.142	1104694.603	2627.3711	0.0	0.0
879	2628404.913	1104704.048	2617.0	2628404.913	1104704.048	2617.0	0.0	0.0
880	2628410.807	1104692.872	2624.0979	2628410.807	1104692.872	2624.0979	0.0	0.0
881	2628397.009	1104733.501	2587.8831	2628397.009	1104733.501	2587.8831	0.0	0.0
882	2628397.009	1104733.501	2587.8831	2628397.009	1104733.501	2587.8831	0.0	0.0
883	2628397.009	1104733.501	2587.8831	2628397.009	1104733.501	2587.8831	0.0	0.0
884	2628397.009	1104733.501	2587.8831	2628397.009	1104733.501	2587.8831	0.0	0.0
885	2628397.009	1104733.501	2587.8831	2628397.009	1104733.501	2587.8831	0.0	0.0
886	2628397.009	1104733.501	2587.8831	2628397.009	1104733.501	2587.8831	0.0	0.0
887	2628397.009	1104733.501	2587.8831	2628397.009	1104733.501	2587.8831	0.0	0.0
888	2628373.755	1104923.795	2462.929	2628373.755	1104923.795	2462.929	0.0	0.0
900	2628919.934	1104742.132	2790.7839	2628919.934	1104742.132	2790.7839	0.0	0.0
901	2628919.934	1104742.132	2790.7839	2628919.934	1104742.132	2790.7839	0.0	0.0
902	2628919.36	1104742.907	2790.314	2628919.36	1104742.907	2790.314	0.0	0.0
903	2628911.276	1104754.943	2781.6379	2628911.276	1104754.943	2781.6379	0.0	0.0
904	2628903.391	1104767.036	2772.635	2628903.391	1104767.036	2772.635	0.0	0.0
905	2628894.8781	1104779.99	2759.6431	2628894.8781	1104779.99	2759.6431	0.0	0.0
906	2628886.035	1104792.109	2749.1851	2628886.035	1104792.109	2749.1851	0.0	0.0
907	2628875.307	1104809.465	2737.2881	2628875.307	1104809.465	2737.2881	0.0	0.0
908	2628863.7581	1104826.993	2721.531	2628863.7581	1104826.993	2721.531	0.0	0.0
909	2628858.269	1104824.778	2718.863	2628858.475	1104825.301	2719.0381	0.5887486816504329	0.0841069545214904
914	2628735.6281	1104783.705	2687.731	2628735.6281	1104783.705	2687.731	0.0	0.0
922	2628485.412	1104720.624	2625.8059	2628485.412	1104720.624	2625.8059	0.0	0.0
923	2628452.373	1104718.577	2619.675	2628452.373	1104718.577	2619.675	0.0	0.0
924	2628412.853	1104712.08	2610.5029	2628412.853	1104712.08	2610.5029	0.0	0.0
925	2628398.591	1104713.111	2608.0959	2628397.593	1104713.24	2607.606	1.119217141694879	0.1598881630992684
926	2628397.009	1104733.501	2587.8831	2628397.009	1104733.501	2587.8831	0.0	0.0
927	2628397.009	1104733.501	2587.8831	2628397.009	1104733.501	2587.8831	0.0	0.0
928	2628397.617	1104771.839	2564.644	2628397.617	1104771.839	2564.644	0.0	0.0
929	2628397.009	1104733.501	2587.8831	2628397.009	1104733.501	2587.8831	0.0	0.0
930	2628397.009	1104733.501	2587.8831	2628397.009	1104733.501	2587.8831	0.0	0.0
931	2628397.009	1104733.501	2587.8831	2628397.009	1104733.501	2587.8831	0.0	0.0
932	2628397.009	1104733.501	2587.8831	2628397.009	1104733.501	2587.8831	0.0	0.0
933	2628373.755	1104923.795	2462.929	2628373.755	1104923.795	2462.929	0.0	0.0
945	2628919.934	1104742.132	2790.7839	2628919.934	1104742.132	2790.7839	0.0	0.0
946	2628919.934	1104742.132	2790.7839	2628919.934	1104742.132	2790.7839	0.0	0.0
947	2628919.105	1104743.349	2790.177	2628919.36	1104742.907	2790.314	0.528354047942763	0.075479149706109
948	2628911.027	1104755.516	2781.062	2628911.027	1104755.516	2781.062	0.0	0.0
949	2628903.082	1104767.526	2772.217	2628903.082	1104767.526	2772.217	0.0	0.0
950	2628894.756	1104779.609	2759.7261	2628895.014	1104779.738	2759.8879	0.3307328830715753	0.0472475547245107
951	2628886.911	1104791.989	2749.7461	2628886.911	1104791.989	2749.7461	0.0	0.0
952	2628875.307	1104809.465	2737.2881	2628875.307	1104809.465	2737.2881	0.0	0.0
953	2628870.094	1104817.28	2732.6709	2628870.094	1104817.28	2732.6709	0.0	0.0
954	2628854.4	1104837.763	2710.4399	2628854.4	1104837.763	2710.4399	0.0	0.0
955	2628849.9771	1104835.607	2708.0549	2628847.536	1104831.739	2706.937	4.708512888357448	0.6726446983367783
960	2628730.111	1104801.537	2676.2949	2628730.111	1104801.537	2676.2949	0.0	0.0
968	2628468.386	1104735.248	2608.8459	2628468.386	1104735.248	2608.8459	0.0	0.0
969	2628445.212	1104740.917	2605.0769	2628444.906	1104740.634	2605.2549	0.4532206965890616	0.0647458137984373
970	2628397.395	1104725.007	2593.449	2628397.395	1104725.007	2593.449	0.0	0.0
971	2628397.009	1104733.501	2587.8831	2628397.009	1104733.501	2587.8831	0.0	0.0
972	2628397.617	1104771.839	2564.644	2628397.617	1104771.839	2564.644	0.0	0.0
973	2628397.617	1104771.839	2564.644	2628397.617	1104771.839	2564.644	0.0	0.0
975	2628397.009	1104733.501	2587.8831	2628397.009	1104733.501	2587.8831	0.0	0.0
976	2628397.009	1104733.501	2587.8831	2628397.009	1104733.501	2587.8831	0.0	0.0
978	2628373.755	1104923.795	2462.929	2628373.755	1104923.795	2462.929	0.0	0.0
990	2628933.653	1104721.39	2801.0249	2628933.653	1104721.39	2801.0249	0.0	0.0
991	2628928.532	1104729.089	2798.0339	2628928.442	1104729.155	2797.9961	0.1178339512672895	0.0168334216096127
992	2628919.36	1104742.907	2790.314	2628919.36	1104742.907	2790.314	0.0	0.0
993	2628911.276	1104754.943	2781.6379	2628911.276	1104754.943	2781.6379	0.0	0.0
994	2628902.785	1104767.962	2771.9939	2628902.578	1104767.958	2771.918	0.2205126072890421	0.0315018010412917
995	2628895.184	1104779.484	2760.134	2628895.141	1104779.591	2760.0359	0.1513988441891824	0.0216284063127403
996	2628886.556	1104792.567	2749.3889	2628886.556	1104792.567	2749.3889	0.0	0.0
997	2628875.307	1104809.465	2737.2881	2628875.307	1104809.465	2737.2881	0.0	0.0
998	2628854.4	1104837.763	2710.4399	2628854.4	1104837.763	2710.4399	0.0	0.0
999	2628854.4	1104837.763	2710.4399	2628854.4	1104837.763	2710.4399	0.0	0.0
1000	2628852.176	1104841.122	2708.197	2628851.4771	1104840.295	2707.843	1.139169087690227	0.1627384410986038
1001	2628840.7159	1104847.65	2697.4331	2628840.7159	1104847.65	2697.4331	0.0	0.0
1006	2628721.7321	1104817.135	2664.509	2628721.7321	1104817.135	2664.509	0.0	0.0
1007	2628700.74	1104817.559	2659.238	2628700.74	1104817.559	2659.238	0.0	0.0
1008	2628670.188	1104812.597	2650.0391	2628670.412	1104813.474	2649.9341	0.9112244507949346	0.1301749215421335
1014	2628459.777	1104755.516	2595.2261	2628459.777	1104755.516	2595.2261	0.0	0.0
1015	2628429.287	1104756.97	2589.321	2628429.717	1104756.828	2589.46	0.4736929386660595	0.067670419809437
1016	2628401.967	1104759.958	2577.0339	2628401.734	1104760.564	2576.7639	0.7031536104560357	0.1004505157794336
1017	2628397.617	1104771.839	2564.644	2628397.617	1104771.839	2564.644	0.0	0.0
1018	2628397.617	1104771.839	2564.644	2628397.617	1104771.839	2564.644	0.0	0.0
1021	2628395.053	1104891.663	2492.647	2628400.313	1104893.338	2495.519	6.222668961362355	0.8889527087660507
1022	2628390.671	1104891.002	2490.071	2628390.671	1104891.002	2490.071	0.0	0.0
1023	2628390.671	1104891.002	2490.071	2628390.671	1104891.002	2490.071	0.0	0.0
1024	2628390.671	1104891.002	2490.071	2628390.671	1104891.002	2490.071	0.0	0.0
1035	2628933.653	1104721.39	2801.0249	2628933.653	1104721.39	2801.0249	0.0	0.0
1036	2628928.554	1104728.801	2798.1919	2628928.7321	1104728.746	2798.1941	0.1864120437126617	0.0266302919589516
1037	2628919.36	1104742.907	2790.314	2628919.36	1104742.907	2790.314	0.0	0.0
1038	2628911.276	1104754.943	2781.6379	2628911.276	1104754.943	2781.6379	0.0	0.0
1039	2628903.53	1104766.87	2773.0149	2628903.53	1104766.87	2773.0149	0.0	0.0
1040	2628895.007	1104779.635	2759.9241	2628895.007	1104779.635	2759.9241	0.0	0.0
1041	2628854.4	1104837.763	2710.4399	2628854.4	1104837.763	2710.4399	0.0	0.0
1042	2628854.4	1104837.763	2710.4399	2628854.4	1104837.763	2710.4399	0.0	0.0
1043	2628854.4	1104837.763	2710.4399	2628854.4	1104837.763	2710.4399	0.0	0.0
1044	2628854.4	1104837.763	2710.4399	2628854.4	1104837.763	2710.4399	0.0	0.0
1045	2628851.679	1104841.121	2707.8601	2628851.679	1104841.121	2707.8601	0.0	0.0
1046	2628840.7159	1104847.65	2697.4331	2628841.0389	1104847.758	2697.7549	0.468559750629496	0.0669371072327851
1047	2628834.3051	1104863.705	2691.0879	2628834.3051	1104863.705	2691.0879	0.0	0.0
1052	2628712.708	1104831.718	2651.1731	2628711.9	1104831.122	2651.0381	1.013067125355008	0.1447238750507154
1053	2628690.616	1104831.035	2646.3359	2628690.829	1104831.368	2646.2671	0.4012373861721121	0.057319626596016
1060	2628442.499	1104770.216	2578.7759	2628442.186	1104769.959	2578.918	0.429197401845808	0.0613139145494011
1061	2628417.663	1104775.329	2570.0471	2628417.663	1104775.329	2570.0471	0.0	0.0
1062	2628397.617	1104771.839	2564.644	2628397.617	1104771.839	2564.644	0.0	0.0
1063	2628397.617	1104771.839	2564.644	2628397.617	1104771.839	2564.644	0.0	0.0
1066	2628400.313	1104893.338	2495.519	2628400.313	1104893.338	2495.519	0.0	0.0
1067	2628390.671	1104891.002	2490.071	2628390.671	1104891.002	2490.071	0.0	0.0
1068	2628390.671	1104891.002	2490.071	2628390.671	1104891.002	2490.071	0.0	0.0
1069	2628390.671	1104891.002	2490.071	2628390.671	1104891.002	2490.071	0.0	0.0
1080	2628933.653	1104721.39	2801.0249	2628933.653	1104721.39	2801.0249	0.0	0.0
1081	2628928.092	1104729.769	2797.407	2628928.092	1104729.769	2797.407	0.0	0.0
1082	2628919.36	1104742.907	2790.314	2628919.36	1104742.907	2790.314	0.0	0.0
1083	2628911.027	1104755.516	2781.062	2628910.623	1104755.924	2780.887	0.6002541126439607	0.0857505875205658
1084	2628854.4	1104837.763	2710.4399	2628854.4	1104837.763	2710.4399	0.0	0.0
1085	2628854.4	1104837.763	2710.4399	2628854.4	1104837.763	2710.4399	0.0	0.0
1086	2628854.4	1104837.763	2710.4399	2628854.4	1104837.763	2710.4399	0.0	0.0
1087	2628854.4	1104837.763	2710.4399	2628854.4	1104837.763	2710.4399	0.0	0.0
1088	2628854.4	1104837.763	2710.4399	2628854.4	1104837.763	2710.4399	0.0	0.0
1089	2628854.4	1104837.763	2710.4399	2628854.4	1104837.763	2710.4399	0.0	0.0
1090	2628851.954	1104841.137	2708.0591	2628851.4771	1104840.295	2707.843	0.9915123904523592	0.1416446272074798
1091	2628838.908	1104845.947	2696.623	2628839.05	1104846.136	2696.613	0.2366114959227825	0.0338016422746832
1094	2628815.127	1104885.873	2673.8511	2628814.809	1104885.643	2673.822	0.3935362879995473	0.056219469714221
1098	2628700.092	1104844.346	2638.468	2628700.2531	1104844.535	2638.3491	0.2753387366517272	0.039334105235961
1099	2628680.856	1104845.431	2633.3931	2628680.856	1104845.431	2633.3931	0.0	0.0
1100	2628647.715	1104835.942	2623.7439	2628648.005	1104836.278	2623.761	0.4441715996664587	0.0634530856666369
1106	2628440.119	1104793.839	2564.561	2628440.119	1104793.839	2564.561	0.0	0.0
1107	2628387.269	1104777.581	2547.344	2628387.513	1104777.295	2547.7251	0.5353215949505572	0.0764745135643653
1108	2628387.269	1104777.581	2547.344	2628387.269	1104777.581	2547.344	0.0	0.0
1111	2628395.053	1104891.663	2492.647	2628395.053	1104891.663	2492.647	0.0	0.0
1112	2628390.671	1104891.002	2490.071	2628390.671	1104891.002	2490.071	0.0	0.0
1113	2628390.671	1104891.002	2490.071	2628390.671	1104891.002	2490.071	0.0	0.0
1114	2628390.671	1104891.002	2490.071	2628390.671	1104891.002	2490.071	0.0	0.0
1125	2628933.653	1104721.39	2801.0249	2628933.653	1104721.39	2801.0249	0.0	0.0
1126	2628928.442	1104729.155	2797.9961	2628928.532	1104729.089	2798.0339	0.1178339512672895	0.0168334216096127
1127	2628854.4	1104837.763	2710.4399	2628854.4	1104837.763	2710.4399	0.0	0.0
1128	2628854.4	1104837.763	2710.4399	2628854.4	1104837.763	2710.4399	0.0	0.0
1129	2628854.4	1104837.763	2710.4399	2628854.4	1104837.763	2710.4399	0.0	0.0
1130	2628854.4	1104837.763	2710.4399	2628854.4	1104837.763	2710.4399	0.0	0.0
1131	2628854.4	1104837.763	2710.4399	2628854.4	1104837.763	2710.4399	0.0	0.0
1132	2628854.4	1104837.763	2710.4399	2628854.4	1104837.763	2710.4399	0.0	0.0
1133	2628854.4	1104837.763	2710.4399	2628854.4	1104837.763	2710.4399	0.0	0.0
1134	2628854.4	1104837.763	2710.4399	2628854.4	1104837.763	2710.4399	0.0	0.0
1139	2628815.298	1104888.582	2673.176	2628815.298	1104888.582	2673.176	0.0	0.0
1140	2628799.856	1104890.507	2660.76	2628799.502	1104890.375	2660.718	0.3801368177328472	0.054305259676121
1144	2628690.928	1104858.136	2626.594	2628690.928	1104858.136	2626.594	0.0	0.0
1145	2628666.181	1104855.985	2619.324	2628665.793	1104856.036	2619.429	0.4051789726090313	0.0578827103727187
1146	2628640.99	1104854.209	2612.196	2628640.99	1104854.209	2612.196	0.0	0.0
1151	2628460.859	1104812.719	2557.772	2628460.1219	1104812.656	2557.53	0.7783632892492024	0.1111947556070289
1152	2628431.303	1104815.076	2550.4519	2628431.6801	1104814.903	2550.554	0.4272678552177595	0.0610382650311085
1156	2628395.053	1104891.663	2492.647	2628395.053	1104891.663	2492.647	0.0	0.0
1157	2628390.671	1104891.002	2490.071	2628390.671	1104891.002	2490.071	0.0	0.0
1158	2628390.671	1104891.002	2490.071	2628390.671	1104891.002	2490.071	0.0	0.0
1159	2628390.671	1104891.002	2490.071	2628390.671	1104891.002	2490.071	0.0	0.0
1170	2628932.5129	1104722.419	2800.6831	2628932.5129	1104722.419	2800.6831	0.0	0.0
1171	2628854.4	1104837.763	2710.4399	2628854.4	1104837.763	2710.4399	0.0	0.0
1172	2628854.4	1104837.763	2710.4399	2628854.4	1104837.763	2710.4399	0.0	0.0
1173	2628854.4	1104837.763	2710.4399	2628854.4	1104837.763	2710.4399	0.0	0.0
1174	2628854.4	1104837.763	2710.4399	2628854.4	1104837.763	2710.4399	0.0	0.0
1175	2628854.4	1104837.763	2710.4399	2628854.4	1104837.763	2710.4399	0.0	0.0
1176	2628854.4	1104837.763	2710.4399	2628854.4	1104837.763	2710.4399	0.0	0.0
1177	2628854.4	1104837.763	2710.4399	2628854.4	1104837.763	2710.4399	0.0	0.0
1178	2628854.4	1104837.763	2710.4399	2628854.4	1104837.763	2710.4399	0.0	0.0
1179	2628854.4	1104837.763	2710.4399	2628854.4	1104837.763	2710.4399	0.0	0.0
1184	2628809.6689	1104908.719	2658.116	2628809.6689	1104908.719	2658.116	0.0	0.0
1185	2628809.6689	1104908.719	2658.116	2628809.6689	1104908.719	2658.116	0.0	0.0
1186	2628789.608	1104899.378	2647.8811	2628789.608	1104899.378	2647.8811	0.0	0.0
1187	2628768.4919	1104897.651	2641.1841	2628767.67	1104896.634	2640.6211	1.4236493984693213	0.2033784854956173
1190	2628684.386	1104873.926	2614.2839	2628684.386	1104873.926	2614.2839	0.0	0.0
1191	2628657.224	1104870.703	2605.5371	2628657.224	1104870.703	2605.5371	0.0	0.0
1192	2628633.7271	1104870.653	2600.061	2628634.172	1104870.684	2599.981	0.4530971308664805	0.0647281615523543
1197	2628449.912	1104832.551	2542.5559	2628449.578	1104832.729	2542.5149	0.3806849089358005	0.0543835584194
1198	2628406.194	1104823.091	2529.4829	2628407.231	1104823.368	2529.7539	1.1070406496711451	0.158148664238735
1203	2628390.671	1104891.002	2490.071	2628390.671	1104891.002	2490.071	0.0	0.0
1204	2628390.671	1104891.002	2490.071	2628390.671	1104891.002	2490.071	0.0	0.0
1215	2628933.653	1104721.39	2801.0249	2628933.653	1104721.39	2801.0249	0.0	0.0
1216	2628854.4	1104837.763	2710.4399	2628854.4	1104837.763	2710.4399	0.0	0.0
1217	2628854.4	1104837.763	2710.4399	2628854.4	1104837.763	2710.4399	0.0	0.0
1218	2628854.4	1104837.763	2710.4399	2628854.4	1104837.763	2710.4399	0.0	0.0
1219	2628854.4	1104837.763	2710.4399	2628854.4	1104837.763	2710.4399	0.0	0.0
1220	2628854.4	1104837.763	2710.4399	2628854.4	1104837.763	2710.4399	0.0	0.0
1221	2628854.4	1104837.763	2710.4399	2628854.4	1104837.763	2710.4399	0.0	0.0
1222	2628854.4	1104837.763	2710.4399	2628854.4	1104837.763	2710.4399	0.0	0.0
1223	2628854.4	1104837.763	2710.4399	2628854.4	1104837.763	2710.4399	0.0	0.0
1229	2628815.298	1104888.582	2673.176	2628815.298	1104888.582	2673.176	0.0	0.0
1230	2628810.2419	1104907.786	2659.196	2628810.2419	1104907.786	2659.196	0.0	0.0
1231	2628802.103	1104920.144	2646.354	2628802.103	1104920.144	2646.354	0.0	0.0
1232	2628774.209	1104904.531	2632.7241	2628774.209	1104904.531	2632.7241	0.0	0.0
1237	2628646.877	1104884.342	2592.5959	2628646.6	1104884.456	2592.4951	0.3160468950734602	0.0451495564390657
1238	2628621.559	1104885.334	2585.999	2628621.559	1104885.334	2585.999	0.0	0.0
1243	2628440.567	1104851.612	2529.4719	2628440.8879	1104851.859	2529.3669	0.4183429336008384	0.0597632762286912
1244	2628402.342	1104846.263	2516.385	2628405.549	1104848.09	2517.4341	3.837106828037263	0.5481581182910376
1247	2628390.671	1104891.002	2490.071	2628390.671	1104891.002	2490.071	0.0	0.0
1248	2628390.671	1104891.002	2490.071	2628390.671	1104891.002	2490.071	0.0	0.0
1249	2628390.671	1104891.002	2490.071	2628390.671	1104891.002	2490.071	0.0	0.0
1260	2628854.4	1104837.763	2710.4399	2628854.4	1104837.763	2710.4399	0.0	0.0
1261	2628854.4	1104837.763	2710.4399	2628854.4	1104837.763	2710.4399	0.0	0.0
1262	2628854.4	1104837.763	2710.4399	2628854.4	1104837.763	2710.4399	0.0	0.0
1263	2628854.4	1104837.763	2710.4399	2628854.4	1104837.763	2710.4399	0.0	0.0
1264	2628854.4	1104837.763	2710.4399	2628854.4	1104837.763	2710.4399	0.0	0.0
1265	2628854.4	1104837.763	2710.4399	2628854.4	1104837.763	2710.4399	0.0	0.0
1266	2628854.4	1104837.763	2710.4399	2628854.4	1104837.763	2710.4399	0.0	0.0
1267	2628854.4	1104837.763	2710.4399	2628854.4	1104837.763	2710.4399	0.0	0.0
1268	2628854.4	1104837.763	2710.4399	2628854.4	1104837.763	2710.4399	0.0	0.0
1274	2628815.298	1104888.582	2673.176	2628815.298	1104888.582	2673.176	0.0	0.0
1275	2628799.37	1104922.815	2642.4641	2628799.37	1104922.815	2642.4641	0.0	0.0
1276	2628799.37	1104922.815	2642.4641	2628799.37	1104922.815	2642.4641	0.0	0.0
1277	2628795.204	1104930.541	2636.0891	2628795.204	1104930.541	2636.0891	0.0	0.0
1278	2628769.906	1104922.415	2622.6599	2628770.796	1104923.913	2623.177	1.8175523128503093	0.259650330407187
1284	2628614.547	1104901.594	2572.2671	2628614.547	1104901.594	2572.2671	0.0	0.0
1290	2628391.905	1104863.537	2500.667	2628391.905	1104863.537	2500.667	0.0	0.0
1291	2628395.053	1104891.663	2492.647	2628395.053	1104891.663	2492.647	0.0	0.0
1292	2628390.671	1104891.002	2490.071	2628390.671	1104891.002	2490.071	0.0	0.0
1293	2628390.671	1104891.002	2490.071	2628390.671	1104891.002	2490.071	0.0	0.0
1305	2628854.4	1104837.763	2710.4399	2628854.4	1104837.763	2710.4399	0.0	0.0
1306	2628854.4	1104837.763	2710.4399	2628854.4	1104837.763	2710.4399	0.0	0.0
1307	2628854.4	1104837.763	2710.4399	2628854.4	1104837.763	2710.4399	0.0	0.0
1308	2628854.4	1104837.763	2710.4399	2628854.4	1104837.763	2710.4399	0.0	0.0
1309	2628854.4	1104837.763	2710.4399	2628854.4	1104837.763	2710.4399	0.0	0.0
1310	2628854.4	1104837.763	2710.4399	2628854.4	1104837.763	2710.4399	0.0	0.0
1311	2628854.4	1104837.763	2710.4399	2628854.4	1104837.763	2710.4399	0.0	0.0
1312	2628854.4	1104837.763	2710.4399	2628854.4	1104837.763	2710.4399	0.0	0.0
1313	2628854.4	1104837.763	2710.4399	2628854.4	1104837.763	2710.4399	0.0	0.0
1319	2628815.298	1104888.582	2673.176	2628815.298	1104888.582	2673.176	0.0	0.0
1320	2628799.37	1104922.815	2642.4641	2628799.37	1104922.815	2642.4641	0.0	0.0
1321	2628799.37	1104922.815	2642.4641	2628799.37	1104922.815	2642.4641	0.0	0.0
1322	2628795.204	1104930.541	2636.0891	2628794.8781	1104931.049	2635.719	0.7079892797105216	0.1011413256729316
1323	2628785.127	1104944.916	2622.812	2628785.127	1104944.916	2622.812	0.0	0.0
1324	2628758.693	1104932.368	2610.9451	2628758.693	1104932.368	2610.9451	0.0	0.0
1330	2628607.2729	1104916.189	2561.5811	2628607.016	1104915.981	2561.6379	0.3353920843433426	0.0479131549061918
1335	2628437.948	1104899.667	2509.0649	2628438.069	1104899.755	2508.884	0.2347547870964229	0.0335363981566318
1336	2628395.053	1104891.663	2492.647	2628395.053	1104891.663	2492.647	0.0	0.0
1338	2628373.755	1104923.795	2462.929	2628373.755	1104923.795	2462.929	0.0	0.0
1350	2628854.4	1104837.763	2710.4399	2628854.4	1104837.763	2710.4399	0.0	0.0
1351	2628854.4	1104837.763	2710.4399	2628854.4	1104837.763	2710.4399	0.0	0.0
1352	2628854.4	1104837.763	2710.4399	2628854.4	1104837.763	2710.4399	0.0	0.0
1353	2628854.4	1104837.763	2710.4399	2628854.4	1104837.763	2710.4399	0.0	0.0
1354	2628854.4	1104837.763	2710.4399	2628854.4	1104837.763	2710.4399	0.0	0.0
1355	2628854.4	1104837.763	2710.4399	2628854.4	1104837.763	2710.4399	0.0	0.0
1356	2628854.4	1104837.763	2710.4399	2628854.4	1104837.763	2710.4399	0.0	0.0
1357	2628854.4	1104837.763	2710.4399	2628854.4	1104837.763	2710.4399	0.0	0.0
1364	2628815.298	1104888.582	2673.176	2628815.298	1104888.582	2673.176	0.0	0.0
1365	2628799.37	1104922.815	2642.4641	2628799.37	1104922.815	2642.4641	0.0	0.0
1366	2628799.37	1104922.815	2642.4641	2628799.37	1104922.815	2642.4641	0.0	0.0
1367	2628795.204	1104930.541	2636.0891	2628795.204	1104930.541	2636.0891	0.0	0.0
1368	2628785.127	1104944.916	2622.812	2628785.127	1104944.916	2622.812	0.0	0.0
1369	2628777.434	1104957.45	2613.1531	2628777.434	1104957.45	2613.1531	0.0	0.0
1370	2628755.535	1104949.982	2602.0681	2628754.741	1104949.153	2601.6641	1.2169194716983762	0.1738456388140537
1376	2628596.704	1104932.255	2549.45	2628596.704	1104932.255	2549.45	0.0	0.0
1381	2628428.351	1104917.713	2494.1311	2628427.374	1104917.554	2493.885	1.019987847921647	0.1457125497030924
1383	2628373.755	1104923.795	2462.929	2628373.755	1104923.795	2462.929	0.0	0.0
1395	2628854.4	1104837.763	2710.4399	2628854.4	1104837.763	2710.4399	0.0	0.0
1396	2628854.4	1104837.763	2710.4399	2628854.4	1104837.763	2710.4399	0.0	0.0
1397	2628854.4	1104837.763	2710.4399	2628854.4	1104837.763	2710.4399	0.0	0.0
1398	2628854.4	1104837.763	2710.4399	2628854.4	1104837.763	2710.4399	0.0	0.0
1399	2628854.4	1104837.763	2710.4399	2628854.4	1104837.763	2710.4399	0.0	0.0
1400	2628854.4	1104837.763	2710.4399	2628854.4	1104837.763	2710.4399	0.0	0.0
1401	2628854.4	1104837.763	2710.4399	2628854.4	1104837.763	2710.4399	0.0	0.0
1402	2628854.4	1104837.763	2710.4399	2628854.4	1104837.763	2710.4399	0.0	0.0
1409	2628815.298	1104888.582	2673.176	2628815.298	1104888.582	2673.176	0.0	0.0
1410	2628799.37	1104922.815	2642.4641	2628799.37	1104922.815	2642.4641	0.0	0.0
1411	2628799.37	1104922.815	2642.4641	2628799.37	1104922.815	2642.4641	0.0	0.0
1412	2628795.204	1104930.541	2636.0891	2628795.204	1104930.541	2636.0891	0.0	0.0
1413	2628785.127	1104944.916	2622.812	2628785.127	1104944.916	2622.812	0.0	0.0
1414	2628778.855	1104955.219	2614.998	2628778.855	1104955.219	2614.998	0.0	0.0
1415	2628770.575	1104967.261	2606.125	2628770.575	1104967.261	2606.125	0.0	0.0
1416	2628745.151	1104961.889	2589.855	2628745.151	1104961.889	2589.855	0.0	0.0
1422	2628588.266	1104948.159	2535.7351	2628588.266	1104948.159	2535.7351	0.0	0.0
1427	2628414.358	1104932.989	2478.252	2628414.785	1104932.943	2478.4529	0.4741369107433303	0.0677338443919043
1428	2628367.959	1104924.676	2458.4131	2628367.382	1104924.78	2458.053	0.688053057205047	0.0982932938864352
1437	2628236.817	1105065.895	2338.406	2628236.817	1105065.895	2338.406	0.0	0.0
1438	2628232.674	1105083.348	2325.905	2628232.674	1105083.348	2325.905	0.0	0.0
1440	2628854.4	1104837.763	2710.4399	2628854.4	1104837.763	2710.4399	0.0	0.0
1441	2628854.4	1104837.763	2710.4399	2628854.4	1104837.763	2710.4399	0.0	0.0
1442	2628854.4	1104837.763	2710.4399	2628854.4	1104837.763	2710.4399	0.0	0.0
1443	2628854.4	1104837.763	2710.4399	2628854.4	1104837.763	2710.4399	0.0	0.0
1444	2628854.4	1104837.763	2710.4399	2628854.4	1104837.763	2710.4399	0.0	0.0
1445	2628854.4	1104837.763	2710.4399	2628854.4	1104837.763	2710.4399	0.0	0.0
1446	2628854.4	1104837.763	2710.4399	2628854.4	1104837.763	2710.4399	0.0	0.0
1454	2628815.298	1104888.582	2673.176	2628815.298	1104888.582	2673.176	0.0	0.0
1455	2628810.2419	1104907.786	2659.196	2628799.37	1104922.815	2642.4641	24.98050296148792	3.56864328021256
1456	2628799.37	1104922.815	2642.4641	2628799.37	1104922.815	2642.4641	0.0	0.0
1457	2628795.204	1104930.541	2636.0891	2628795.204	1104930.541	2636.0891	0.0	0.0
1458	2628780.269	1104951.186	2617.572	2628780.269	1104951.186	2617.572	0.0	0.0
1459	2628778.859	1104955.271	2614.9619	2628778.728	1104955.479	2614.8259	0.280928816705403	0.0401326881007718
1460	2628763.744	1104977.947	2596.0569	2628763.744	1104977.947	2596.0569	0.0	0.0
1461	2628762.739	1104979.614	2593.9099	2628762.431	1104979.861	2593.5649	0.5243071619829565	0.0749010231404223
1462	2628738.756	1104976.139	2579.6931	2628738.542	1104975.92	2579.7141	0.3069169270068492	0.0438452752866927
1468	2628583.438	1104966.935	2526.009	2628583.781	1104966.782	2526.135	0.396148961839414	0.056592708834202
1469	2628557.021	1104968.916	2519.7549	2628557.021	1104968.916	2519.7549	0.0	0.0
1473	2628401.009	1104948.842	2462.552	2628402.3	1104949.218	2462.9131	1.3922823741757242	0.1988974820251034
1481	2628241.97	1105047.709	2348.771	2628241.918	1105048.145	2348.521	0.505272203869709	0.0721817434099584
1482	2628236.817	1105065.895	2338.406	2628236.817	1105065.895	2338.406	0.0	0.0
1483	2628232.674	1105083.348	2325.905	2628232.674	1105083.348	2325.905	0.0	0.0
1484	2628223.793	1105109.236	2304.512	2628223.793	1105109.236	2304.512	0.0	0.0
1485	2628854.4	1104837.763	2710.4399	2628854.4	1104837.763	2710.4399	0.0	0.0
1486	2628854.4	1104837.763	2710.4399	2628854.4	1104837.763	2710.4399	0.0	0.0
1487	2628854.4	1104837.763	2710.4399	2628854.4	1104837.763	2710.4399	0.0	0.0
1488	2628854.4	1104837.763	2710.4399	2628854.4	1104837.763	2710.4399	0.0	0.0
1489	2628854.4	1104837.763	2710.4399	2628854.4	1104837.763	2710.4399	0.0	0.0
1490	2628854.4	1104837.763	2710.4399	2628854.4	1104837.763	2710.4399	0.0	0.0
1491	2628854.4	1104837.763	2710.4399	2628854.4	1104837.763	2710.4399	0.0	0.0
1499	2628815.298	1104888.582	2673.176	2628815.298	1104888.582	2673.176	0.0	0.0
1500	2628799.37	1104922.815	2642.4641	2628799.37	1104922.815	2642.4641	0.0	0.0
1501	2628799.37	1104922.815	2642.4641	2628799.37	1104922.815	2642.4641	0.0	0.0
1502	2628795.204	1104930.541	2636.0891	2628795.204	1104930.541	2636.0891	0.0	0.0
1503	2628785.127	1104944.916	2622.812	2628780.269	1104951.186	2617.572	9.506348615546544	1.3580498022209346
1504	2628778.855	1104955.219	2614.998	2628778.855	1104955.219	2614.998	0.0	0.0
1505	2628763.744	1104977.947	2596.0569	2628763.744	1104977.947	2596.0569	0.0	0.0
1506	2628757.032	1104988.28	2585.636	2628757.032	1104988.28	2585.636	0.0	0.0
1507	2628752.902	1104994.469	2579.9529	2628752.902	1104994.469	2579.9529	0.0	0.0
1514	2628577.828	1104986.099	2516.5181	2628578.05	1104985.937	2516.594	0.2851119250867657	0.0407302750123951
1515	2628557.951	1104993.205	2510.1201	2628558.188	1104993.735	2509.9529	0.6041728561621732	0.0863104080231676
1519	2628388.104	1104965.545	2447.054	2628388.079	1104965.872	2446.793	0.4191360161415369	0.0598765737345052
1520	2628351.951	1104966.554	2433.613	2628352.468	1104966.81	2433.7	0.5834329438924384	0.0833475634132054
1525	2628250.073	1105028.778	2354.488	2628250.073	1105028.778	2354.488	0.0	0.0
1526	2628241.97	1105047.709	2348.771	2628241.97	1105047.709	2348.771	0.0	0.0
1527	2628236.817	1105065.895	2338.406	2628236.817	1105065.895	2338.406	0.0	0.0
1528	2628232.674	1105083.348	2325.905	2628232.674	1105083.348	2325.905	0.0	0.0
1529	2628223.871	1105108.156	2305.249	2628224.215	1105107.883	2305.3821	0.458890629728484	0.0655558042469262
1530	2628854.4	1104837.763	2710.4399	2628854.4	1104837.763	2710.4399	0.0	0.0
1531	2628854.4	1104837.763	2710.4399	2628854.4	1104837.763	2710.4399	0.0	0.0
1532	2628854.4	1104837.763	2710.4399	2628854.4	1104837.763	2710.4399	0.0	0.0
1533	2628854.4	1104837.763	2710.4399	2628854.4	1104837.763	2710.4399	0.0	0.0
1534	2628854.4	1104837.763	2710.4399	2628854.4	1104837.763	2710.4399	0.0	0.0
1535	2628854.4	1104837.763	2710.4399	2628854.4	1104837.763	2710.4399	0.0	0.0
1544	2628815.298	1104888.582	2673.176	2628815.298	1104888.582	2673.176	0.0	0.0
1545	2628799.37	1104922.815	2642.4641	2628799.37	1104922.815	2642.4641	0.0	0.0
1546	2628799.37	1104922.815	2642.4641	2628799.37	1104922.815	2642.4641	0.0	0.0
1547	2628795.204	1104930.541	2636.0891	2628794.8781	1104931.049	2635.719	0.7079892797105216	0.1011413256729316
1548	2628780.269	1104951.186	2617.572	2628780.269	1104951.186	2617.572	0.0	0.0
1549	2628778.855	1104955.219	2614.998	2628778.855	1104955.219	2614.998	0.0	0.0
1550	2628763.744	1104977.947	2596.0569	2628763.744	1104977.947	2596.0569	0.0	0.0
1551	2628762.0959	1104980.552	2592.915	2628762.0959	1104980.552	2592.915	0.0	0.0
1552	2628747.616	1105002.507	2572.6851	2628747.616	1105002.507	2572.6851	0.0	0.0
1553	2628744.382	1105007.316	2568.2571	2628745.338	1105005.907	2569.4871	2.1005039871849047	0.3000719981692721
1559	2628586.958	1104992.825	2507.052	2628587.004	1104992.866	2507.0029	0.0787896567174057	0.0112556652453436
1560	2628574.896	1105005.016	2507.2991	2628574.896	1105005.016	2507.2991	0.0	0.0
1561	2628554.2271	1105011.032	2500.564	2628554.0601	1105011.243	2500.4651	0.2866900940385758	0.0409557277197965
1565	2628374.157	1104981.064	2428.6931	2628373.889	1104980.878	2428.822	0.3507637525159264	0.0501091075022752
1570	2628250.233	1105029.651	2354.7009	2628250.233	1105029.651	2354.7009	0.0	0.0
1571	2628241.918	1105048.145	2348.521	2628242.042	1105048.539	2348.438	0.4213086754724479	0.0601869536389211
1572	2628236.817	1105065.895	2338.406	2628236.817	1105065.895	2338.406	0.0	0.0
1573	2628234.41	1105085.582	2325.761	2628234.41	1105085.582	2325.761	0.0	0.0
1574	2628223.708	1105109.57	2304.2971	2628223.708	1105109.57	2304.2971	0.0	0.0
1575	2628854.4	1104837.763	2710.4399	2628854.4	1104837.763	2710.4399	0.0	0.0
1576	2628854.4	1104837.763	2710.4399	2628854.4	1104837.763	2710.4399	0.0	0.0
1577	2628854.4	1104837.763	2710.4399	2628854.4	1104837.763	2710.4399	0.0	0.0
1578	2628854.4	1104837.763	2710.4399	2628854.4	1104837.763	2710.4399	0.0	0.0
1579	2628854.4	1104837.763	2710.4399	2628854.4	1104837.763	2710.4399	0.0	0.0
1580	2628854.4	1104837.763	2710.4399	2628854.4	1104837.763	2710.4399	0.0	0.0
1589	2628815.298	1104888.582	2673.176	2628815.298	1104888.582	2673.176	0.0	0.0
1590	2628799.37	1104922.815	2642.4641	2628799.37	1104922.815	2642.4641	0.0	0.0
1591	2628799.37	1104922.815	2642.4641	2628799.37	1104922.815	2642.4641	0.0	0.0
1592	2628795.204	1104930.541	2636.0891	2628795.204	1104930.541	2636.0891	0.0	0.0
1593	2628785.127	1104944.916	2622.812	2628785.127	1104944.916	2622.812	0.0	0.0
1594	2628779.082	1104954.9	2615.282	2628779.082	1104954.9	2615.282	0.0	0.0
1595	2628763.744	1104977.947	2596.0569	2628763.744	1104977.947	2596.0569	0.0	0.0
1596	2628762.431	1104979.861	2593.5649	2628762.238	1104980.386	2593.0991	0.7279035924424716	0.1039862274917816
1597	2628747.616	1105002.507	2572.6851	2628747.616	1105002.507	2572.6851	0.0	0.0
1598	2628745.775	1105005.287	2570.0171	2628745.775	1105005.287	2570.0171	0.0	0.0
1599	2628735.358	1105015.115	2559.02	2628735.358	1105015.115	2559.02	0.0	0.0
1602	2628711.2111	1105052.342	2557.365	2628711.653	1105052.683	2557.7261	0.664793065539306	0.0949704379341865
1605	2628579.517	1105009.343	2495.1179	2628579.6591	1105009.252	2495.2141	0.1942365824254216	0.0277480832036316
1606	2628562.486	1105018.618	2494.7371	2628562.347	1105018.712	2495.083	0.3844526108619376	0.0549218015517053
1607	2628545.623	1105025.893	2489.771	2628545.2889	1105025.689	2489.8049	0.3929224096774604	0.0561317728110657
1615	2628250.073	1105028.778	2354.488	2628250.073	1105028.778	2354.488	0.0	0.0
1616	2628249.355	1105033.625	2354.8679	2628249.355	1105033.625	2354.8679	0.0	0.0
1617	2628235.667	1105069.478	2335.085	2628235.667	1105069.478	2335.085	0.0	0.0
1618	2628249.355	1105033.625	2354.8679	2628249.355	1105033.625	2354.8679	0.0	0.0
1619	2628223.387	1105109.953	2304.2351	2628223.387	1105109.953	2304.2351	0.0	0.0
1620	2628854.4	1104837.763	2710.4399	2628854.4	1104837.763	2710.4399	0.0	0.0
1621	2628854.4	1104837.763	2710.4399	2628854.4	1104837.763	2710.4399	0.0	0.0
1622	2628854.4	1104837.763	2710.4399	2628854.4	1104837.763	2710.4399	0.0	0.0
1623	2628854.4	1104837.763	2710.4399	2628854.4	1104837.763	2710.4399	0.0	0.0
1624	2628854.4	1104837.763	2710.4399	2628854.4	1104837.763	2710.4399	0.0	0.0
1625	2628854.4	1104837.763	2710.4399	2628854.4	1104837.763	2710.4399	0.0	0.0
1634	2628815.298	1104888.582	2673.176	2628815.298	1104888.582	2673.176	0.0	0.0
1635	2628799.37	1104922.815	2642.4641	2628799.37	1104922.815	2642.4641	0.0	0.0
1636	2628799.37	1104922.815	2642.4641	2628799.37	1104922.815	2642.4641	0.0	0.0
1637	2628795.204	1104930.541	2636.0891	2628795.204	1104930.541	2636.0891	0.0	0.0
1638	2628785.127	1104944.916	2622.812	2628785.127	1104944.916	2622.812	0.0	0.0
1639	2628778.855	1104955.219	2614.998	2628778.855	1104955.219	2614.998	0.0	0.0
1640	2628763.744	1104977.947	2596.0569	2628763.744	1104977.947	2596.0569	0.0	0.0
1641	2628761.991	1104980.412	2592.9619	2628761.991	1104980.412	2592.9619	0.0	0.0
1642	2628753.833	1104992.766	2581.5371	2628753.9659	1104992.609	2581.832	0.3595516931692899	0.0513645275956128
1643	2628745.743	1105005.324	2569.9919	2628745.613	1105005.437	2569.8811	0.2048063474293529	0.0292580496327647
1645	2628722.469	1105025.003	2548.0281	2628722.469	1105025.003	2548.0281	0.0	0.0
1651	2628573.251	1105024.682	2485.1489	2628573.198	1105024.442	2485.3311	0.3059507150307295	0.0437072450043899
1652	2628554.004	1105034.016	2480.8521	2628554.004	1105034.016	2480.8521	0.0	0.0
1653	2628536.0649	1105041.929	2476.7781	2628536.0649	1105041.929	2476.7781	0.0	0.0
1660	2628250.332	1105028.453	2354.917	2628250.332	1105028.453	2354.917	0.0	0.0
1661	2628241.918	1105048.145	2348.521	2628241.918	1105048.145	2348.521	0.0	0.0
1662	2628236.817	1105065.895	2338.406	2628236.817	1105065.895	2338.406	0.0	0.0
1663	2628230.368	1105086.962	2321.436	2628234.41	1105085.582	2325.761	6.078469297716644	0.8683527568166635
1664	2628224.613	1105106.068	2306.644	2628224.613	1105106.068	2306.644	0.0	0.0
1665	2628854.4	1104837.763	2710.4399	2628854.4	1104837.763	2710.4399	0.0	0.0
1666	2628854.4	1104837.763	2710.4399	2628854.4	1104837.763	2710.4399	0.0	0.0
1667	2628854.4	1104837.763	2710.4399	2628854.4	1104837.763	2710.4399	0.0	0.0
1668	2628854.4	1104837.763	2710.4399	2628854.4	1104837.763	2710.4399	0.0	0.0
1669	2628854.4	1104837.763	2710.4399	2628854.4	1104837.763	2710.4399	0.0	0.0
1679	2628811.058	1104887.483	2669.3911	2628811.058	1104887.483	2669.3911	0.0	0.0
1680	2628799.37	1104922.815	2642.4641	2628799.37	1104922.815	2642.4641	0.0	0.0
1681	2628799.37	1104922.815	2642.4641	2628799.37	1104922.815	2642.4641	0.0	0.0
1682	2628795.204	1104930.541	2636.0891	2628795.057	1104930.785	2635.99	0.3016053877827335	0.0430864839689619
1683	2628785.127	1104944.916	2622.812	2628785.127	1104944.916	2622.812	0.0	0.0
1684	2628763.744	1104977.947	2596.0569	2628763.744	1104977.947	2596.0569	0.0	0.0
1685	2628763.744	1104977.947	2596.0569	2628763.744	1104977.947	2596.0569	0.0	0.0
1686	2628762.238	1104980.386	2593.0991	2628762.238	1104980.386	2593.0991	0.0	0.0
1687	2628753.292	1104993.211	2580.7981	2628753.292	1104993.211	2580.7981	0.0	0.0
1688	2628745.879	1105005.072	2570.2371	2628745.743	1105005.324	2569.9919	0.3769920956177287	0.0538560136596755
1697	2628565.62	1105041.385	2472.6189	2628565.8199	1105041.511	2472.573	0.2407131486621617	0.0343875926660231
1698	2628549.6281	1105051.084	2470.8379	2628549.6281	1105051.084	2470.8379	0.0	0.0
1699	2628525.299	1105055.065	2463.459	2628524.571	1105054.666	2463.644	0.8505351257615558	0.1215050179659365
1705	2628260.519	1105034.473	2355.095	2628260.971	1105034.677	2355.0271	0.5005301289705774	0.0715043041386539
1706	2628241.614	1105048.745	2348.304	2628241.614	1105048.745	2348.304	0.0	0.0
1707	2628235.667	1105069.478	2335.085	2628235.667	1105069.478	2335.085	0.0	0.0
1708	2628230.243	1105088.142	2320.177	2628230.243	1105088.142	2320.177	0.0	0.0
1709	2628224.613	1105106.068	2306.644	2628224.613	1105106.068	2306.644	0.0	0.0
1710	2628854.4	1104837.763	2710.4399	2628854.4	1104837.763	2710.4399	0.0	0.0
1711	2628854.4	1104837.763	2710.4399	2628854.4	1104837.763	2710.4399	0.0	0.0
1712	2628854.4	1104837.763	2710.4399	2628854.4	1104837.763	2710.4399	0.0	0.0
1713	2628854.4	1104837.763	2710.4399	2628854.4	1104837.763	2710.4399	0.0	0.0
1714	2628854.4	1104837.763	2710.4399	2628854.4	1104837.763	2710.4399	0.0	0.0
1724	2628815.298	1104888.582	2673.176	2628815.298	1104888.582	2673.176	0.0	0.0
1725	2628799.37	1104922.815	2642.4641	2628799.37	1104922.815	2642.4641	0.0	0.0
1726	2628799.37	1104922.815	2642.4641	2628799.37	1104922.815	2642.4641	0.0	0.0
1727	2628795.204	1104930.541	2636.0891	2628795.204	1104930.541	2636.0891	0.0	0.0
1728	2628785.127	1104944.916	2622.812	2628785.127	1104944.916	2622.812	0.0	0.0
1729	2628763.744	1104977.947	2596.0569	2628763.744	1104977.947	2596.0569	0.0	0.0
1730	2628763.744	1104977.947	2596.0569	2628763.744	1104977.947	2596.0569	0.0	0.0
1731	2628762.238	1104980.386	2593.0991	2628762.238	1104980.386	2593.0991	0.0	0.0
1743	2628558.816	1105057.462	2462.2	2628558.816	1105057.462	2462.2	0.0	0.0
1744	2628540.554	1105065.702	2459.4509	2628540.8719	1105065.604	2459.561	0.3504089326612045	0.0500584189516006
1745	2628515.3879	1105069.472	2449.9199	2628515.188	1105069.286	2450.002	0.2851252706292019	0.0407321815184574
1748	2628383.466	1105057.319	2395.6541	2628382.612	1105057.262	2395.624	0.8564292204643078	0.1223470314949011
1751	2628255.464	1105056.269	2342.5569	2628255.464	1105056.269	2342.5569	0.0	0.0
1752	2628236.817	1105065.895	2338.406	2628236.817	1105065.895	2338.406	0.0	0.0
1753	2628229.799	1105088.381	2319.936	2628229.799	1105088.381	2319.936	0.0	0.0
1754	2628224.613	1105106.068	2306.644	2628224.613	1105106.068	2306.644	0.0	0.0
1755	2628854.4	1104837.763	2710.4399	2628854.4	1104837.763	2710.4399	0.0	0.0
1756	2628854.4	1104837.763	2710.4399	2628854.4	1104837.763	2710.4399	0.0	0.0
1757	2628854.4	1104837.763	2710.4399	2628854.4	1104837.763	2710.4399	0.0	0.0
1758	2628854.4	1104837.763	2710.4399	2628854.4	1104837.763	2710.4399	0.0	0.0
1769	2628815.298	1104888.582	2673.176	2628815.298	1104888.582	2673.176	0.0	0.0
1770	2628799.37	1104922.815	2642.4641	2628799.37	1104922.815	2642.4641	0.0	0.0
1771	2628799.37	1104922.815	2642.4641	2628799.37	1104922.815	2642.4641	0.0	0.0
1772	2628795.057	1104930.785	2635.99	2628794.8781	1104931.049	2635.719	0.4184999524100327	0.0597857074871475
1773	2628785.127	1104944.916	2622.812	2628785.127	1104944.916	2622.812	0.0	0.0
1774	2628779.0341	1104954.956	2615.22	2628779.0341	1104954.956	2615.22	0.0	0.0
1775	2628763.744	1104977.947	2596.0569	2628763.744	1104977.947	2596.0569	0.0	0.0
1789	2628555.204	1105074.848	2453.8159	2628555.213	1105074.572	2453.9709	0.3166733333269476	0.0452390476181353
1790	2628533.509	1105081.315	2448.126	2628533.509	1105081.315	2448.126	0.0	0.0
1791	2628507.563	1105084.392	2438.282	2628507.563	1105084.392	2438.282	0.0	0.0
1794	2628376.678	1105072.764	2381.5569	2628376.678	1105072.764	2381.5569	0.0	0.0
1797	2628247.712	1105074.851	2329.73	2628247.309	1105075.082	2329.5129	0.5127400997634581	0.073248585680494
1798	2628229.799	1105088.381	2319.936	2628229.799	1105088.381	2319.936	0.0	0.0
1799	2628224.613	1105106.068	2306.644	2628224.613	1105106.068	2306.644	0.0	0.0
1800	2628854.4	1104837.763	2710.4399	2628854.4	1104837.763	2710.4399	0.0	0.0
1801	2628854.4	1104837.763	2710.4399	2628854.4	1104837.763	2710.4399	0.0	0.0
1802	2628854.4	1104837.763	2710.4399	2628854.4	1104837.763	2710.4399	0.0	0.0
1803	2628854.4	1104837.763	2710.4399	2628854.4	1104837.763	2710.4399	0.0	0.0
1814	2628815.298	1104888.582	2673.176	2628815.298	1104888.582	2673.176	0.0	0.0
1815	2628799.37	1104922.815	2642.4641	2628799.37	1104922.815	2642.4641	0.0	0.0
1816	2628799.37	1104922.815	2642.4641	2628799.37	1104922.815	2642.4641	0.0	0.0
1817	2628795.204	1104930.541	2636.0891	2628795.204	1104930.541	2636.0891	0.0	0.0
1818	2628785.127	1104944.916	2622.812	2628785.127	1104944.916	2622.812	0.0	0.0
1819	2628763.744	1104977.947	2596.0569	2628763.744	1104977.947	2596.0569	0.0	0.0
1820	2628763.744	1104977.947	2596.0569	2628763.744	1104977.947	2596.0569	0.0	0.0
1835	2628547.548	1105091.841	2443.137	2628547.447	1105091.757	2443.29	0.2016581264494832	0.0288083037784976
1836	2628530.094	1105099.012	2438.8899	2628530.094	1105099.012	2438.8899	0.0	0.0
1837	2628497.126	1105099.031	2425.272	2628497.47	1105098.891	2425.4529	0.4131111351677827	0.0590158764525403
1838	2628466.5031	1105102.221	2413.293	2628466.5031	1105102.221	2413.293	0.0	0.0
1839	2628407.829	1105091.106	2384.563	2628407.061	1105090.782	2384.4629	0.8395355915859531	0.1199336559408504
1840	2628359.595	1105086.743	2363.8259	2628359.595	1105086.743	2363.8259	0.0	0.0
1842	2628269.676	1105086.2	2325.5591	2628269.676	1105086.2	2325.5591	0.0	0.0
1843	2628237.686	1105093.79	2314.6321	2628237.838	1105093.858	2314.4199	0.269734758467845	0.0385335369239778
1844	2628224.613	1105106.068	2306.644	2628224.613	1105106.068	2306.644	0.0	0.0
1845	2628854.4	1104837.763	2710.4399	2628854.4	1104837.763	2710.4399	0.0	0.0
1846	2628854.4	1104837.763	2710.4399	2628854.4	1104837.763	2710.4399	0.0	0.0
1847	2628854.4	1104837.763	2710.4399	2628854.4	1104837.763	2710.4399	0.0	0.0
1860	2628799.37	1104922.815	2642.4641	2628799.37	1104922.815	2642.4641	0.0	0.0
1861	2628799.37	1104922.815	2642.4641	2628799.37	1104922.815	2642.4641	0.0	0.0
1881	2628543.912	1105107.331	2433.2729	2628543.66	1105107.179	2433.4609	0.3492162652728754	0.049888037896125
1882	2628524.9041	1105115.564	2429.417	2628524.9041	1105115.564	2429.417	0.0	0.0
1883	2628495.915	1105117.878	2417.2261	2628495.298	1105117.521	2417.1499	0.7168991840979133	0.1024141691568447
1884	2628459.772	1105118.902	2402.5029	2628459.772	1105118.902	2402.5029	0.0	0.0
1885	2628391.097	1105103.89	2367.0371	2628390.235	1105104.21	2366.5439	1.0434032012515582	0.149057600178794
1888	2628259.019	1105105.11	2310.918	2628258.566	1105105.274	2310.8201	0.4916191714416645	0.070231310205952
1889	2628228.794	1105113.495	2301.771	2628229.18	1105113.246	2301.916	0.4816866201051271	0.0688123743007324
1890	2628854.4	1104837.763	2710.4399	2628854.4	1104837.763	2710.4399	0.0	0.0
1891	2628854.4	1104837.763	2710.4399	2628854.4	1104837.763	2710.4399	0.0	0.0
1892	2628854.4	1104837.763	2710.4399	2628854.4	1104837.763	2710.4399	0.0	0.0
1905	2628799.37	1104922.815	2642.4641	2628799.37	1104922.815	2642.4641	0.0	0.0
1909	2628763.744	1104977.947	2596.0569	2628763.744	1104977.947	2596.0569	0.0	0.0
1927	2628534.359	1105122.078	2420.8279	2628534.359	1105122.078	2420.8279	0.0	0.0
1928	2628517.188	1105131.809	2417.481	2628517.188	1105131.809	2417.481	0.0	0.0
1929	2628489.033	1105134.491	2406.4939	2628489.033	1105134.491	2406.4939	0.0	0.0
1930	2628450.675	1105133.98	2390.3101	2628451.905	1105134.711	2390.9939	1.5858257911340403	0.2265465415905772
1934	2628252.181	1105124.092	2297.5171	2628252.508	1105124.237	2297.4241	0.3695984307827154	0.0527997758261022
1935	2628854.4	1104837.763	2710.4399	2628854.4	1104837.763	2710.4399	0.0	0.0
1936	2628854.4	1104837.763	2710.4399	2628854.4	1104837.763	2710.4399	0.0	0.0
1937	2628854.4	1104837.763	2710.4399	2628854.4	1104837.763	2710.4399	0.0	0.0
1973	2628520.38	1105134.342	2406.655	2628520.38	1105134.342	2406.655	0.0	0.0
1974	2628510.691	1105146.43	2406.6841	2628510.691	1105146.43	2406.6841	0.0	0.0
1975	2628478.049	1105147.993	2392.7939	2628478.049	1105147.993	2392.7939	0.0	0.0
1976	2628454.1	1105154.944	2385.356	2628453.948	1105155.11	2385.3311	0.2264509000603682	0.0323501285800526
1977	2628373.094	1105137.045	2341.0591	2628373.094	1105137.045	2341.0591	0.0	0.0
1980	2628854.4	1104837.763	2710.4399	2628854.4	1104837.763	2710.4399	0.0	0.0
1981	2628854.4	1104837.763	2710.4399	2628854.4	1104837.763	2710.4399	0.0	0.0
2019	2628517.095	1105150.276	2400.6709	2628517.095	1105150.276	2400.6709	0.0	0.0
2020	2628494.578	1105157.143	2391.3579	2628494.201	1105157.316	2391.165	0.4574586432793536	0.0653512347541933
2021	2628465.535	1105161.224	2378.8811	2628465.342	1105161.131	2378.998	0.2440565712404143	0.0348652244629163
2022	2628449.188	1105172.343	2374.97	2628448.86	1105172.5	2374.968	0.3636440568808852	0.0519491509829836
2023	2628383.862	1105161.826	2340.9829	2628376.909	1105158.969	2336.842	8.582174014319317	1.226024859188474
