ID	X_x	Y_x	Z_x	X_y	Y_y	Z_y	Distances	Velocity
10	2628632.103	1104505.282	2802.4541	2628632.103	1104505.282	2802.4541	0.0	0.0
11	2628632.103	1104505.282	2802.4541	2628632.103	1104505.282	2802.4541	0.0	0.0
12	2628632.103	1104505.282	2802.4541	2628632.103	1104505.282	2802.4541	0.0	0.0
13	2628632.103	1104505.282	2802.4541	2628632.103	1104505.282	2802.4541	0.0	0.0
14	2628564.757	1104513.436	2769.6909	2628564.757	1104513.436	2769.6909	0.0	0.0
15	2628564.757	1104513.436	2769.6909	2628564.757	1104513.436	2769.6909	0.0	0.0
16	2628564.757	1104513.436	2769.6909	2628564.757	1104513.436	2769.6909	0.0	0.0
17	2628564.757	1104513.436	2769.6909	2628564.757	1104513.436	2769.6909	0.0	0.0
18	2628564.757	1104513.436	2769.6909	2628564.757	1104513.436	2769.6909	0.0	0.0
19	2628564.757	1104513.436	2769.6909	2628564.757	1104513.436	2769.6909	0.0	0.0
20	2628564.757	1104513.436	2769.6909	2628564.757	1104513.436	2769.6909	0.0	0.0
21	2628564.757	1104513.436	2769.6909	2628564.757	1104513.436	2769.6909	0.0	0.0
22	2628426.071	1104659.034	2643.5779	2628425.899	1104658.338	2643.72	0.7308846762120872	0.1044120966017267
23	2628419.439	1104670.181	2637.4299	2628419.439	1104670.181	2637.4299	0.0	0.0
24	2628419.439	1104670.181	2637.4299	2628419.439	1104670.181	2637.4299	0.0	0.0
25	2628397.832	1104730.56	2588.79	2628399.423	1104728.827	2591.457	3.5563266160566287	0.5080466594366613
26	2628397.009	1104733.501	2587.8831	2628397.009	1104733.501	2587.8831	0.0	0.0
27	2628397.009	1104733.501	2587.8831	2628397.009	1104733.501	2587.8831	0.0	0.0
28	2628397.009	1104733.501	2587.8831	2628397.009	1104733.501	2587.8831	0.0	0.0
29	2628397.009	1104733.501	2587.8831	2628397.009	1104733.501	2587.8831	0.0	0.0
30	2628397.009	1104733.501	2587.8831	2628397.009	1104733.501	2587.8831	0.0	0.0
31	2628397.009	1104733.501	2587.8831	2628397.009	1104733.501	2587.8831	0.0	0.0
32	2628397.009	1104733.501	2587.8831	2628397.009	1104733.501	2587.8831	0.0	0.0
33	2628373.755	1104923.795	2462.929	2628373.755	1104923.795	2462.929	0.0	0.0
55	2628632.103	1104505.282	2802.4541	2628632.103	1104505.282	2802.4541	0.0	0.0
56	2628632.103	1104505.282	2802.4541	2628632.103	1104505.282	2802.4541	0.0	0.0
57	2628632.103	1104505.282	2802.4541	2628632.103	1104505.282	2802.4541	0.0	0.0
58	2628632.103	1104505.282	2802.4541	2628632.103	1104505.282	2802.4541	0.0	0.0
59	2628632.103	1104505.282	2802.4541	2628632.103	1104505.282	2802.4541	0.0	0.0
60	2628564.757	1104513.436	2769.6909	2628564.757	1104513.436	2769.6909	0.0	0.0
61	2628564.757	1104513.436	2769.6909	2628564.757	1104513.436	2769.6909	0.0	0.0
62	2628564.757	1104513.436	2769.6909	2628564.757	1104513.436	2769.6909	0.0	0.0
63	2628564.757	1104513.436	2769.6909	2628564.757	1104513.436	2769.6909	0.0	0.0
64	2628564.757	1104513.436	2769.6909	2628564.757	1104513.436	2769.6909	0.0	0.0
65	2628564.757	1104513.436	2769.6909	2628564.757	1104513.436	2769.6909	0.0	0.0
66	2628564.757	1104513.436	2769.6909	2628564.757	1104513.436	2769.6909	0.0	0.0
67	2628428.046	1104663.164	2643.2561	2628428.046	1104663.164	2643.2561	0.0	0.0
68	2628419.439	1104670.181	2637.4299	2628419.439	1104670.181	2637.4299	0.0	0.0
69	2628419.439	1104670.181	2637.4299	2628419.439	1104670.181	2637.4299	0.0	0.0
70	2628395.987	1104719.162	2600.8081	2628395.987	1104719.162	2600.8081	0.0	0.0
71	2628397.009	1104733.501	2587.8831	2628397.009	1104733.501	2587.8831	0.0	0.0
72	2628397.009	1104733.501	2587.8831	2628397.009	1104733.501	2587.8831	0.0	0.0
73	2628397.009	1104733.501	2587.8831	2628397.009	1104733.501	2587.8831	0.0	0.0
74	2628397.009	1104733.501	2587.8831	2628397.009	1104733.501	2587.8831	0.0	0.0
75	2628397.009	1104733.501	2587.8831	2628397.009	1104733.501	2587.8831	0.0	0.0
76	2628397.009	1104733.501	2587.8831	2628397.009	1104733.501	2587.8831	0.0	0.0
77	2628397.009	1104733.501	2587.8831	2628397.009	1104733.501	2587.8831	0.0	0.0
78	2628362.306	1104925.207	2455.061	2628362.306	1104925.207	2455.061	0.0	0.0
100	2628632.103	1104505.282	2802.4541	2628632.103	1104505.282	2802.4541	0.0	0.0
101	2628632.103	1104505.282	2802.4541	2628632.103	1104505.282	2802.4541	0.0	0.0
102	2628632.103	1104505.282	2802.4541	2628632.103	1104505.282	2802.4541	0.0	0.0
103	2628632.103	1104505.282	2802.4541	2628632.103	1104505.282	2802.4541	0.0	0.0
104	2628564.757	1104513.436	2769.6909	2628564.757	1104513.436	2769.6909	0.0	0.0
105	2628564.757	1104513.436	2769.6909	2628564.757	1104513.436	2769.6909	0.0	0.0
106	2628564.757	1104513.436	2769.6909	2628564.757	1104513.436	2769.6909	0.0	0.0
107	2628564.757	1104513.436	2769.6909	2628564.757	1104513.436	2769.6909	0.0	0.0
108	2628564.757	1104513.436	2769.6909	2628564.757	1104513.436	2769.6909	0.0	0.0
109	2628564.757	1104513.436	2769.6909	2628564.757	1104513.436	2769.6909	0.0	0.0
110	2628564.757	1104513.436	2769.6909	2628564.757	1104513.436	2769.6909	0.0	0.0
111	2628564.757	1104513.436	2769.6909	2628564.757	1104513.436	2769.6909	0.0	0.0
112	2628428.046	1104663.164	2643.2561	2628428.046	1104663.164	2643.2561	0.0	0.0
113	2628419.439	1104670.181	2637.4299	2628419.439	1104670.181	2637.4299	0.0	0.0
114	2628419.439	1104670.181	2637.4299	2628419.439	1104670.181	2637.4299	0.0	0.0
115	2628397.569	1104723.089	2596.342	2628399.492	1104728.371	2591.7991	7.227405717898482	1.0324865311283546
116	2628397.009	1104733.501	2587.8831	2628397.009	1104733.501	2587.8831	0.0	0.0
117	2628397.009	1104733.501	2587.8831	2628397.009	1104733.501	2587.8831	0.0	0.0
118	2628397.009	1104733.501	2587.8831	2628397.009	1104733.501	2587.8831	0.0	0.0
119	2628397.009	1104733.501	2587.8831	2628397.009	1104733.501	2587.8831	0.0	0.0
120	2628397.009	1104733.501	2587.8831	2628397.009	1104733.501	2587.8831	0.0	0.0
121	2628397.009	1104733.501	2587.8831	2628397.009	1104733.501	2587.8831	0.0	0.0
122	2628397.009	1104733.501	2587.8831	2628397.009	1104733.501	2587.8831	0.0	0.0
123	2628373.755	1104923.795	2462.929	2628373.755	1104923.795	2462.929	0.0	0.0
145	2628632.103	1104505.282	2802.4541	2628632.103	1104505.282	2802.4541	0.0	0.0
146	2628632.103	1104505.282	2802.4541	2628632.103	1104505.282	2802.4541	0.0	0.0
147	2628632.103	1104505.282	2802.4541	2628632.103	1104505.282	2802.4541	0.0	0.0
148	2628632.103	1104505.282	2802.4541	2628632.103	1104505.282	2802.4541	0.0	0.0
149	2628564.757	1104513.436	2769.6909	2628564.757	1104513.436	2769.6909	0.0	0.0
150	2628564.757	1104513.436	2769.6909	2628564.757	1104513.436	2769.6909	0.0	0.0
151	2628564.757	1104513.436	2769.6909	2628564.757	1104513.436	2769.6909	0.0	0.0
152	2628564.757	1104513.436	2769.6909	2628564.757	1104513.436	2769.6909	0.0	0.0
153	2628564.757	1104513.436	2769.6909	2628564.757	1104513.436	2769.6909	0.0	0.0
155	2628564.757	1104513.436	2769.6909	2628564.757	1104513.436	2769.6909	0.0	0.0
156	2628442.646	1104630.67	2666.2451	2628442.646	1104630.67	2666.2451	0.0	0.0
157	2628427.089	1104662.762	2642.6919	2628427.089	1104662.762	2642.6919	0.0	0.0
158	2628419.439	1104670.181	2637.4299	2628419.439	1104670.181	2637.4299	0.0	0.0
159	2628419.439	1104670.181	2637.4299	2628419.439	1104670.181	2637.4299	0.0	0.0
160	2628396.452	1104715.351	2604.897	2628396.452	1104715.351	2604.897	0.0	0.0
161	2628397.009	1104733.501	2587.8831	2628397.009	1104733.501	2587.8831	0.0	0.0
162	2628397.009	1104733.501	2587.8831	2628397.009	1104733.501	2587.8831	0.0	0.0
163	2628397.009	1104733.501	2587.8831	2628397.009	1104733.501	2587.8831	0.0	0.0
164	2628397.009	1104733.501	2587.8831	2628397.009	1104733.501	2587.8831	0.0	0.0
165	2628397.009	1104733.501	2587.8831	2628397.009	1104733.501	2587.8831	0.0	0.0
166	2628397.009	1104733.501	2587.8831	2628397.009	1104733.501	2587.8831	0.0	0.0
167	2628397.009	1104733.501	2587.8831	2628397.009	1104733.501	2587.8831	0.0	0.0
168	2628373.755	1104923.795	2462.929	2628373.755	1104923.795	2462.929	0.0	0.0
190	2628632.103	1104505.282	2802.4541	2628632.103	1104505.282	2802.4541	0.0	0.0
191	2628632.103	1104505.282	2802.4541	2628632.103	1104505.282	2802.4541	0.0	0.0
192	2628632.103	1104505.282	2802.4541	2628632.103	1104505.282	2802.4541	0.0	0.0
193	2628564.757	1104513.436	2769.6909	2628564.757	1104513.436	2769.6909	0.0	0.0
194	2628564.757	1104513.436	2769.6909	2628564.757	1104513.436	2769.6909	0.0	0.0
195	2628564.757	1104513.436	2769.6909	2628564.757	1104513.436	2769.6909	0.0	0.0
196	2628564.757	1104513.436	2769.6909	2628564.757	1104513.436	2769.6909	0.0	0.0
197	2628564.757	1104513.436	2769.6909	2628564.757	1104513.436	2769.6909	0.0	0.0
198	2628564.757	1104513.436	2769.6909	2628564.757	1104513.436	2769.6909	0.0	0.0
200	2628564.757	1104513.436	2769.6909	2628564.757	1104513.436	2769.6909	0.0	0.0
201	2628442.646	1104630.67	2666.2451	2628442.646	1104630.67	2666.2451	0.0	0.0
202	2628427.089	1104662.762	2642.6919	2628427.089	1104662.762	2642.6919	0.0	0.0
203	2628419.439	1104670.181	2637.4299	2628419.439	1104670.181	2637.4299	0.0	0.0
204	2628419.439	1104670.181	2637.4299	2628419.439	1104670.181	2637.4299	0.0	0.0
205	2628399.492	1104728.371	2591.7991	2628399.423	1104728.827	2591.457	0.5742206980106247	0.0820315282872321
206	2628397.009	1104733.501	2587.8831	2628397.009	1104733.501	2587.8831	0.0	0.0
207	2628397.009	1104733.501	2587.8831	2628397.009	1104733.501	2587.8831	0.0	0.0
208	2628397.009	1104733.501	2587.8831	2628397.009	1104733.501	2587.8831	0.0	0.0
209	2628397.009	1104733.501	2587.8831	2628397.009	1104733.501	2587.8831	0.0	0.0
210	2628397.009	1104733.501	2587.8831	2628397.009	1104733.501	2587.8831	0.0	0.0
211	2628397.009	1104733.501	2587.8831	2628397.009	1104733.501	2587.8831	0.0	0.0
212	2628397.009	1104733.501	2587.8831	2628397.009	1104733.501	2587.8831	0.0	0.0
213	2628373.755	1104923.795	2462.929	2628373.755	1104923.795	2462.929	0.0	0.0
214	2628362.306	1104925.207	2455.061	2628362.306	1104925.207	2455.061	0.0	0.0
235	2628632.103	1104505.282	2802.4541	2628632.103	1104505.282	2802.4541	0.0	0.0
236	2628632.103	1104505.282	2802.4541	2628632.103	1104505.282	2802.4541	0.0	0.0
237	2628632.103	1104505.282	2802.4541	2628632.103	1104505.282	2802.4541	0.0	0.0
238	2628564.757	1104513.436	2769.6909	2628564.757	1104513.436	2769.6909	0.0	0.0
239	2628564.757	1104513.436	2769.6909	2628564.757	1104513.436	2769.6909	0.0	0.0
240	2628564.757	1104513.436	2769.6909	2628564.757	1104513.436	2769.6909	0.0	0.0
241	2628564.757	1104513.436	2769.6909	2628564.757	1104513.436	2769.6909	0.0	0.0
242	2628564.757	1104513.436	2769.6909	2628564.757	1104513.436	2769.6909	0.0	0.0
245	2628451.606	1104622.899	2670.5449	2628449.926	1104622.86	2669.9399	1.786041992942329	0.2551488561346184
246	2628442.646	1104630.67	2666.2451	2628442.646	1104630.67	2666.2451	0.0	0.0
247	2628428.046	1104663.164	2643.2561	2628428.046	1104663.164	2643.2561	0.0	0.0
248	2628419.439	1104670.181	2637.4299	2628419.439	1104670.181	2637.4299	0.0	0.0
249	2628419.439	1104670.181	2637.4299	2628419.439	1104670.181	2637.4299	0.0	0.0
250	2628399.423	1104728.827	2591.457	2628399.423	1104728.827	2591.457	0.0	0.0
251	2628397.009	1104733.501	2587.8831	2628397.009	1104733.501	2587.8831	0.0	0.0
252	2628397.009	1104733.501	2587.8831	2628397.009	1104733.501	2587.8831	0.0	0.0
253	2628397.009	1104733.501	2587.8831	2628397.009	1104733.501	2587.8831	0.0	0.0
254	2628397.009	1104733.501	2587.8831	2628397.009	1104733.501	2587.8831	0.0	0.0
255	2628397.009	1104733.501	2587.8831	2628397.009	1104733.501	2587.8831	0.0	0.0
256	2628397.009	1104733.501	2587.8831	2628397.009	1104733.501	2587.8831	0.0	0.0
257	2628397.009	1104733.501	2587.8831	2628397.009	1104733.501	2587.8831	0.0	0.0
258	2628397.009	1104733.501	2587.8831	2628397.009	1104733.501	2587.8831	0.0	0.0
280	2628632.103	1104505.282	2802.4541	2628632.103	1104505.282	2802.4541	0.0	0.0
281	2628632.103	1104505.282	2802.4541	2628632.103	1104505.282	2802.4541	0.0	0.0
282	2628584.207	1104516.514	2778.25	2628582.7	1104516.278	2777.729	1.6118889537631742	0.2302698505375963
283	2628564.757	1104513.436	2769.6909	2628564.757	1104513.436	2769.6909	0.0	0.0
284	2628564.757	1104513.436	2769.6909	2628564.757	1104513.436	2769.6909	0.0	0.0
285	2628564.757	1104513.436	2769.6909	2628564.757	1104513.436	2769.6909	0.0	0.0
286	2628564.757	1104513.436	2769.6909	2628564.757	1104513.436	2769.6909	0.0	0.0
287	2628564.757	1104513.436	2769.6909	2628564.757	1104513.436	2769.6909	0.0	0.0
290	2628449.926	1104622.86	2669.9399	2628450.577	1104622.966	2670.1699	0.6985248743413546	0.0997892677630506
291	2628442.646	1104630.67	2666.2451	2628442.646	1104630.67	2666.2451	0.0	0.0
292	2628427.089	1104662.762	2642.6919	2628427.089	1104662.762	2642.6919	0.0	0.0
293	2628419.439	1104670.181	2637.4299	2628419.439	1104670.181	2637.4299	0.0	0.0
294	2628419.439	1104670.181	2637.4299	2628419.439	1104670.181	2637.4299	0.0	0.0
295	2628399.423	1104728.827	2591.457	2628399.423	1104728.827	2591.457	0.0	0.0
296	2628397.009	1104733.501	2587.8831	2628397.009	1104733.501	2587.8831	0.0	0.0
297	2628397.009	1104733.501	2587.8831	2628397.009	1104733.501	2587.8831	0.0	0.0
298	2628397.009	1104733.501	2587.8831	2628397.009	1104733.501	2587.8831	0.0	0.0
299	2628397.009	1104733.501	2587.8831	2628397.009	1104733.501	2587.8831	0.0	0.0
300	2628397.009	1104733.501	2587.8831	2628397.009	1104733.501	2587.8831	0.0	0.0
301	2628397.009	1104733.501	2587.8831	2628397.009	1104733.501	2587.8831	0.0	0.0
302	2628397.009	1104733.501	2587.8831	2628397.009	1104733.501	2587.8831	0.0	0.0
303	2628373.755	1104923.795	2462.929	2628373.755	1104923.795	2462.929	0.0	0.0
325	2628632.103	1104505.282	2802.4541	2628632.103	1104505.282	2802.4541	0.0	0.0
326	2628632.103	1104505.282	2802.4541	2628632.103	1104505.282	2802.4541	0.0	0.0
327	2628585.198	1104516.039	2778.8479	2628584.012	1104514.821	2778.6101	1.7165863915587425	0.2452266273655346
328	2628564.757	1104513.436	2769.6909	2628564.757	1104513.436	2769.6909	0.0	0.0
329	2628564.757	1104513.436	2769.6909	2628564.757	1104513.436	2769.6909	0.0	0.0
330	2628564.757	1104513.436	2769.6909	2628564.757	1104513.436	2769.6909	0.0	0.0
331	2628564.757	1104513.436	2769.6909	2628564.757	1104513.436	2769.6909	0.0	0.0
335	2628450.246	1104623.759	2669.917	2628449.479	1104623.568	2669.603	0.8505092592263448	0.1215013227466206
336	2628442.646	1104630.67	2666.2451	2628442.646	1104630.67	2666.2451	0.0	0.0
337	2628427.089	1104662.762	2642.6919	2628427.089	1104662.762	2642.6919	0.0	0.0
338	2628419.439	1104670.181	2637.4299	2628419.439	1104670.181	2637.4299	0.0	0.0
339	2628419.439	1104670.181	2637.4299	2628419.439	1104670.181	2637.4299	0.0	0.0
340	2628396.415	1104727.809	2590.585	2628399.423	1104728.827	2591.457	3.2931401427517204	0.4704485918216743
341	2628397.009	1104733.501	2587.8831	2628397.009	1104733.501	2587.8831	0.0	0.0
342	2628397.009	1104733.501	2587.8831	2628397.009	1104733.501	2587.8831	0.0	0.0
343	2628397.009	1104733.501	2587.8831	2628397.009	1104733.501	2587.8831	0.0	0.0
344	2628397.009	1104733.501	2587.8831	2628397.009	1104733.501	2587.8831	0.0	0.0
345	2628397.009	1104733.501	2587.8831	2628397.009	1104733.501	2587.8831	0.0	0.0
346	2628397.009	1104733.501	2587.8831	2628397.009	1104733.501	2587.8831	0.0	0.0
347	2628397.009	1104733.501	2587.8831	2628397.009	1104733.501	2587.8831	0.0	0.0
348	2628373.755	1104923.795	2462.929	2628373.755	1104923.795	2462.929	0.0	0.0
370	2628632.103	1104505.282	2802.4541	2628632.103	1104505.282	2802.4541	0.0	0.0
372	2628582.3621	1104518.007	2777.2649	2628582.3621	1104518.007	2777.2649	0.0	0.0
373	2628564.757	1104513.436	2769.6909	2628564.757	1104513.436	2769.6909	0.0	0.0
374	2628564.757	1104513.436	2769.6909	2628564.757	1104513.436	2769.6909	0.0	0.0
375	2628535.0601	1104534.28	2746.2639	2628535.0601	1104534.28	2746.2639	0.0	0.0
380	2628449.926	1104622.86	2669.9399	2628450.246	1104623.759	2669.917	0.9545288941929266	0.1363612705989895
381	2628442.646	1104630.67	2666.2451	2628442.646	1104630.67	2666.2451	0.0	0.0
382	2628427.089	1104662.762	2642.6919	2628427.089	1104662.762	2642.6919	0.0	0.0
383	2628419.439	1104670.181	2637.4299	2628419.439	1104670.181	2637.4299	0.0	0.0
384	2628419.439	1104670.181	2637.4299	2628419.439	1104670.181	2637.4299	0.0	0.0
385	2628399.423	1104728.827	2591.457	2628397.839	1104723.888	2595.6021	6.639625818485032	0.9485179740692904
386	2628397.009	1104733.501	2587.8831	2628397.009	1104733.501	2587.8831	0.0	0.0
387	2628397.009	1104733.501	2587.8831	2628397.009	1104733.501	2587.8831	0.0	0.0
388	2628397.009	1104733.501	2587.8831	2628397.009	1104733.501	2587.8831	0.0	0.0
389	2628397.009	1104733.501	2587.8831	2628397.009	1104733.501	2587.8831	0.0	0.0
390	2628397.009	1104733.501	2587.8831	2628397.009	1104733.501	2587.8831	0.0	0.0
391	2628397.009	1104733.501	2587.8831	2628397.009	1104733.501	2587.8831	0.0	0.0
392	2628397.009	1104733.501	2587.8831	2628397.009	1104733.501	2587.8831	0.0	0.0
393	2628373.755	1104923.795	2462.929	2628373.755	1104923.795	2462.929	0.0	0.0
405	2628901.0551	1104643.075	2832.9131	2628901.0551	1104643.075	2832.9131	0.0	0.0
415	2628627.431	1104512.053	2798.8191	2628628.559	1104513.866	2798.4839	2.161414360901618	0.3087734801288025
417	2628584.207	1104516.514	2778.25	2628581.953	1104515.039	2777.5691	2.77844665385984	0.3969209505514057
418	2628564.757	1104513.436	2769.6909	2628564.757	1104513.436	2769.6909	0.0	0.0
419	2628564.757	1104513.436	2769.6909	2628564.757	1104513.436	2769.6909	0.0	0.0
420	2628535.0601	1104534.28	2746.2639	2628535.0601	1104534.28	2746.2639	0.0	0.0
425	2628451.606	1104622.899	2670.5449	2628451.606	1104622.899	2670.5449	0.0	0.0
426	2628442.646	1104630.67	2666.2451	2628442.646	1104630.67	2666.2451	0.0	0.0
427	2628427.089	1104662.762	2642.6919	2628427.089	1104662.762	2642.6919	0.0	0.0
428	2628419.439	1104670.181	2637.4299	2628419.439	1104670.181	2637.4299	0.0	0.0
429	2628419.439	1104670.181	2637.4299	2628419.439	1104670.181	2637.4299	0.0	0.0
430	2628397.569	1104723.089	2596.342	2628397.569	1104723.089	2596.342	0.0	0.0
431	2628397.009	1104733.501	2587.8831	2628397.009	1104733.501	2587.8831	0.0	0.0
432	2628397.009	1104733.501	2587.8831	2628397.009	1104733.501	2587.8831	0.0	0.0
433	2628397.009	1104733.501	2587.8831	2628397.009	1104733.501	2587.8831	0.0	0.0
434	2628397.009	1104733.501	2587.8831	2628397.009	1104733.501	2587.8831	0.0	0.0
435	2628397.009	1104733.501	2587.8831	2628397.009	1104733.501	2587.8831	0.0	0.0
436	2628397.009	1104733.501	2587.8831	2628397.009	1104733.501	2587.8831	0.0	0.0
437	2628397.009	1104733.501	2587.8831	2628397.009	1104733.501	2587.8831	0.0	0.0
438	2628373.755	1104923.795	2462.929	2628373.755	1104923.795	2462.929	0.0	0.0
450	2628918.561	1104679.655	2825.519	2628918.553	1104679.309	2825.689	0.3855904564433588	0.0550843509204798
451	2628895.533	1104665.049	2822.3911	2628896.3199	1104664.843	2822.0349	0.887989893122121	0.1268556990174458
452	2628875.942	1104658.393	2819.8311	2628875.942	1104658.393	2819.8311	0.0	0.0
453	2628856.649	1104653.718	2817.0969	2628856.9	1104653.693	2816.905	0.3169410195216648	0.0452772885030949
461	2628619.749	1104532.201	2784.5249	2628619.947	1104532.258	2784.21	0.376317698403421	0.0537596712004887
462	2628582.7	1104516.278	2777.729	2628582.7	1104516.278	2777.729	0.0	0.0
463	2628565.949	1104527.364	2766.9331	2628565.949	1104527.364	2766.9331	0.0	0.0
464	2628547.439	1104535.12	2753.9551	2628547.134	1104535.938	2753.623	0.9340446508435792	0.1334349501205113
465	2628535.0601	1104534.28	2746.2639	2628535.0601	1104534.28	2746.2639	0.0	0.0
470	2628450.246	1104623.759	2669.917	2628449.926	1104622.86	2669.9399	0.9545288941929266	0.1363612705989895
471	2628442.646	1104630.67	2666.2451	2628442.646	1104630.67	2666.2451	0.0	0.0
472	2628428.046	1104663.164	2643.2561	2628428.046	1104663.164	2643.2561	0.0	0.0
473	2628419.439	1104670.181	2637.4299	2628419.439	1104670.181	2637.4299	0.0	0.0
474	2628419.439	1104670.181	2637.4299	2628419.439	1104670.181	2637.4299	0.0	0.0
475	2628397.839	1104723.888	2595.6021	2628397.839	1104723.888	2595.6021	0.0	0.0
476	2628397.009	1104733.501	2587.8831	2628397.009	1104733.501	2587.8831	0.0	0.0
477	2628397.009	1104733.501	2587.8831	2628397.009	1104733.501	2587.8831	0.0	0.0
478	2628397.009	1104733.501	2587.8831	2628397.009	1104733.501	2587.8831	0.0	0.0
479	2628397.009	1104733.501	2587.8831	2628397.009	1104733.501	2587.8831	0.0	0.0
480	2628397.009	1104733.501	2587.8831	2628397.009	1104733.501	2587.8831	0.0	0.0
481	2628397.009	1104733.501	2587.8831	2628397.009	1104733.501	2587.8831	0.0	0.0
482	2628397.009	1104733.501	2587.8831	2628397.009	1104733.501	2587.8831	0.0	0.0
483	2628373.755	1104923.795	2462.929	2628373.755	1104923.795	2462.929	0.0	0.0
495	2628928.302	1104699.329	2817.1589	2628928.624	1104699.627	2817.2009	0.4407402862380195	0.0629628980340027
496	2628911.9041	1104697.956	2815.009	2628911.934	1104697.659	2815.1799	0.3439619455842489	0.0491374207977498
497	2628891.913	1104689.666	2812.1709	2628891.795	1104689.353	2812.3521	0.3804292839808803	0.0543470405686971
498	2628868.936	1104677.405	2808.3899	2628869.062	1104677.675	2808.0869	0.4249529384934556	0.0607075626419222
499	2628843.183	1104661.443	2804.1479	2628841.614	1104658.475	2803.8259	3.372605669166079	0.4818008098808684
507	2628610.808	1104552.68	2768.895	2628611.002	1104552.945	2768.678	0.3936368884397206	0.0562338412056743
508	2628571.2679	1104533.352	2763.231	2628570.647	1104532.873	2763.2949	0.7867915988514071	0.1123987998359153
509	2628547.439	1104535.12	2753.9551	2628547.134	1104535.938	2753.623	0.9340446508435792	0.1334349501205113
510	2628535.0601	1104534.28	2746.2639	2628535.0601	1104534.28	2746.2639	0.0	0.0
515	2628450.679	1104625.43	2669.752	2628450.679	1104625.43	2669.752	0.0	0.0
516	2628442.646	1104630.67	2666.2451	2628442.646	1104630.67	2666.2451	0.0	0.0
517	2628428.046	1104663.164	2643.2561	2628428.046	1104663.164	2643.2561	0.0	0.0
518	2628419.439	1104670.181	2637.4299	2628419.439	1104670.181	2637.4299	0.0	0.0
519	2628419.439	1104670.181	2637.4299	2628419.439	1104670.181	2637.4299	0.0	0.0
520	2628397.839	1104723.888	2595.6021	2628397.569	1104723.089	2596.342	1.1219416251279084	0.1602773750182726
521	2628397.009	1104733.501	2587.8831	2628397.009	1104733.501	2587.8831	0.0	0.0
522	2628397.009	1104733.501	2587.8831	2628397.009	1104733.501	2587.8831	0.0	0.0
523	2628397.009	1104733.501	2587.8831	2628397.009	1104733.501	2587.8831	0.0	0.0
524	2628397.009	1104733.501	2587.8831	2628397.009	1104733.501	2587.8831	0.0	0.0
525	2628397.009	1104733.501	2587.8831	2628397.009	1104733.501	2587.8831	0.0	0.0
526	2628397.009	1104733.501	2587.8831	2628397.009	1104733.501	2587.8831	0.0	0.0
527	2628397.009	1104733.501	2587.8831	2628397.009	1104733.501	2587.8831	0.0	0.0
528	2628373.755	1104923.795	2462.929	2628373.755	1104923.795	2462.929	0.0	0.0
540	2628935.4611	1104712.653	2807.1841	2628935.278	1104712.752	2807.1201	0.2177673300584771	0.0311096185797824
541	2628918.998	1104711.879	2805.7681	2628918.741	1104711.897	2805.6179	0.2982164316676172	0.0426023473810881
542	2628902.965	1104711.488	2803.1741	2628902.965	1104711.488	2803.1741	0.0	0.0
543	2628885.478	1104707.59	2801.26	2628884.47	1104705.718	2801.3511	2.1280853389207794	0.304012191274397
544	2628867.861	1104705.329	2799.1279	2628868.0959	1104705.374	2799.2661	0.2762286191414002	0.0394612313059143
545	2628846.213	1104697.006	2795.1189	2628846.421	1104697.252	2795.001	0.3430457842079653	0.0490065406011379
554	2628558.736	1104552.186	2746.377	2628559.358	1104552.535	2746.2639	0.7221333740509176	0.1031619105787025
560	2628449.926	1104622.86	2669.9399	2628449.926	1104622.86	2669.9399	0.0	0.0
561	2628442.646	1104630.67	2666.2451	2628442.646	1104630.67	2666.2451	0.0	0.0
562	2628428.046	1104663.164	2643.2561	2628428.046	1104663.164	2643.2561	0.0	0.0
563	2628419.439	1104670.181	2637.4299	2628419.439	1104670.181	2637.4299	0.0	0.0
564	2628419.439	1104670.181	2637.4299	2628419.439	1104670.181	2637.4299	0.0	0.0
565	2628397.569	1104723.089	2596.342	2628397.839	1104723.888	2595.6021	1.1219416251279084	0.1602773750182726
566	2628397.009	1104733.501	2587.8831	2628397.009	1104733.501	2587.8831	0.0	0.0
567	2628397.009	1104733.501	2587.8831	2628397.009	1104733.501	2587.8831	0.0	0.0
568	2628397.009	1104733.501	2587.8831	2628397.009	1104733.501	2587.8831	0.0	0.0
569	2628397.009	1104733.501	2587.8831	2628397.009	1104733.501	2587.8831	0.0	0.0
570	2628397.009	1104733.501	2587.8831	2628397.009	1104733.501	2587.8831	0.0	0.0
571	2628397.009	1104733.501	2587.8831	2628397.009	1104733.501	2587.8831	0.0	0.0
572	2628397.009	1104733.501	2587.8831	2628397.009	1104733.501	2587.8831	0.0	0.0
573	2628373.755	1104923.795	2462.929	2628373.755	1104923.795	2462.929	0.0	0.0
585	2628933.653	1104721.39	2801.0249	2628933.653	1104721.39	2801.0249	0.0	0.0
586	2628928.532	1104729.089	2798.0339	2628928.532	1104729.089	2798.0339	0.0	0.0
587	2628914.243	1104731.88	2795.386	2628914.243	1104731.88	2795.386	0.0	0.0
588	2628898.2321	1104731.4	2793.292	2628897.7581	1104730.271	2793.3811	1.2277034698314535	0.1753862099759219
589	2628879.3149	1104725.411	2790.23	2628879.386	1104725.328	2790.3279	0.1467263438924719	0.0209609062703531
590	2628858.8719	1104719.644	2787.135	2628859.524	1104720.249	2787.353	0.915851194278816	0.1308358848969737
600	2628546.358	1104570.903	2730.4541	2628546.358	1104570.903	2730.4541	0.0	0.0
605	2628450.246	1104623.759	2669.917	2628450.577	1104622.966	2670.1699	0.8957501941156648	0.1279643134450949
606	2628442.646	1104630.67	2666.2451	2628442.646	1104630.67	2666.2451	0.0	0.0
607	2628427.089	1104662.762	2642.6919	2628427.089	1104662.762	2642.6919	0.0	0.0
608	2628419.439	1104670.181	2637.4299	2628419.439	1104670.181	2637.4299	0.0	0.0
609	2628419.439	1104670.181	2637.4299	2628419.439	1104670.181	2637.4299	0.0	0.0
610	2628397.569	1104723.089	2596.342	2628397.569	1104723.089	2596.342	0.0	0.0
611	2628397.009	1104733.501	2587.8831	2628397.009	1104733.501	2587.8831	0.0	0.0
612	2628397.009	1104733.501	2587.8831	2628397.009	1104733.501	2587.8831	0.0	0.0
613	2628397.009	1104733.501	2587.8831	2628397.009	1104733.501	2587.8831	0.0	0.0
614	2628397.009	1104733.501	2587.8831	2628397.009	1104733.501	2587.8831	0.0	0.0
615	2628397.009	1104733.501	2587.8831	2628397.009	1104733.501	2587.8831	0.0	0.0
616	2628397.009	1104733.501	2587.8831	2628397.009	1104733.501	2587.8831	0.0	0.0
617	2628397.009	1104733.501	2587.8831	2628397.009	1104733.501	2587.8831	0.0	0.0
618	2628373.755	1104923.795	2462.929	2628373.755	1104923.795	2462.929	0.0	0.0
630	2628933.653	1104721.39	2801.0249	2628933.653	1104721.39	2801.0249	0.0	0.0
631	2628928.219	1104729.509	2797.603	2628928.219	1104729.509	2797.603	0.0	0.0
632	2628918.066	1104744.928	2788.897	2628918.066	1104744.928	2788.897	0.0	0.0
633	2628908.0081	1104748.248	2785.145	2628907.999	1104748.145	2785.291	0.1789072664355904	0.02555818091937
634	2628888.666	1104741.793	2782.344	2628888.387	1104741.274	2782.5349	0.6193906765079201	0.0884843823582743
635	2628870.059	1104737.336	2778.5569	2628870.059	1104737.336	2778.5569	0.0	0.0
636	2628847.16	1104726.924	2774.196	2628847.16	1104726.924	2774.196	0.0	0.0
637	2628819.2111	1104708.925	2768.0129	2628819.2111	1104708.925	2768.0129	0.0	0.0
646	2628533.3311	1104587.153	2714.54	2628532.876	1104586.559	2714.605	0.7511171745885497	0.1073024535126499
650	2628451.285	1104620.282	2671.281	2628451.285	1104620.282	2671.281	0.0	0.0
651	2628442.646	1104630.67	2666.2451	2628442.646	1104630.67	2666.2451	0.0	0.0
652	2628427.089	1104662.762	2642.6919	2628427.089	1104662.762	2642.6919	0.0	0.0
653	2628419.439	1104670.181	2637.4299	2628419.439	1104670.181	2637.4299	0.0	0.0
654	2628419.439	1104670.181	2637.4299	2628419.439	1104670.181	2637.4299	0.0	0.0
655	2628399.492	1104728.371	2591.7991	2628399.423	1104728.827	2591.457	0.5742206980106247	0.0820315282872321
656	2628397.009	1104733.501	2587.8831	2628397.009	1104733.501	2587.8831	0.0	0.0
657	2628397.009	1104733.501	2587.8831	2628397.009	1104733.501	2587.8831	0.0	0.0
658	2628397.009	1104733.501	2587.8831	2628397.009	1104733.501	2587.8831	0.0	0.0
659	2628397.009	1104733.501	2587.8831	2628397.009	1104733.501	2587.8831	0.0	0.0
660	2628397.009	1104733.501	2587.8831	2628397.009	1104733.501	2587.8831	0.0	0.0
661	2628397.009	1104733.501	2587.8831	2628397.009	1104733.501	2587.8831	0.0	0.0
662	2628397.009	1104733.501	2587.8831	2628397.009	1104733.501	2587.8831	0.0	0.0
663	2628373.755	1104923.795	2462.929	2628373.755	1104923.795	2462.929	0.0	0.0
675	2628933.653	1104721.39	2801.0249	2628933.653	1104721.39	2801.0249	0.0	0.0
676	2628919.934	1104742.132	2790.7839	2628919.934	1104742.132	2790.7839	0.0	0.0
677	2628919.36	1104742.907	2790.314	2628919.36	1104742.907	2790.314	0.0	0.0
678	2628911.276	1104754.943	2781.6379	2628911.276	1104754.943	2781.6379	0.0	0.0
679	2628899.442	1104761.884	2773.7791	2628899.5341	1104762.077	2773.658	0.2457572379203002	0.0351081768457571
680	2628878.532	1104750.716	2769.7109	2628878.3929	1104750.482	2769.8669	0.3137527849186016	0.044821826416943
681	2628859.968	1104746.999	2766.366	2628859.869	1104746.849	2766.5229	0.2385762142961436	0.0340823163280205
682	2628832.766	1104729.805	2760.708	2628831.802	1104727.904	2760.592	2.1346083947133168	0.3049440563876167
683	2628810.562	1104723.029	2755.364	2628810.562	1104723.029	2755.364	0.0	0.0
692	2628521.416	1104605.421	2699.3789	2628521.661	1104605.005	2699.7109	0.5859223497989113	0.0837031928284159
695	2628450.246	1104623.759	2669.917	2628450.246	1104623.759	2669.917	0.0	0.0
696	2628442.646	1104630.67	2666.2451	2628442.646	1104630.67	2666.2451	0.0	0.0
697	2628427.089	1104662.762	2642.6919	2628427.089	1104662.762	2642.6919	0.0	0.0
698	2628419.439	1104670.181	2637.4299	2628419.439	1104670.181	2637.4299	0.0	0.0
699	2628419.439	1104670.181	2637.4299	2628419.439	1104670.181	2637.4299	0.0	0.0
700	2628399.423	1104728.827	2591.457	2628399.423	1104728.827	2591.457	0.0	0.0
701	2628397.009	1104733.501	2587.8831	2628397.009	1104733.501	2587.8831	0.0	0.0
702	2628397.009	1104733.501	2587.8831	2628397.009	1104733.501	2587.8831	0.0	0.0
703	2628397.009	1104733.501	2587.8831	2628397.009	1104733.501	2587.8831	0.0	0.0
704	2628397.009	1104733.501	2587.8831	2628397.009	1104733.501	2587.8831	0.0	0.0
705	2628397.009	1104733.501	2587.8831	2628397.009	1104733.501	2587.8831	0.0	0.0
706	2628397.009	1104733.501	2587.8831	2628397.009	1104733.501	2587.8831	0.0	0.0
707	2628397.009	1104733.501	2587.8831	2628397.009	1104733.501	2587.8831	0.0	0.0
708	2628373.755	1104923.795	2462.929	2628373.755	1104923.795	2462.929	0.0	0.0
720	2628933.653	1104721.39	2801.0249	2628933.653	1104721.39	2801.0249	0.0	0.0
721	2628919.934	1104742.132	2790.7839	2628919.934	1104742.132	2790.7839	0.0	0.0
722	2628918.066	1104744.928	2788.897	2628919.36	1104742.907	2790.314	2.786891817082349	0.3981274024403355
723	2628911.027	1104755.516	2781.062	2628911.027	1104755.516	2781.062	0.0	0.0
724	2628902.958	1104767.725	2772.1179	2628902.958	1104767.725	2772.1179	0.0	0.0
725	2628889.514	1104768.779	2762.8411	2628889.353	1104768.816	2762.7781	0.1768021491714921	0.0252574498816417
726	2628866.98	1104758.574	2756.7749	2628866.98	1104758.574	2756.7749	0.0	0.0
727	2628844.516	1104749.778	2752.448	2628844.516	1104749.778	2752.448	0.0	0.0
729	2628798.125	1104731.723	2742.8711	2628798.382	1104731.203	2743.0681	0.6125830556997768	0.0875118650999681
730	2628777.3311	1104729.133	2738.999	2628777.7271	1104729.169	2738.6741	0.5134900289015205	0.0733557184145029
738	2628515.934	1104631.647	2682.686	2628515.6591	1104631.327	2682.877	0.4630885553367092	0.0661555079052441
739	2628485.722	1104630.176	2678.4141	2628485.384	1104629.835	2678.5879	0.5106186835620271	0.0729455262231467
740	2628450.577	1104622.966	2670.1699	2628450.577	1104622.966	2670.1699	0.0	0.0
741	2628442.646	1104630.67	2666.2451	2628442.646	1104630.67	2666.2451	0.0	0.0
742	2628427.089	1104662.762	2642.6919	2628428.046	1104663.164	2643.2561	1.1814290668002765	0.168775580971468
743	2628419.439	1104670.181	2637.4299	2628419.439	1104670.181	2637.4299	0.0	0.0
744	2628419.439	1104670.181	2637.4299	2628419.439	1104670.181	2637.4299	0.0	0.0
745	2628399.423	1104728.827	2591.457	2628399.423	1104728.827	2591.457	0.0	0.0
746	2628397.009	1104733.501	2587.8831	2628397.009	1104733.501	2587.8831	0.0	0.0
747	2628397.009	1104733.501	2587.8831	2628397.009	1104733.501	2587.8831	0.0	0.0
748	2628397.009	1104733.501	2587.8831	2628397.009	1104733.501	2587.8831	0.0	0.0
749	2628397.009	1104733.501	2587.8831	2628397.009	1104733.501	2587.8831	0.0	0.0
750	2628397.009	1104733.501	2587.8831	2628397.009	1104733.501	2587.8831	0.0	0.0
751	2628397.009	1104733.501	2587.8831	2628397.009	1104733.501	2587.8831	0.0	0.0
752	2628397.009	1104733.501	2587.8831	2628397.009	1104733.501	2587.8831	0.0	0.0
753	2628373.755	1104923.795	2462.929	2628373.755	1104923.795	2462.929	0.0	0.0
765	2628919.934	1104742.132	2790.7839	2628919.934	1104742.132	2790.7839	0.0	0.0
766	2628919.934	1104742.132	2790.7839	2628919.934	1104742.132	2790.7839	0.0	0.0
767	2628919.36	1104742.907	2790.314	2628919.36	1104742.907	2790.314	0.0	0.0
768	2628911.027	1104755.516	2781.062	2628910.844	1104755.727	2780.9131	0.3165141542736593	0.0452163077533799
769	2628903.155	1104767.217	2772.364	2628903.179	1104767.432	2772.3159	0.2216181627169883	0.0316597375309983
770	2628892.024	1104784.272	2755.291	2628892.024	1104784.272	2755.291	0.0	0.0
771	2628879.769	1104778.2	2751.363	2628879.769	1104778.2	2751.363	0.0	0.0
772	2628856.151	1104767.801	2744.45	2628856.239	1104768.073	2744.3789	0.2945899014898419	0.0420842716414059
773	2628834.522	1104760.465	2739.968	2628834.661	1104760.456	2739.908	0.1516641025163203	0.0216663003594743
775	2628788.589	1104745.488	2730.1851	2628789.1379	1104745.971	2730.377	0.755913897086953	0.1079876995838504
776	2628764.877	1104738.748	2725.8359	2628764.877	1104738.748	2725.8359	0.0	0.0
784	2628503.757	1104649.966	2668.3911	2628503.757	1104649.966	2668.3911	0.0	0.0
785	2628477.9611	1104653.36	2663.8701	2628477.576	1104653.542	2663.749	0.4428218829076003	0.0632602689868
786	2628440.819	1104645.553	2657.071	2628441.2469	1104645.447	2657.1809	0.4543263365017191	0.0649037623573884
787	2628427.089	1104662.762	2642.6919	2628428.046	1104663.164	2643.2561	1.1814290668002765	0.168775580971468
788	2628419.439	1104670.181	2637.4299	2628419.439	1104670.181	2637.4299	0.0	0.0
789	2628419.439	1104670.181	2637.4299	2628419.439	1104670.181	2637.4299	0.0	0.0
790	2628399.423	1104728.827	2591.457	2628399.423	1104728.827	2591.457	0.0	0.0
791	2628397.009	1104733.501	2587.8831	2628397.009	1104733.501	2587.8831	0.0	0.0
792	2628397.009	1104733.501	2587.8831	2628397.009	1104733.501	2587.8831	0.0	0.0
793	2628397.009	1104733.501	2587.8831	2628397.009	1104733.501	2587.8831	0.0	0.0
794	2628397.009	1104733.501	2587.8831	2628397.009	1104733.501	2587.8831	0.0	0.0
795	2628397.009	1104733.501	2587.8831	2628397.009	1104733.501	2587.8831	0.0	0.0
796	2628397.009	1104733.501	2587.8831	2628397.009	1104733.501	2587.8831	0.0	0.0
797	2628397.009	1104733.501	2587.8831	2628397.009	1104733.501	2587.8831	0.0	0.0
798	2628373.755	1104923.795	2462.929	2628373.755	1104923.795	2462.929	0.0	0.0
810	2628919.934	1104742.132	2790.7839	2628919.934	1104742.132	2790.7839	0.0	0.0
811	2628919.934	1104742.132	2790.7839	2628919.934	1104742.132	2790.7839	0.0	0.0
812	2628919.36	1104742.907	2790.314	2628919.36	1104742.907	2790.314	0.0	0.0
813	2628911.276	1104754.943	2781.6379	2628911.276	1104754.943	2781.6379	0.0	0.0
814	2628903.212	1104767.3	2772.3889	2628903.391	1104767.036	2772.635	0.4028674843962679	0.0575524977708954
815	2628895.184	1104779.484	2760.134	2628895.259	1104779.34	2760.2939	0.2278793759560777	0.0325541965651539
816	2628886.556	1104792.567	2749.3889	2628886.556	1104792.567	2749.3889	0.0	0.0
817	2628874.1021	1104797.787	2740.4661	2628874.1021	1104797.787	2740.4661	0.0	0.0
822	2628751.524	1104748.964	2711.575	2628751.2939	1104748.943	2711.8411	0.3524148409553517	0.0503449772793359
823	2628728.807	1104746.87	2706.335	2628728.807	1104746.87	2706.335	0.0	0.0
830	2628499.613	1104673.985	2654.1599	2628499.506	1104673.473	2654.3501	0.5565689895002508	0.0795098556428929
831	2628472.4301	1104679.232	2651.5481	2628471.853	1104679.035	2651.6499	0.6182367264429741	0.0883195323489963
832	2628439.7531	1104675.515	2644.2439	2628406.857	1104641.611	2633.0649	48.54487256345016	6.934981794778594
833	2628416.589	1104684.857	2630.603	2628416.589	1104684.857	2630.603	0.0	0.0
834	2628404.913	1104704.048	2617.0	2628404.948	1104704.531	2616.7939	0.5262995439718542	0.0751856491388363
835	2628396.884	1104728.202	2590.4819	2628396.884	1104728.202	2590.4819	0.0	0.0
836	2628397.009	1104733.501	2587.8831	2628397.009	1104733.501	2587.8831	0.0	0.0
837	2628397.009	1104733.501	2587.8831	2628397.009	1104733.501	2587.8831	0.0	0.0
838	2628397.009	1104733.501	2587.8831	2628397.009	1104733.501	2587.8831	0.0	0.0
839	2628397.009	1104733.501	2587.8831	2628397.009	1104733.501	2587.8831	0.0	0.0
840	2628397.009	1104733.501	2587.8831	2628397.009	1104733.501	2587.8831	0.0	0.0
841	2628397.009	1104733.501	2587.8831	2628397.009	1104733.501	2587.8831	0.0	0.0
842	2628397.009	1104733.501	2587.8831	2628397.009	1104733.501	2587.8831	0.0	0.0
843	2628373.755	1104923.795	2462.929	2628373.755	1104923.795	2462.929	0.0	0.0
855	2628919.934	1104742.132	2790.7839	2628919.934	1104742.132	2790.7839	0.0	0.0
856	2628919.934	1104742.132	2790.7839	2628919.934	1104742.132	2790.7839	0.0	0.0
857	2628919.36	1104742.907	2790.314	2628919.36	1104742.907	2790.314	0.0	0.0
858	2628911.276	1104754.943	2781.6379	2628911.276	1104754.943	2781.6379	0.0	0.0
859	2628903.082	1104767.526	2772.217	2628903.082	1104767.526	2772.217	0.0	0.0
860	2628894.4	1104779.781	2759.3789	2628894.675	1104779.909	2759.554	0.3502413595728355	0.0500344799389765
861	2628886.035	1104792.109	2749.1851	2628886.556	1104792.567	2749.3889	0.7230072197405975	0.1032867456772282
862	2628875.307	1104809.465	2737.2881	2628875.307	1104809.465	2737.2881	0.0	0.0
863	2628867.421	1104814.616	2730.906	2628867.281	1104814.348	2730.9641	0.3078954530284541	0.0439850647183506
868	2628745.153	1104768.31	2698.9829	2628746.0861	1104769.277	2699.3521	1.3935828823360643	0.199083268905152
869	2628723.541	1104766.918	2694.835	2628723.873	1104766.705	2694.887	0.3978655551228354	0.0568379364461193
876	2628490.865	1104697.828	2640.416	2628491.238	1104697.619	2640.4829	0.4327650745712412	0.0618235820816058
877	2628461.533	1104699.881	2636.0359	2628460.764	1104699.247	2636.2649	1.022623097663978	0.1460890139519968
878	2628427.78	1104694.703	2627.2209	2628428.142	1104694.603	2627.3711	0.4044799626206291	0.057782851802947
879	2628404.913	1104704.048	2617.0	2628404.913	1104704.048	2617.0	0.0	0.0
880	2628410.815	1104693.393	2623.4761	2628410.807	1104692.872	2624.0979	0.8112584298154681	0.1158940614022097
881	2628397.009	1104733.501	2587.8831	2628397.009	1104733.501	2587.8831	0.0	0.0
882	2628397.009	1104733.501	2587.8831	2628397.009	1104733.501	2587.8831	0.0	0.0
883	2628397.009	1104733.501	2587.8831	2628397.009	1104733.501	2587.8831	0.0	0.0
884	2628397.009	1104733.501	2587.8831	2628397.009	1104733.501	2587.8831	0.0	0.0
885	2628397.009	1104733.501	2587.8831	2628397.009	1104733.501	2587.8831	0.0	0.0
886	2628397.009	1104733.501	2587.8831	2628397.009	1104733.501	2587.8831	0.0	0.0
887	2628397.009	1104733.501	2587.8831	2628397.009	1104733.501	2587.8831	0.0	0.0
888	2628373.755	1104923.795	2462.929	2628373.755	1104923.795	2462.929	0.0	0.0
900	2628919.934	1104742.132	2790.7839	2628919.934	1104742.132	2790.7839	0.0	0.0
901	2628919.934	1104742.132	2790.7839	2628919.934	1104742.132	2790.7839	0.0	0.0
902	2628919.36	1104742.907	2790.314	2628919.36	1104742.907	2790.314	0.0	0.0
903	2628911.276	1104754.943	2781.6379	2628911.276	1104754.943	2781.6379	0.0	0.0
904	2628903.212	1104767.3	2772.3889	2628903.391	1104767.036	2772.635	0.4028674843962679	0.0575524977708954
905	2628894.8781	1104779.99	2759.6431	2628894.8781	1104779.99	2759.6431	0.0	0.0
906	2628886.2111	1104793.076	2749.2271	2628886.035	1104792.109	2749.1851	0.9838008994851668	0.1405429856407381
907	2628875.307	1104809.465	2737.2881	2628875.307	1104809.465	2737.2881	0.0	0.0
908	2628863.7581	1104826.993	2721.531	2628863.7581	1104826.993	2721.531	0.0	0.0
909	2628856.821	1104822.644	2718.166	2628858.269	1104824.778	2718.863	2.671417039499774	0.3816310056428248
914	2628735.6281	1104783.705	2687.731	2628735.6281	1104783.705	2687.731	0.0	0.0
922	2628484.98	1104720.731	2625.6541	2628485.412	1104720.624	2625.8059	0.4702299862749681	0.0671757123249954
923	2628451.95	1104718.709	2619.572	2628452.373	1104718.577	2619.675	0.4549307639131663	0.0649901091304523
924	2628412.853	1104712.08	2610.5029	2628412.853	1104712.08	2610.5029	0.0	0.0
925	2628398.098	1104713.197	2607.845	2628398.591	1104713.111	2608.0959	0.5598176576070976	0.0799739510867282
926	2628397.009	1104733.501	2587.8831	2628397.009	1104733.501	2587.8831	0.0	0.0
927	2628397.009	1104733.501	2587.8831	2628397.009	1104733.501	2587.8831	0.0	0.0
928	2628397.617	1104771.839	2564.644	2628397.617	1104771.839	2564.644	0.0	0.0
929	2628397.009	1104733.501	2587.8831	2628397.009	1104733.501	2587.8831	0.0	0.0
930	2628397.009	1104733.501	2587.8831	2628397.009	1104733.501	2587.8831	0.0	0.0
931	2628397.009	1104733.501	2587.8831	2628397.009	1104733.501	2587.8831	0.0	0.0
932	2628397.009	1104733.501	2587.8831	2628397.009	1104733.501	2587.8831	0.0	0.0
933	2628373.755	1104923.795	2462.929	2628373.755	1104923.795	2462.929	0.0	0.0
945	2628919.934	1104742.132	2790.7839	2628919.934	1104742.132	2790.7839	0.0	0.0
946	2628919.934	1104742.132	2790.7839	2628919.934	1104742.132	2790.7839	0.0	0.0
947	2628919.105	1104743.349	2790.177	2628919.105	1104743.349	2790.177	0.0	0.0
948	2628911.027	1104755.516	2781.062	2628911.027	1104755.516	2781.062	0.0	0.0
949	2628903.082	1104767.526	2772.217	2628903.082	1104767.526	2772.217	0.0	0.0
950	2628895.014	1104779.738	2759.8879	2628894.756	1104779.609	2759.7261	0.3307328830715753	0.0472475547245107
951	2628886.911	1104791.989	2749.7461	2628886.911	1104791.989	2749.7461	0.0	0.0
952	2628875.307	1104809.465	2737.2881	2628875.307	1104809.465	2737.2881	0.0	0.0
953	2628870.094	1104817.28	2732.6709	2628870.094	1104817.28	2732.6709	0.0	0.0
954	2628854.4	1104837.763	2710.4399	2628854.4	1104837.763	2710.4399	0.0	0.0
955	2628847.885	1104832.304	2706.968	2628849.9771	1104835.607	2708.0549	4.058083663568041	0.5797262376525774
960	2628730.111	1104801.537	2676.2949	2628730.111	1104801.537	2676.2949	0.0	0.0
968	2628468.079	1104735.077	2609.0129	2628468.386	1104735.248	2608.8459	0.3890745429469417	0.0555820775638488
969	2628444.75	1104741.096	2604.925	2628445.212	1104740.917	2605.0769	0.5182264078947575	0.0740323439849653
970	2628397.395	1104725.007	2593.449	2628397.395	1104725.007	2593.449	0.0	0.0
971	2628397.009	1104733.501	2587.8831	2628397.009	1104733.501	2587.8831	0.0	0.0
972	2628397.617	1104771.839	2564.644	2628397.617	1104771.839	2564.644	0.0	0.0
973	2628397.617	1104771.839	2564.644	2628397.617	1104771.839	2564.644	0.0	0.0
975	2628397.009	1104733.501	2587.8831	2628397.009	1104733.501	2587.8831	0.0	0.0
976	2628397.009	1104733.501	2587.8831	2628397.009	1104733.501	2587.8831	0.0	0.0
978	2628373.755	1104923.795	2462.929	2628373.755	1104923.795	2462.929	0.0	0.0
990	2628933.653	1104721.39	2801.0249	2628933.653	1104721.39	2801.0249	0.0	0.0
991	2628928.442	1104729.155	2797.9961	2628928.532	1104729.089	2798.0339	0.1178339512672895	0.0168334216096127
992	2628919.36	1104742.907	2790.314	2628919.36	1104742.907	2790.314	0.0	0.0
993	2628911.276	1104754.943	2781.6379	2628911.276	1104754.943	2781.6379	0.0	0.0
994	2628902.785	1104767.962	2771.9939	2628902.785	1104767.962	2771.9939	0.0	0.0
995	2628895.184	1104779.484	2760.134	2628895.184	1104779.484	2760.134	0.0	0.0
996	2628886.556	1104792.567	2749.3889	2628886.556	1104792.567	2749.3889	0.0	0.0
997	2628875.307	1104809.465	2737.2881	2628875.307	1104809.465	2737.2881	0.0	0.0
998	2628854.4	1104837.763	2710.4399	2628854.4	1104837.763	2710.4399	0.0	0.0
999	2628854.4	1104837.763	2710.4399	2628854.4	1104837.763	2710.4399	0.0	0.0
1000	2628852.176	1104841.122	2708.197	2628852.176	1104841.122	2708.197	0.0	0.0
1001	2628840.7159	1104847.65	2697.4331	2628840.7159	1104847.65	2697.4331	0.0	0.0
1006	2628721.896	1104817.376	2664.4141	2628721.7321	1104817.135	2664.509	0.3065130013171838	0.0437875716167405
1008	2628669.9041	1104811.602	2650.093	2628670.188	1104812.597	2650.0391	1.0361126484655905	0.1480160926379415
1014	2628459.738	1104755.788	2594.957	2628459.777	1104755.516	2595.2261	0.3846034450252105	0.0549433492893157
1015	2628429.287	1104756.97	2589.321	2628429.287	1104756.97	2589.321	0.0	0.0
1016	2628401.6	1104760.624	2576.738	2628401.967	1104759.958	2577.0339	0.8159667946802471	0.116566684954321
1017	2628397.617	1104771.839	2564.644	2628397.617	1104771.839	2564.644	0.0	0.0
1018	2628397.617	1104771.839	2564.644	2628397.617	1104771.839	2564.644	0.0	0.0
1021	2628395.053	1104891.663	2492.647	2628395.053	1104891.663	2492.647	0.0	0.0
1022	2628390.671	1104891.002	2490.071	2628390.671	1104891.002	2490.071	0.0	0.0
1023	2628390.671	1104891.002	2490.071	2628390.671	1104891.002	2490.071	0.0	0.0
1024	2628390.671	1104891.002	2490.071	2628390.671	1104891.002	2490.071	0.0	0.0
1035	2628933.653	1104721.39	2801.0249	2628933.653	1104721.39	2801.0249	0.0	0.0
1036	2628928.554	1104728.801	2798.1919	2628928.554	1104728.801	2798.1919	0.0	0.0
1037	2628919.36	1104742.907	2790.314	2628919.36	1104742.907	2790.314	0.0	0.0
1038	2628911.276	1104754.943	2781.6379	2628911.276	1104754.943	2781.6379	0.0	0.0
1039	2628903.483	1104766.925	2772.929	2628903.53	1104766.87	2773.0149	0.1123067672621521	0.0160438238945931
1040	2628895.014	1104779.738	2759.8879	2628895.007	1104779.635	2759.9241	0.1094003655071602	0.01562862364388
1041	2628854.4	1104837.763	2710.4399	2628854.4	1104837.763	2710.4399	0.0	0.0
1042	2628854.4	1104837.763	2710.4399	2628854.4	1104837.763	2710.4399	0.0	0.0
1043	2628854.4	1104837.763	2710.4399	2628854.4	1104837.763	2710.4399	0.0	0.0
1044	2628854.4	1104837.763	2710.4399	2628854.4	1104837.763	2710.4399	0.0	0.0
1045	2628851.954	1104841.137	2708.0591	2628851.679	1104841.121	2707.8601	0.3398264262101635	0.0485466323157376
1046	2628840.7159	1104847.65	2697.4331	2628840.7159	1104847.65	2697.4331	0.0	0.0
1047	2628834.3051	1104863.705	2691.0879	2628834.3051	1104863.705	2691.0879	0.0	0.0
1052	2628711.9	1104831.122	2651.0381	2628712.708	1104831.718	2651.1731	1.013067125355008	0.1447238750507154
1053	2628690.616	1104831.035	2646.3359	2628690.616	1104831.035	2646.3359	0.0	0.0
1060	2628442.812	1104770.472	2578.6101	2628442.499	1104770.216	2578.7759	0.4370293354891405	0.0624327622127343
1061	2628417.327	1104775.117	2570.2129	2628417.663	1104775.329	2570.0471	0.4304992915336215	0.0614998987905173
1062	2628397.617	1104771.839	2564.644	2628397.617	1104771.839	2564.644	0.0	0.0
1063	2628397.617	1104771.839	2564.644	2628397.617	1104771.839	2564.644	0.0	0.0
1065	2628396.664	1104770.557	2565.4341	2628396.664	1104770.557	2565.4341	0.0	0.0
1066	2628400.313	1104893.338	2495.519	2628400.313	1104893.338	2495.519	0.0	0.0
1067	2628390.671	1104891.002	2490.071	2628390.671	1104891.002	2490.071	0.0	0.0
1068	2628390.671	1104891.002	2490.071	2628390.671	1104891.002	2490.071	0.0	0.0
1069	2628390.671	1104891.002	2490.071	2628390.671	1104891.002	2490.071	0.0	0.0
1080	2628933.653	1104721.39	2801.0249	2628933.653	1104721.39	2801.0249	0.0	0.0
1081	2628928.226	1104729.596	2797.53	2628928.092	1104729.769	2797.407	0.2510258949988693	0.0358608421426956
1082	2628919.36	1104742.907	2790.314	2628919.36	1104742.907	2790.314	0.0	0.0
1083	2628911.027	1104755.516	2781.062	2628911.027	1104755.516	2781.062	0.0	0.0
1084	2628854.4	1104837.763	2710.4399	2628854.4	1104837.763	2710.4399	0.0	0.0
1085	2628854.4	1104837.763	2710.4399	2628854.4	1104837.763	2710.4399	0.0	0.0
1086	2628854.4	1104837.763	2710.4399	2628854.4	1104837.763	2710.4399	0.0	0.0
1087	2628854.4	1104837.763	2710.4399	2628854.4	1104837.763	2710.4399	0.0	0.0
1088	2628854.4	1104837.763	2710.4399	2628854.4	1104837.763	2710.4399	0.0	0.0
1089	2628854.4	1104837.763	2710.4399	2628854.4	1104837.763	2710.4399	0.0	0.0
1090	2628851.274	1104839.582	2707.79	2628851.954	1104841.137	2708.0591	1.7183829055586046	0.2454832722226578
1091	2628838.908	1104845.947	2696.623	2628838.908	1104845.947	2696.623	0.0	0.0
1094	2628817.1021	1104888.62	2675.0701	2628815.127	1104885.873	2673.8511	3.5962466560057984	0.5137495222865426
1098	2628700.651	1104844.655	2638.342	2628700.092	1104844.346	2638.468	0.6510284171649345	0.0930040595949906
1099	2628680.254	1104845.212	2633.311	2628680.856	1104845.431	2633.3931	0.6458369840478821	0.0922624262925545
1100	2628648.005	1104836.278	2623.761	2628647.715	1104835.942	2623.7439	0.4441715996664587	0.0634530856666369
1106	2628440.119	1104793.839	2564.561	2628440.119	1104793.839	2564.561	0.0	0.0
1107	2628387.269	1104777.581	2547.344	2628387.269	1104777.581	2547.344	0.0	0.0
1108	2628387.269	1104777.581	2547.344	2628387.269	1104777.581	2547.344	0.0	0.0
1111	2628395.053	1104891.663	2492.647	2628395.053	1104891.663	2492.647	0.0	0.0
1112	2628390.671	1104891.002	2490.071	2628390.671	1104891.002	2490.071	0.0	0.0
1113	2628390.671	1104891.002	2490.071	2628390.671	1104891.002	2490.071	0.0	0.0
1114	2628390.671	1104891.002	2490.071	2628390.671	1104891.002	2490.071	0.0	0.0
1125	2628933.653	1104721.39	2801.0249	2628933.653	1104721.39	2801.0249	0.0	0.0
1126	2628928.442	1104729.155	2797.9961	2628928.442	1104729.155	2797.9961	0.0	0.0
1127	2628854.4	1104837.763	2710.4399	2628854.4	1104837.763	2710.4399	0.0	0.0
1128	2628854.4	1104837.763	2710.4399	2628854.4	1104837.763	2710.4399	0.0	0.0
1129	2628854.4	1104837.763	2710.4399	2628854.4	1104837.763	2710.4399	0.0	0.0
1130	2628854.4	1104837.763	2710.4399	2628854.4	1104837.763	2710.4399	0.0	0.0
1131	2628854.4	1104837.763	2710.4399	2628854.4	1104837.763	2710.4399	0.0	0.0
1132	2628854.4	1104837.763	2710.4399	2628854.4	1104837.763	2710.4399	0.0	0.0
1133	2628854.4	1104837.763	2710.4399	2628854.4	1104837.763	2710.4399	0.0	0.0
1134	2628854.4	1104837.763	2710.4399	2628854.4	1104837.763	2710.4399	0.0	0.0
1139	2628815.298	1104888.582	2673.176	2628815.298	1104888.582	2673.176	0.0	0.0
1140	2628800.063	1104890.736	2660.7271	2628799.856	1104890.507	2660.76	0.3104390600372721	0.0443484371481817
1144	2628690.928	1104858.136	2626.594	2628690.928	1104858.136	2626.594	0.0	0.0
1145	2628666.181	1104855.985	2619.324	2628666.181	1104855.985	2619.324	0.0	0.0
1146	2628640.99	1104854.209	2612.196	2628640.99	1104854.209	2612.196	0.0	0.0
1151	2628460.494	1104812.9	2557.438	2628460.859	1104812.719	2557.772	0.526822550878859	0.0752603644112655
1152	2628431.521	1104815.313	2550.248	2628431.303	1104815.076	2550.4519	0.381140669888436	0.0544486671269194
1156	2628395.053	1104891.663	2492.647	2628395.053	1104891.663	2492.647	0.0	0.0
1157	2628390.671	1104891.002	2490.071	2628390.671	1104891.002	2490.071	0.0	0.0
1158	2628390.671	1104891.002	2490.071	2628390.671	1104891.002	2490.071	0.0	0.0
1159	2628390.671	1104891.002	2490.071	2628390.671	1104891.002	2490.071	0.0	0.0
1170	2628932.5129	1104722.419	2800.6831	2628932.5129	1104722.419	2800.6831	0.0	0.0
1171	2628854.4	1104837.763	2710.4399	2628854.4	1104837.763	2710.4399	0.0	0.0
1172	2628854.4	1104837.763	2710.4399	2628854.4	1104837.763	2710.4399	0.0	0.0
1173	2628854.4	1104837.763	2710.4399	2628854.4	1104837.763	2710.4399	0.0	0.0
1174	2628854.4	1104837.763	2710.4399	2628854.4	1104837.763	2710.4399	0.0	0.0
1175	2628854.4	1104837.763	2710.4399	2628854.4	1104837.763	2710.4399	0.0	0.0
1176	2628854.4	1104837.763	2710.4399	2628854.4	1104837.763	2710.4399	0.0	0.0
1177	2628854.4	1104837.763	2710.4399	2628854.4	1104837.763	2710.4399	0.0	0.0
1178	2628854.4	1104837.763	2710.4399	2628854.4	1104837.763	2710.4399	0.0	0.0
1179	2628854.4	1104837.763	2710.4399	2628854.4	1104837.763	2710.4399	0.0	0.0
1184	2628809.6689	1104908.719	2658.116	2628809.6689	1104908.719	2658.116	0.0	0.0
1185	2628809.6689	1104908.719	2658.116	2628809.6689	1104908.719	2658.116	0.0	0.0
1186	2628789.608	1104899.378	2647.8811	2628789.608	1104899.378	2647.8811	0.0	0.0
1187	2628768.4919	1104897.651	2641.1841	2628768.4919	1104897.651	2641.1841	0.0	0.0
1190	2628684.162	1104874.071	2614.2571	2628684.386	1104873.926	2614.2839	0.2681776276531974	0.0383110896647425
1191	2628657.224	1104870.703	2605.5371	2628657.224	1104870.703	2605.5371	0.0	0.0
1192	2628633.7271	1104870.653	2600.061	2628633.7271	1104870.653	2600.061	0.0	0.0
1197	2628449.578	1104832.729	2542.5149	2628449.912	1104832.551	2542.5559	0.3806849089358005	0.0543835584194
1198	2628406.711	1104823.446	2529.491	2628406.194	1104823.091	2529.4829	0.6271998166286973	0.0895999738040996
1203	2628390.671	1104891.002	2490.071	2628390.671	1104891.002	2490.071	0.0	0.0
1204	2628390.671	1104891.002	2490.071	2628390.671	1104891.002	2490.071	0.0	0.0
1215	2628933.653	1104721.39	2801.0249	2628933.653	1104721.39	2801.0249	0.0	0.0
1216	2628854.4	1104837.763	2710.4399	2628854.4	1104837.763	2710.4399	0.0	0.0
1217	2628854.4	1104837.763	2710.4399	2628854.4	1104837.763	2710.4399	0.0	0.0
1218	2628854.4	1104837.763	2710.4399	2628854.4	1104837.763	2710.4399	0.0	0.0
1219	2628854.4	1104837.763	2710.4399	2628854.4	1104837.763	2710.4399	0.0	0.0
1220	2628854.4	1104837.763	2710.4399	2628854.4	1104837.763	2710.4399	0.0	0.0
1221	2628854.4	1104837.763	2710.4399	2628854.4	1104837.763	2710.4399	0.0	0.0
1222	2628854.4	1104837.763	2710.4399	2628854.4	1104837.763	2710.4399	0.0	0.0
1223	2628854.4	1104837.763	2710.4399	2628854.4	1104837.763	2710.4399	0.0	0.0
1229	2628815.298	1104888.582	2673.176	2628815.298	1104888.582	2673.176	0.0	0.0
1230	2628810.2419	1104907.786	2659.196	2628810.2419	1104907.786	2659.196	0.0	0.0
1231	2628802.103	1104920.144	2646.354	2628802.103	1104920.144	2646.354	0.0	0.0
1232	2628773.957	1104904.617	2632.55	2628774.209	1104904.531	2632.7241	0.3181364643548752	0.0454480663364107
1237	2628646.877	1104884.342	2592.5959	2628646.877	1104884.342	2592.5959	0.0	0.0
1238	2628621.819	1104885.577	2585.8811	2628621.559	1104885.334	2585.999	0.3748991999644701	0.0535570285663528
1244	2628405.549	1104848.09	2517.4341	2628402.342	1104846.263	2516.385	3.837106828037263	0.5481581182910376
1247	2628390.671	1104891.002	2490.071	2628390.671	1104891.002	2490.071	0.0	0.0
1248	2628390.671	1104891.002	2490.071	2628390.671	1104891.002	2490.071	0.0	0.0
1249	2628390.671	1104891.002	2490.071	2628390.671	1104891.002	2490.071	0.0	0.0
1260	2628854.4	1104837.763	2710.4399	2628854.4	1104837.763	2710.4399	0.0	0.0
1261	2628854.4	1104837.763	2710.4399	2628854.4	1104837.763	2710.4399	0.0	0.0
1262	2628854.4	1104837.763	2710.4399	2628854.4	1104837.763	2710.4399	0.0	0.0
1263	2628854.4	1104837.763	2710.4399	2628854.4	1104837.763	2710.4399	0.0	0.0
1264	2628854.4	1104837.763	2710.4399	2628854.4	1104837.763	2710.4399	0.0	0.0
1265	2628854.4	1104837.763	2710.4399	2628854.4	1104837.763	2710.4399	0.0	0.0
1266	2628854.4	1104837.763	2710.4399	2628854.4	1104837.763	2710.4399	0.0	0.0
1267	2628854.4	1104837.763	2710.4399	2628854.4	1104837.763	2710.4399	0.0	0.0
1268	2628854.4	1104837.763	2710.4399	2628854.4	1104837.763	2710.4399	0.0	0.0
1274	2628815.298	1104888.582	2673.176	2628815.298	1104888.582	2673.176	0.0	0.0
1275	2628799.37	1104922.815	2642.4641	2628799.37	1104922.815	2642.4641	0.0	0.0
1276	2628799.37	1104922.815	2642.4641	2628799.37	1104922.815	2642.4641	0.0	0.0
1277	2628795.204	1104930.541	2636.0891	2628795.204	1104930.541	2636.0891	0.0	0.0
1278	2628768.446	1104920.87	2621.9399	2628769.906	1104922.415	2622.6599	2.2443317490204886	0.3206188212886412
1284	2628614.449	1104901.427	2572.314	2628614.547	1104901.594	2572.2671	0.1992300429105869	0.0284614347015124
1290	2628391.905	1104863.537	2500.667	2628391.905	1104863.537	2500.667	0.0	0.0
1291	2628395.053	1104891.663	2492.647	2628395.053	1104891.663	2492.647	0.0	0.0
1292	2628390.671	1104891.002	2490.071	2628390.671	1104891.002	2490.071	0.0	0.0
1293	2628390.671	1104891.002	2490.071	2628390.671	1104891.002	2490.071	0.0	0.0
1305	2628854.4	1104837.763	2710.4399	2628854.4	1104837.763	2710.4399	0.0	0.0
1306	2628854.4	1104837.763	2710.4399	2628854.4	1104837.763	2710.4399	0.0	0.0
1307	2628854.4	1104837.763	2710.4399	2628854.4	1104837.763	2710.4399	0.0	0.0
1308	2628854.4	1104837.763	2710.4399	2628854.4	1104837.763	2710.4399	0.0	0.0
1309	2628854.4	1104837.763	2710.4399	2628854.4	1104837.763	2710.4399	0.0	0.0
1310	2628854.4	1104837.763	2710.4399	2628854.4	1104837.763	2710.4399	0.0	0.0
1311	2628854.4	1104837.763	2710.4399	2628854.4	1104837.763	2710.4399	0.0	0.0
1312	2628854.4	1104837.763	2710.4399	2628854.4	1104837.763	2710.4399	0.0	0.0
1313	2628854.4	1104837.763	2710.4399	2628854.4	1104837.763	2710.4399	0.0	0.0
1319	2628815.298	1104888.582	2673.176	2628815.298	1104888.582	2673.176	0.0	0.0
1320	2628799.37	1104922.815	2642.4641	2628799.37	1104922.815	2642.4641	0.0	0.0
1321	2628799.37	1104922.815	2642.4641	2628799.37	1104922.815	2642.4641	0.0	0.0
1322	2628795.204	1104930.541	2636.0891	2628795.204	1104930.541	2636.0891	0.0	0.0
1323	2628785.127	1104944.916	2622.812	2628785.127	1104944.916	2622.812	0.0	0.0
1324	2628758.916	1104932.595	2610.9971	2628758.693	1104932.368	2610.9451	0.3224313881785245	0.0460616268826463
1330	2628606.845	1104916.218	2561.355	2628607.2729	1104916.189	2561.5811	0.4848305064801962	0.0692615009257423
1335	2628437.8361	1104900.005	2508.7229	2628437.948	1104899.667	2509.0649	0.4936897912355399	0.0705271130336485
1336	2628395.053	1104891.663	2492.647	2628395.053	1104891.663	2492.647	0.0	0.0
1338	2628373.755	1104923.795	2462.929	2628373.755	1104923.795	2462.929	0.0	0.0
1350	2628854.4	1104837.763	2710.4399	2628854.4	1104837.763	2710.4399	0.0	0.0
1351	2628854.4	1104837.763	2710.4399	2628854.4	1104837.763	2710.4399	0.0	0.0
1352	2628854.4	1104837.763	2710.4399	2628854.4	1104837.763	2710.4399	0.0	0.0
1353	2628854.4	1104837.763	2710.4399	2628854.4	1104837.763	2710.4399	0.0	0.0
1354	2628854.4	1104837.763	2710.4399	2628854.4	1104837.763	2710.4399	0.0	0.0
1355	2628854.4	1104837.763	2710.4399	2628854.4	1104837.763	2710.4399	0.0	0.0
1356	2628854.4	1104837.763	2710.4399	2628854.4	1104837.763	2710.4399	0.0	0.0
1357	2628854.4	1104837.763	2710.4399	2628854.4	1104837.763	2710.4399	0.0	0.0
1364	2628815.298	1104888.582	2673.176	2628815.298	1104888.582	2673.176	0.0	0.0
1365	2628799.37	1104922.815	2642.4641	2628799.37	1104922.815	2642.4641	0.0	0.0
1366	2628799.37	1104922.815	2642.4641	2628799.37	1104922.815	2642.4641	0.0	0.0
1367	2628795.204	1104930.541	2636.0891	2628795.204	1104930.541	2636.0891	0.0	0.0
1368	2628785.127	1104944.916	2622.812	2628785.127	1104944.916	2622.812	0.0	0.0
1369	2628777.434	1104957.45	2613.1531	2628777.434	1104957.45	2613.1531	0.0	0.0
1370	2628754.556	1104949.364	2601.687	2628755.535	1104949.982	2602.0681	1.218852825641849	0.1741218322345498
1376	2628596.704	1104932.255	2549.45	2628596.704	1104932.255	2549.45	0.0	0.0
1381	2628427.374	1104917.554	2493.885	2628428.351	1104917.713	2494.1311	1.019987847921647	0.1457125497030924
1383	2628373.755	1104923.795	2462.929	2628373.755	1104923.795	2462.929	0.0	0.0
1395	2628854.4	1104837.763	2710.4399	2628854.4	1104837.763	2710.4399	0.0	0.0
1396	2628854.4	1104837.763	2710.4399	2628854.4	1104837.763	2710.4399	0.0	0.0
1397	2628854.4	1104837.763	2710.4399	2628854.4	1104837.763	2710.4399	0.0	0.0
1398	2628854.4	1104837.763	2710.4399	2628854.4	1104837.763	2710.4399	0.0	0.0
1399	2628854.4	1104837.763	2710.4399	2628854.4	1104837.763	2710.4399	0.0	0.0
1400	2628854.4	1104837.763	2710.4399	2628854.4	1104837.763	2710.4399	0.0	0.0
1401	2628854.4	1104837.763	2710.4399	2628854.4	1104837.763	2710.4399	0.0	0.0
1402	2628854.4	1104837.763	2710.4399	2628854.4	1104837.763	2710.4399	0.0	0.0
1409	2628815.298	1104888.582	2673.176	2628815.298	1104888.582	2673.176	0.0	0.0
1410	2628799.37	1104922.815	2642.4641	2628799.37	1104922.815	2642.4641	0.0	0.0
1411	2628799.37	1104922.815	2642.4641	2628799.37	1104922.815	2642.4641	0.0	0.0
1412	2628795.204	1104930.541	2636.0891	2628795.204	1104930.541	2636.0891	0.0	0.0
1413	2628785.127	1104944.916	2622.812	2628785.127	1104944.916	2622.812	0.0	0.0
1414	2628778.855	1104955.219	2614.998	2628778.855	1104955.219	2614.998	0.0	0.0
1415	2628770.7629	1104967.491	2606.1399	2628770.575	1104967.261	2606.125	0.2973691643581722	0.0424813091940246
1416	2628745.151	1104961.889	2589.855	2628745.151	1104961.889	2589.855	0.0	0.0
1422	2628588.266	1104948.159	2535.7351	2628588.266	1104948.159	2535.7351	0.0	0.0
1427	2628415.324	1104933.253	2478.5701	2628414.358	1104932.989	2478.252	1.0507328918479044	0.1501046988354149
1428	2628367.959	1104924.676	2458.4131	2628367.959	1104924.676	2458.4131	0.0	0.0
1437	2628236.817	1105065.895	2338.406	2628236.817	1105065.895	2338.406	0.0	0.0
1438	2628232.674	1105083.348	2325.905	2628232.674	1105083.348	2325.905	0.0	0.0
1440	2628854.4	1104837.763	2710.4399	2628854.4	1104837.763	2710.4399	0.0	0.0
1441	2628854.4	1104837.763	2710.4399	2628854.4	1104837.763	2710.4399	0.0	0.0
1442	2628854.4	1104837.763	2710.4399	2628854.4	1104837.763	2710.4399	0.0	0.0
1443	2628854.4	1104837.763	2710.4399	2628854.4	1104837.763	2710.4399	0.0	0.0
1444	2628854.4	1104837.763	2710.4399	2628854.4	1104837.763	2710.4399	0.0	0.0
1445	2628854.4	1104837.763	2710.4399	2628854.4	1104837.763	2710.4399	0.0	0.0
1446	2628854.4	1104837.763	2710.4399	2628854.4	1104837.763	2710.4399	0.0	0.0
1454	2628815.298	1104888.582	2673.176	2628815.298	1104888.582	2673.176	0.0	0.0
1455	2628810.2419	1104907.786	2659.196	2628810.2419	1104907.786	2659.196	0.0	0.0
1456	2628799.37	1104922.815	2642.4641	2628799.37	1104922.815	2642.4641	0.0	0.0
1457	2628795.204	1104930.541	2636.0891	2628795.204	1104930.541	2636.0891	0.0	0.0
1458	2628780.269	1104951.186	2617.572	2628780.269	1104951.186	2617.572	0.0	0.0
1459	2628778.859	1104955.271	2614.9619	2628778.859	1104955.271	2614.9619	0.0	0.0
1460	2628763.744	1104977.947	2596.0569	2628763.744	1104977.947	2596.0569	0.0	0.0
1461	2628762.431	1104979.861	2593.5649	2628762.739	1104979.614	2593.9099	0.5243071619829565	0.0749010231404223
1462	2628738.756	1104976.139	2579.6931	2628738.756	1104976.139	2579.6931	0.0	0.0
1468	2628583.568	1104967.031	2525.8279	2628583.438	1104966.935	2526.009	0.2427204357944941	0.034674347970642
1469	2628557.2841	1104969.098	2519.759	2628557.021	1104968.916	2519.7549	0.319941275576579	0.0457058965109398
1473	2628401.402	1104949.105	2462.4719	2628401.009	1104948.842	2462.552	0.4796186086627639	0.0685169440946805
1481	2628241.918	1105048.145	2348.521	2628241.97	1105047.709	2348.771	0.505272203869709	0.0721817434099584
1482	2628236.817	1105065.895	2338.406	2628236.817	1105065.895	2338.406	0.0	0.0
1483	2628232.674	1105083.348	2325.905	2628232.674	1105083.348	2325.905	0.0	0.0
1484	2628223.793	1105109.236	2304.512	2628223.793	1105109.236	2304.512	0.0	0.0
1485	2628854.4	1104837.763	2710.4399	2628854.4	1104837.763	2710.4399	0.0	0.0
1486	2628854.4	1104837.763	2710.4399	2628854.4	1104837.763	2710.4399	0.0	0.0
1487	2628854.4	1104837.763	2710.4399	2628854.4	1104837.763	2710.4399	0.0	0.0
1488	2628854.4	1104837.763	2710.4399	2628854.4	1104837.763	2710.4399	0.0	0.0
1489	2628854.4	1104837.763	2710.4399	2628854.4	1104837.763	2710.4399	0.0	0.0
1490	2628854.4	1104837.763	2710.4399	2628854.4	1104837.763	2710.4399	0.0	0.0
1491	2628854.4	1104837.763	2710.4399	2628854.4	1104837.763	2710.4399	0.0	0.0
1499	2628815.298	1104888.582	2673.176	2628815.298	1104888.582	2673.176	0.0	0.0
1500	2628799.37	1104922.815	2642.4641	2628799.37	1104922.815	2642.4641	0.0	0.0
1501	2628799.37	1104922.815	2642.4641	2628799.37	1104922.815	2642.4641	0.0	0.0
1502	2628795.204	1104930.541	2636.0891	2628795.204	1104930.541	2636.0891	0.0	0.0
1503	2628785.127	1104944.916	2622.812	2628785.127	1104944.916	2622.812	0.0	0.0
1504	2628778.855	1104955.219	2614.998	2628778.855	1104955.219	2614.998	0.0	0.0
1505	2628763.744	1104977.947	2596.0569	2628763.744	1104977.947	2596.0569	0.0	0.0
1506	2628757.032	1104988.28	2585.636	2628757.032	1104988.28	2585.636	0.0	0.0
1507	2628752.902	1104994.469	2579.9529	2628752.902	1104994.469	2579.9529	0.0	0.0
1514	2628577.828	1104986.099	2516.5181	2628577.828	1104986.099	2516.5181	0.0	0.0
1515	2628557.951	1104993.205	2510.1201	2628557.951	1104993.205	2510.1201	0.0	0.0
1519	2628388.839	1104966.003	2446.9651	2628388.104	1104965.545	2447.054	0.8705700492120232	0.1243671498874318
1520	2628351.951	1104966.554	2433.613	2628351.951	1104966.554	2433.613	0.0	0.0
1525	2628250.073	1105028.778	2354.488	2628250.073	1105028.778	2354.488	0.0	0.0
1526	2628241.97	1105047.709	2348.771	2628241.97	1105047.709	2348.771	0.0	0.0
1527	2628236.817	1105065.895	2338.406	2628236.817	1105065.895	2338.406	0.0	0.0
1528	2628232.674	1105083.348	2325.905	2628232.674	1105083.348	2325.905	0.0	0.0
1529	2628223.871	1105108.156	2305.249	2628223.871	1105108.156	2305.249	0.0	0.0
1530	2628854.4	1104837.763	2710.4399	2628854.4	1104837.763	2710.4399	0.0	0.0
1531	2628854.4	1104837.763	2710.4399	2628854.4	1104837.763	2710.4399	0.0	0.0
1532	2628854.4	1104837.763	2710.4399	2628854.4	1104837.763	2710.4399	0.0	0.0
1533	2628854.4	1104837.763	2710.4399	2628854.4	1104837.763	2710.4399	0.0	0.0
1534	2628854.4	1104837.763	2710.4399	2628854.4	1104837.763	2710.4399	0.0	0.0
1535	2628854.4	1104837.763	2710.4399	2628854.4	1104837.763	2710.4399	0.0	0.0
1544	2628815.298	1104888.582	2673.176	2628815.298	1104888.582	2673.176	0.0	0.0
1545	2628799.37	1104922.815	2642.4641	2628799.37	1104922.815	2642.4641	0.0	0.0
1546	2628799.37	1104922.815	2642.4641	2628799.37	1104922.815	2642.4641	0.0	0.0
1547	2628795.204	1104930.541	2636.0891	2628795.204	1104930.541	2636.0891	0.0	0.0
1548	2628780.269	1104951.186	2617.572	2628780.269	1104951.186	2617.572	0.0	0.0
1549	2628778.855	1104955.219	2614.998	2628778.855	1104955.219	2614.998	0.0	0.0
1550	2628763.744	1104977.947	2596.0569	2628763.744	1104977.947	2596.0569	0.0	0.0
1551	2628761.991	1104980.412	2592.9619	2628762.0959	1104980.552	2592.915	0.1811176965484882	0.025873956649784
1552	2628747.616	1105002.507	2572.6851	2628747.616	1105002.507	2572.6851	0.0	0.0
1553	2628744.382	1105007.316	2568.2571	2628744.382	1105007.316	2568.2571	0.0	0.0
1559	2628587.163	1104992.986	2506.749	2628586.958	1104992.825	2507.052	0.3996936327445592	0.0570990903920798
1560	2628575.132	1105004.967	2507.063	2628574.896	1105005.016	2507.2991	0.3374021488182604	0.0482003069740372
1561	2628554.2271	1105011.032	2500.564	2628554.2271	1105011.032	2500.564	0.0	0.0
1565	2628374.408	1104981.183	2428.636	2628374.157	1104981.064	2428.6931	0.2835884515210529	0.0405126359315789
1570	2628250.233	1105029.651	2354.7009	2628250.233	1105029.651	2354.7009	0.0	0.0
1571	2628241.918	1105048.145	2348.521	2628241.918	1105048.145	2348.521	0.0	0.0
1572	2628236.817	1105065.895	2338.406	2628236.817	1105065.895	2338.406	0.0	0.0
1573	2628234.41	1105085.582	2325.761	2628234.41	1105085.582	2325.761	0.0	0.0
1574	2628223.708	1105109.57	2304.2971	2628223.708	1105109.57	2304.2971	0.0	0.0
1575	2628854.4	1104837.763	2710.4399	2628854.4	1104837.763	2710.4399	0.0	0.0
1576	2628854.4	1104837.763	2710.4399	2628854.4	1104837.763	2710.4399	0.0	0.0
1577	2628854.4	1104837.763	2710.4399	2628854.4	1104837.763	2710.4399	0.0	0.0
1578	2628854.4	1104837.763	2710.4399	2628854.4	1104837.763	2710.4399	0.0	0.0
1579	2628854.4	1104837.763	2710.4399	2628854.4	1104837.763	2710.4399	0.0	0.0
1580	2628854.4	1104837.763	2710.4399	2628854.4	1104837.763	2710.4399	0.0	0.0
1589	2628815.298	1104888.582	2673.176	2628815.298	1104888.582	2673.176	0.0	0.0
1590	2628799.37	1104922.815	2642.4641	2628799.37	1104922.815	2642.4641	0.0	0.0
1591	2628799.37	1104922.815	2642.4641	2628799.37	1104922.815	2642.4641	0.0	0.0
1592	2628795.204	1104930.541	2636.0891	2628795.204	1104930.541	2636.0891	0.0	0.0
1593	2628785.127	1104944.916	2622.812	2628785.127	1104944.916	2622.812	0.0	0.0
1594	2628779.0341	1104954.956	2615.22	2628779.082	1104954.9	2615.282	0.0963037383632369	0.0137576769090338
1595	2628763.744	1104977.947	2596.0569	2628763.744	1104977.947	2596.0569	0.0	0.0
1596	2628762.501	1104979.986	2593.468	2628762.431	1104979.861	2593.5649	0.1729584055249245	0.0247083436464177
1597	2628747.616	1105002.507	2572.6851	2628747.616	1105002.507	2572.6851	0.0	0.0
1598	2628745.775	1105005.287	2570.0171	2628745.775	1105005.287	2570.0171	0.0	0.0
1599	2628735.358	1105015.115	2559.02	2628735.358	1105015.115	2559.02	0.0	0.0
1602	2628711.2111	1105052.342	2557.365	2628711.2111	1105052.342	2557.365	0.0	0.0
1605	2628579.407	1105009.25	2495.3069	2628579.517	1105009.343	2495.1179	0.2376341726092851	0.0339477389441836
1606	2628562.681	1105018.543	2494.5491	2628562.486	1105018.618	2494.7371	0.2810587125984596	0.0401512446569228
1607	2628545.623	1105025.893	2489.771	2628545.623	1105025.893	2489.771	0.0	0.0
1615	2628250.073	1105028.778	2354.488	2628250.073	1105028.778	2354.488	0.0	0.0
1616	2628249.355	1105033.625	2354.8679	2628249.355	1105033.625	2354.8679	0.0	0.0
1617	2628236.817	1105065.895	2338.406	2628235.667	1105069.478	2335.085	5.018907251467946	0.7169867502097065
1618	2628249.355	1105033.625	2354.8679	2628249.355	1105033.625	2354.8679	0.0	0.0
1619	2628223.387	1105109.953	2304.2351	2628223.387	1105109.953	2304.2351	0.0	0.0
1620	2628854.4	1104837.763	2710.4399	2628854.4	1104837.763	2710.4399	0.0	0.0
1621	2628854.4	1104837.763	2710.4399	2628854.4	1104837.763	2710.4399	0.0	0.0
1622	2628854.4	1104837.763	2710.4399	2628854.4	1104837.763	2710.4399	0.0	0.0
1623	2628854.4	1104837.763	2710.4399	2628854.4	1104837.763	2710.4399	0.0	0.0
1624	2628854.4	1104837.763	2710.4399	2628854.4	1104837.763	2710.4399	0.0	0.0
1625	2628854.4	1104837.763	2710.4399	2628854.4	1104837.763	2710.4399	0.0	0.0
1634	2628815.298	1104888.582	2673.176	2628815.298	1104888.582	2673.176	0.0	0.0
1635	2628799.37	1104922.815	2642.4641	2628799.37	1104922.815	2642.4641	0.0	0.0
1636	2628799.37	1104922.815	2642.4641	2628799.37	1104922.815	2642.4641	0.0	0.0
1637	2628795.204	1104930.541	2636.0891	2628795.204	1104930.541	2636.0891	0.0	0.0
1638	2628785.127	1104944.916	2622.812	2628785.127	1104944.916	2622.812	0.0	0.0
1639	2628778.859	1104955.271	2614.9619	2628778.855	1104955.219	2614.998	0.0634287788944946	0.0090612541277849
1640	2628763.744	1104977.947	2596.0569	2628763.744	1104977.947	2596.0569	0.0	0.0
1641	2628761.991	1104980.412	2592.9619	2628761.991	1104980.412	2592.9619	0.0	0.0
1642	2628753.833	1104992.766	2581.5371	2628753.833	1104992.766	2581.5371	0.0	0.0
1643	2628745.613	1105005.437	2569.8811	2628745.743	1105005.324	2569.9919	0.2048063474293529	0.0292580496327647
1645	2628722.469	1105025.003	2548.0281	2628722.469	1105025.003	2548.0281	0.0	0.0
1651	2628573.251	1105024.682	2485.1489	2628573.251	1105024.682	2485.1489	0.0	0.0
1652	2628554.004	1105034.016	2480.8521	2628554.004	1105034.016	2480.8521	0.0	0.0
1653	2628536.423	1105042.142	2476.8521	2628536.0649	1105041.929	2476.7781	0.4231791699492334	0.0604541671356047
1660	2628250.751	1105028.256	2355.1101	2628250.332	1105028.453	2354.917	0.5016548715619056	0.0716649816517008
1661	2628241.97	1105047.709	2348.771	2628241.918	1105048.145	2348.521	0.505272203869709	0.0721817434099584
1662	2628236.817	1105065.895	2338.406	2628236.817	1105065.895	2338.406	0.0	0.0
1663	2628234.41	1105085.582	2325.761	2628230.368	1105086.962	2321.436	6.078469297716644	0.8683527568166635
1664	2628224.613	1105106.068	2306.644	2628224.613	1105106.068	2306.644	0.0	0.0
1665	2628854.4	1104837.763	2710.4399	2628854.4	1104837.763	2710.4399	0.0	0.0
1666	2628854.4	1104837.763	2710.4399	2628854.4	1104837.763	2710.4399	0.0	0.0
1667	2628854.4	1104837.763	2710.4399	2628854.4	1104837.763	2710.4399	0.0	0.0
1668	2628854.4	1104837.763	2710.4399	2628854.4	1104837.763	2710.4399	0.0	0.0
1669	2628854.4	1104837.763	2710.4399	2628854.4	1104837.763	2710.4399	0.0	0.0
1679	2628815.298	1104888.582	2673.176	2628811.058	1104887.483	2669.3911	5.788857314513103	0.8269796163590147
1680	2628799.37	1104922.815	2642.4641	2628799.37	1104922.815	2642.4641	0.0	0.0
1681	2628799.37	1104922.815	2642.4641	2628799.37	1104922.815	2642.4641	0.0	0.0
1682	2628795.204	1104930.541	2636.0891	2628795.204	1104930.541	2636.0891	0.0	0.0
1683	2628785.127	1104944.916	2622.812	2628785.127	1104944.916	2622.812	0.0	0.0
1684	2628763.744	1104977.947	2596.0569	2628763.744	1104977.947	2596.0569	0.0	0.0
1685	2628763.744	1104977.947	2596.0569	2628763.744	1104977.947	2596.0569	0.0	0.0
1686	2628762.238	1104980.386	2593.0991	2628762.238	1104980.386	2593.0991	0.0	0.0
1687	2628753.292	1104993.211	2580.7981	2628753.292	1104993.211	2580.7981	0.0	0.0
1688	2628745.775	1105005.287	2570.0171	2628745.879	1105005.072	2570.2371	0.3247167998346305	0.04638811426209
1697	2628565.62	1105041.385	2472.6189	2628565.62	1105041.385	2472.6189	0.0	0.0
1698	2628549.718	1105051.512	2470.637	2628549.6281	1105051.084	2470.8379	0.4812762409114551	0.0687537487016364
1699	2628524.713	1105055.077	2463.3359	2628525.299	1105055.065	2463.459	0.5989103523490792	0.0855586217641541
1705	2628260.971	1105034.677	2355.0271	2628260.519	1105034.473	2355.095	0.5005301289705774	0.0715043041386539
1706	2628241.918	1105048.145	2348.521	2628241.614	1105048.745	2348.304	0.7067566767382295	0.1009652395340327
1707	2628235.667	1105069.478	2335.085	2628235.667	1105069.478	2335.085	0.0	0.0
1708	2628230.243	1105088.142	2320.177	2628230.243	1105088.142	2320.177	0.0	0.0
1709	2628224.613	1105106.068	2306.644	2628224.613	1105106.068	2306.644	0.0	0.0
1710	2628854.4	1104837.763	2710.4399	2628854.4	1104837.763	2710.4399	0.0	0.0
1711	2628854.4	1104837.763	2710.4399	2628854.4	1104837.763	2710.4399	0.0	0.0
1712	2628854.4	1104837.763	2710.4399	2628854.4	1104837.763	2710.4399	0.0	0.0
1713	2628854.4	1104837.763	2710.4399	2628854.4	1104837.763	2710.4399	0.0	0.0
1714	2628854.4	1104837.763	2710.4399	2628854.4	1104837.763	2710.4399	0.0	0.0
1724	2628815.298	1104888.582	2673.176	2628815.298	1104888.582	2673.176	0.0	0.0
1725	2628799.37	1104922.815	2642.4641	2628799.37	1104922.815	2642.4641	0.0	0.0
1726	2628799.37	1104922.815	2642.4641	2628799.37	1104922.815	2642.4641	0.0	0.0
1727	2628795.204	1104930.541	2636.0891	2628795.204	1104930.541	2636.0891	0.0	0.0
1728	2628785.127	1104944.916	2622.812	2628785.127	1104944.916	2622.812	0.0	0.0
1729	2628763.744	1104977.947	2596.0569	2628763.744	1104977.947	2596.0569	0.0	0.0
1730	2628763.744	1104977.947	2596.0569	2628763.744	1104977.947	2596.0569	0.0	0.0
1731	2628762.238	1104980.386	2593.0991	2628762.238	1104980.386	2593.0991	0.0	0.0
1743	2628558.823	1105057.655	2462.2	2628558.816	1105057.462	2462.2	0.19312690124631	0.0275895573209014
1744	2628541.0551	1105065.99	2459.3359	2628540.554	1105065.702	2459.4509	0.5892963685283635	0.0841851955040519
1745	2628515.723	1105069.575	2449.876	2628515.3879	1105069.472	2449.9199	0.3533103736799062	0.0504729105257008
1748	2628383.466	1105057.319	2395.6541	2628383.466	1105057.319	2395.6541	0.0	0.0
1751	2628256.318	1105056.258	2342.6709	2628255.464	1105056.269	2342.5569	0.8616455185817666	0.1230922169402523
1752	2628236.817	1105065.895	2338.406	2628236.817	1105065.895	2338.406	0.0	0.0
1753	2628229.799	1105088.381	2319.936	2628229.799	1105088.381	2319.936	0.0	0.0
1754	2628224.613	1105106.068	2306.644	2628224.613	1105106.068	2306.644	0.0	0.0
1755	2628854.4	1104837.763	2710.4399	2628854.4	1104837.763	2710.4399	0.0	0.0
1756	2628854.4	1104837.763	2710.4399	2628854.4	1104837.763	2710.4399	0.0	0.0
1757	2628854.4	1104837.763	2710.4399	2628854.4	1104837.763	2710.4399	0.0	0.0
1758	2628854.4	1104837.763	2710.4399	2628854.4	1104837.763	2710.4399	0.0	0.0
1769	2628815.298	1104888.582	2673.176	2628815.298	1104888.582	2673.176	0.0	0.0
1770	2628799.37	1104922.815	2642.4641	2628799.37	1104922.815	2642.4641	0.0	0.0
1771	2628799.37	1104922.815	2642.4641	2628799.37	1104922.815	2642.4641	0.0	0.0
1772	2628795.057	1104930.785	2635.99	2628795.057	1104930.785	2635.99	0.0	0.0
1773	2628785.127	1104944.916	2622.812	2628785.127	1104944.916	2622.812	0.0	0.0
1774	2628778.985	1104955.106	2615.1101	2628779.0341	1104954.956	2615.22	0.1923247773083406	0.0274749681869058
1775	2628763.744	1104977.947	2596.0569	2628763.744	1104977.947	2596.0569	0.0	0.0
1789	2628555.204	1105074.848	2453.8159	2628555.204	1105074.848	2453.8159	0.0	0.0
1790	2628533.8929	1105081.519	2448.094	2628533.509	1105081.315	2448.126	0.4359119290538931	0.0622731327219847
1791	2628506.861	1105084.37	2438.04	2628507.563	1105084.392	2438.282	0.7428674175536577	0.1061239167933796
1794	2628376.796	1105072.915	2381.3679	2628376.678	1105072.764	2381.5569	0.2691579463441932	0.0384511351920276
1797	2628247.712	1105074.851	2329.73	2628247.712	1105074.851	2329.73	0.0	0.0
1798	2628229.799	1105088.381	2319.936	2628229.799	1105088.381	2319.936	0.0	0.0
1799	2628224.613	1105106.068	2306.644	2628224.613	1105106.068	2306.644	0.0	0.0
1800	2628854.4	1104837.763	2710.4399	2628854.4	1104837.763	2710.4399	0.0	0.0
1801	2628854.4	1104837.763	2710.4399	2628854.4	1104837.763	2710.4399	0.0	0.0
1802	2628854.4	1104837.763	2710.4399	2628854.4	1104837.763	2710.4399	0.0	0.0
1803	2628854.4	1104837.763	2710.4399	2628854.4	1104837.763	2710.4399	0.0	0.0
1814	2628815.298	1104888.582	2673.176	2628815.298	1104888.582	2673.176	0.0	0.0
1815	2628799.37	1104922.815	2642.4641	2628799.37	1104922.815	2642.4641	0.0	0.0
1816	2628799.37	1104922.815	2642.4641	2628799.37	1104922.815	2642.4641	0.0	0.0
1817	2628795.204	1104930.541	2636.0891	2628795.204	1104930.541	2636.0891	0.0	0.0
1818	2628785.127	1104944.916	2622.812	2628785.127	1104944.916	2622.812	0.0	0.0
1819	2628763.744	1104977.947	2596.0569	2628763.744	1104977.947	2596.0569	0.0	0.0
1820	2628763.744	1104977.947	2596.0569	2628763.744	1104977.947	2596.0569	0.0	0.0
1835	2628547.548	1105091.841	2443.137	2628547.548	1105091.841	2443.137	0.0	0.0
1836	2628530.335	1105099.173	2438.916	2628530.094	1105099.012	2438.8899	0.2910037970767968	0.0415719710109709
1837	2628497.126	1105099.031	2425.272	2628497.126	1105099.031	2425.272	0.0	0.0
1838	2628466.886	1105102.442	2413.415	2628466.5031	1105102.221	2413.293	0.4586255663660017	0.0655179380522859
1839	2628408.688	1105091.473	2384.7949	2628407.829	1105091.106	2384.563	0.9624695373658252	0.1374956481951178
1840	2628360.012	1105086.914	2363.8411	2628359.595	1105086.743	2363.8259	0.4509556962127206	0.0644222423161029
1842	2628269.676	1105086.2	2325.5591	2628269.676	1105086.2	2325.5591	0.0	0.0
1843	2628237.686	1105093.79	2314.6321	2628237.686	1105093.79	2314.6321	0.0	0.0
1844	2628224.613	1105106.068	2306.644	2628224.613	1105106.068	2306.644	0.0	0.0
1845	2628854.4	1104837.763	2710.4399	2628854.4	1104837.763	2710.4399	0.0	0.0
1846	2628854.4	1104837.763	2710.4399	2628854.4	1104837.763	2710.4399	0.0	0.0
1847	2628854.4	1104837.763	2710.4399	2628854.4	1104837.763	2710.4399	0.0	0.0
1860	2628799.37	1104922.815	2642.4641	2628799.37	1104922.815	2642.4641	0.0	0.0
1861	2628799.37	1104922.815	2642.4641	2628799.37	1104922.815	2642.4641	0.0	0.0
1881	2628543.274	1105107.561	2433.1379	2628543.912	1105107.331	2433.2729	0.6914976498437533	0.0987853785491076
1882	2628524.9041	1105115.564	2429.417	2628524.9041	1105115.564	2429.417	0.0	0.0
1883	2628494.8719	1105117.677	2416.8621	2628495.915	1105117.878	2417.2261	1.1229223525359742	0.1604174789337105
1884	2628459.897	1105118.962	2402.5039	2628459.772	1105118.902	2402.5029	0.1386578523081398	0.0198082646154485
1885	2628391.824	1105104.189	2367.0779	2628391.097	1105103.89	2367.0371	0.7871433414595326	0.1124490487799332
1888	2628259.486	1105105.365	2310.9341	2628259.019	1105105.11	2310.918	0.532328103813813	0.0760468719734018
1889	2628229.18	1105113.246	2301.916	2628228.794	1105113.495	2301.771	0.4816866201051271	0.0688123743007324
1890	2628854.4	1104837.763	2710.4399	2628854.4	1104837.763	2710.4399	0.0	0.0
1891	2628854.4	1104837.763	2710.4399	2628854.4	1104837.763	2710.4399	0.0	0.0
1892	2628854.4	1104837.763	2710.4399	2628854.4	1104837.763	2710.4399	0.0	0.0
1905	2628799.37	1104922.815	2642.4641	2628799.37	1104922.815	2642.4641	0.0	0.0
1909	2628763.744	1104977.947	2596.0569	2628763.744	1104977.947	2596.0569	0.0	0.0
1927	2628534.359	1105122.078	2420.8279	2628534.359	1105122.078	2420.8279	0.0	0.0
1928	2628517.188	1105131.809	2417.481	2628517.188	1105131.809	2417.481	0.0	0.0
1929	2628489.033	1105134.491	2406.4939	2628489.033	1105134.491	2406.4939	0.0	0.0
1930	2628451.905	1105134.711	2390.9939	2628450.675	1105133.98	2390.3101	1.5858257911340403	0.2265465415905772
1934	2628252.508	1105124.237	2297.4241	2628252.181	1105124.092	2297.5171	0.3695984307827154	0.0527997758261022
1935	2628854.4	1104837.763	2710.4399	2628854.4	1104837.763	2710.4399	0.0	0.0
1936	2628854.4	1104837.763	2710.4399	2628854.4	1104837.763	2710.4399	0.0	0.0
1937	2628854.4	1104837.763	2710.4399	2628854.4	1104837.763	2710.4399	0.0	0.0
1973	2628519.755	1105134.613	2405.844	2628520.38	1105134.342	2406.655	1.0591444660540807	0.1513063522934401
1974	2628510.691	1105146.43	2406.6841	2628510.691	1105146.43	2406.6841	0.0	0.0
1975	2628478.049	1105147.993	2392.7939	2628478.049	1105147.993	2392.7939	0.0	0.0
1976	2628454.311	1105154.987	2385.2151	2628454.1	1105154.944	2385.356	0.2573379296936025	0.0367625613848003
1977	2628373.094	1105137.045	2341.0591	2628373.094	1105137.045	2341.0591	0.0	0.0
1980	2628854.4	1104837.763	2710.4399	2628854.4	1104837.763	2710.4399	0.0	0.0
1981	2628854.4	1104837.763	2710.4399	2628854.4	1104837.763	2710.4399	0.0	0.0
2019	2628517.095	1105150.276	2400.6709	2628517.095	1105150.276	2400.6709	0.0	0.0
2020	2628494.578	1105157.143	2391.3579	2628494.578	1105157.143	2391.3579	0.0	0.0
2021	2628465.535	1105161.224	2378.8811	2628465.535	1105161.224	2378.8811	0.0	0.0
2022	2628449.188	1105172.343	2374.97	2628449.188	1105172.343	2374.97	0.0	0.0
2023	2628378.623	1105159.653	2337.803	2628383.862	1105161.826	2340.9829	6.502369876469243	0.928909982352749
