ID	X_x	Y_x	Z_x	X_y	Y_y	Z_y	Distances	Velocity
10	2628632.103	1104505.282	2802.4541	2628632.103	1104505.282	2802.4541	0.0	0.0
11	2628632.103	1104505.282	2802.4541	2628632.103	1104505.282	2802.4541	0.0	0.0
12	2628632.103	1104505.282	2802.4541	2628632.103	1104505.282	2802.4541	0.0	0.0
13	2628632.103	1104505.282	2802.4541	2628632.103	1104505.282	2802.4541	0.0	0.0
14	2628564.757	1104513.436	2769.6909	2628564.757	1104513.436	2769.6909	0.0	0.0
15	2628564.757	1104513.436	2769.6909	2628564.757	1104513.436	2769.6909	0.0	0.0
16	2628564.757	1104513.436	2769.6909	2628564.757	1104513.436	2769.6909	0.0	0.0
17	2628564.757	1104513.436	2769.6909	2628564.757	1104513.436	2769.6909	0.0	0.0
18	2628564.757	1104513.436	2769.6909	2628564.757	1104513.436	2769.6909	0.0	0.0
19	2628564.757	1104513.436	2769.6909	2628564.757	1104513.436	2769.6909	0.0	0.0
20	2628564.757	1104513.436	2769.6909	2628564.757	1104513.436	2769.6909	0.0	0.0
21	2628442.646	1104630.67	2666.2451	2628442.646	1104630.67	2666.2451	0.0	0.0
22	2628425.899	1104658.338	2643.72	2628425.899	1104658.338	2643.72	0.0	0.0
23	2628419.439	1104670.181	2637.4299	2628419.439	1104670.181	2637.4299	0.0	0.0
24	2628419.439	1104670.181	2637.4299	2628419.439	1104670.181	2637.4299	0.0	0.0
25	2628396.415	1104727.809	2590.585	2628396.415	1104727.809	2590.585	0.0	0.0
26	2628397.009	1104733.501	2587.8831	2628397.009	1104733.501	2587.8831	0.0	0.0
27	2628397.009	1104733.501	2587.8831	2628397.009	1104733.501	2587.8831	0.0	0.0
28	2628397.009	1104733.501	2587.8831	2628397.009	1104733.501	2587.8831	0.0	0.0
29	2628397.009	1104733.501	2587.8831	2628397.009	1104733.501	2587.8831	0.0	0.0
30	2628397.009	1104733.501	2587.8831	2628397.009	1104733.501	2587.8831	0.0	0.0
31	2628397.009	1104733.501	2587.8831	2628397.009	1104733.501	2587.8831	0.0	0.0
32	2628397.009	1104733.501	2587.8831	2628397.009	1104733.501	2587.8831	0.0	0.0
33	2628373.755	1104923.795	2462.929	2628373.755	1104923.795	2462.929	0.0	0.0
55	2628632.103	1104505.282	2802.4541	2628632.103	1104505.282	2802.4541	0.0	0.0
56	2628632.103	1104505.282	2802.4541	2628632.103	1104505.282	2802.4541	0.0	0.0
57	2628632.103	1104505.282	2802.4541	2628632.103	1104505.282	2802.4541	0.0	0.0
58	2628632.103	1104505.282	2802.4541	2628632.103	1104505.282	2802.4541	0.0	0.0
59	2628564.757	1104513.436	2769.6909	2628564.757	1104513.436	2769.6909	0.0	0.0
60	2628564.757	1104513.436	2769.6909	2628564.757	1104513.436	2769.6909	0.0	0.0
61	2628564.757	1104513.436	2769.6909	2628564.757	1104513.436	2769.6909	0.0	0.0
62	2628564.757	1104513.436	2769.6909	2628564.757	1104513.436	2769.6909	0.0	0.0
63	2628564.757	1104513.436	2769.6909	2628564.757	1104513.436	2769.6909	0.0	0.0
64	2628564.757	1104513.436	2769.6909	2628564.757	1104513.436	2769.6909	0.0	0.0
65	2628564.757	1104513.436	2769.6909	2628564.757	1104513.436	2769.6909	0.0	0.0
66	2628564.757	1104513.436	2769.6909	2628564.757	1104513.436	2769.6909	0.0	0.0
67	2628427.089	1104662.762	2642.6919	2628427.089	1104662.762	2642.6919	0.0	0.0
68	2628419.439	1104670.181	2637.4299	2628419.439	1104670.181	2637.4299	0.0	0.0
69	2628419.439	1104670.181	2637.4299	2628419.439	1104670.181	2637.4299	0.0	0.0
70	2628395.987	1104719.162	2600.8081	2628395.987	1104719.162	2600.8081	0.0	0.0
71	2628397.009	1104733.501	2587.8831	2628397.009	1104733.501	2587.8831	0.0	0.0
72	2628397.009	1104733.501	2587.8831	2628397.009	1104733.501	2587.8831	0.0	0.0
73	2628397.009	1104733.501	2587.8831	2628397.009	1104733.501	2587.8831	0.0	0.0
74	2628397.009	1104733.501	2587.8831	2628397.009	1104733.501	2587.8831	0.0	0.0
75	2628397.009	1104733.501	2587.8831	2628397.009	1104733.501	2587.8831	0.0	0.0
76	2628397.009	1104733.501	2587.8831	2628397.009	1104733.501	2587.8831	0.0	0.0
77	2628397.009	1104733.501	2587.8831	2628397.009	1104733.501	2587.8831	0.0	0.0
78	2628362.306	1104925.207	2455.061	2628362.306	1104925.207	2455.061	0.0	0.0
100	2628632.103	1104505.282	2802.4541	2628632.103	1104505.282	2802.4541	0.0	0.0
101	2628632.103	1104505.282	2802.4541	2628632.103	1104505.282	2802.4541	0.0	0.0
102	2628632.103	1104505.282	2802.4541	2628632.103	1104505.282	2802.4541	0.0	0.0
103	2628632.103	1104505.282	2802.4541	2628632.103	1104505.282	2802.4541	0.0	0.0
104	2628564.757	1104513.436	2769.6909	2628564.757	1104513.436	2769.6909	0.0	0.0
105	2628564.757	1104513.436	2769.6909	2628564.757	1104513.436	2769.6909	0.0	0.0
106	2628564.757	1104513.436	2769.6909	2628564.757	1104513.436	2769.6909	0.0	0.0
107	2628564.757	1104513.436	2769.6909	2628564.757	1104513.436	2769.6909	0.0	0.0
108	2628564.757	1104513.436	2769.6909	2628564.757	1104513.436	2769.6909	0.0	0.0
109	2628564.757	1104513.436	2769.6909	2628564.757	1104513.436	2769.6909	0.0	0.0
110	2628564.757	1104513.436	2769.6909	2628564.757	1104513.436	2769.6909	0.0	0.0
111	2628564.757	1104513.436	2769.6909	2628564.757	1104513.436	2769.6909	0.0	0.0
112	2628425.375	1104659.975	2642.7649	2628425.335	1104659.413	2642.979	0.6027294668194262	0.0861042095456323
113	2628419.439	1104670.181	2637.4299	2628419.439	1104670.181	2637.4299	0.0	0.0
114	2628419.439	1104670.181	2637.4299	2628419.439	1104670.181	2637.4299	0.0	0.0
115	2628397.839	1104723.888	2595.6021	2628396.415	1104727.809	2590.585	6.524822557679591	0.9321175082399416
116	2628397.009	1104733.501	2587.8831	2628397.009	1104733.501	2587.8831	0.0	0.0
117	2628397.009	1104733.501	2587.8831	2628397.009	1104733.501	2587.8831	0.0	0.0
118	2628397.009	1104733.501	2587.8831	2628397.009	1104733.501	2587.8831	0.0	0.0
119	2628397.009	1104733.501	2587.8831	2628397.009	1104733.501	2587.8831	0.0	0.0
120	2628397.009	1104733.501	2587.8831	2628397.009	1104733.501	2587.8831	0.0	0.0
121	2628397.009	1104733.501	2587.8831	2628397.009	1104733.501	2587.8831	0.0	0.0
122	2628397.009	1104733.501	2587.8831	2628397.009	1104733.501	2587.8831	0.0	0.0
123	2628373.755	1104923.795	2462.929	2628373.882	1104923.436	2463.2261	0.4829890371830392	0.0689984338832913
144	2628632.103	1104505.282	2802.4541	2628633.343	1104504.229	2802.907	1.6886466205403468	0.2412352315057638
145	2628632.103	1104505.282	2802.4541	2628632.103	1104505.282	2802.4541	0.0	0.0
146	2628632.103	1104505.282	2802.4541	2628632.103	1104505.282	2802.4541	0.0	0.0
147	2628632.103	1104505.282	2802.4541	2628632.103	1104505.282	2802.4541	0.0	0.0
148	2628632.103	1104505.282	2802.4541	2628632.103	1104505.282	2802.4541	0.0	0.0
149	2628564.757	1104513.436	2769.6909	2628564.757	1104513.436	2769.6909	0.0	0.0
150	2628564.757	1104513.436	2769.6909	2628564.757	1104513.436	2769.6909	0.0	0.0
151	2628564.757	1104513.436	2769.6909	2628564.757	1104513.436	2769.6909	0.0	0.0
152	2628564.757	1104513.436	2769.6909	2628564.757	1104513.436	2769.6909	0.0	0.0
153	2628564.757	1104513.436	2769.6909	2628564.757	1104513.436	2769.6909	0.0	0.0
155	2628564.757	1104513.436	2769.6909	2628564.757	1104513.436	2769.6909	0.0	0.0
156	2628442.646	1104630.67	2666.2451	2628442.646	1104630.67	2666.2451	0.0	0.0
157	2628427.089	1104662.762	2642.6919	2628427.089	1104662.762	2642.6919	0.0	0.0
158	2628419.439	1104670.181	2637.4299	2628419.439	1104670.181	2637.4299	0.0	0.0
159	2628419.439	1104670.181	2637.4299	2628419.439	1104670.181	2637.4299	0.0	0.0
160	2628419.439	1104670.181	2637.4299	2628419.439	1104670.181	2637.4299	0.0	0.0
161	2628397.009	1104733.501	2587.8831	2628397.009	1104733.501	2587.8831	0.0	0.0
162	2628397.009	1104733.501	2587.8831	2628397.009	1104733.501	2587.8831	0.0	0.0
163	2628397.009	1104733.501	2587.8831	2628397.009	1104733.501	2587.8831	0.0	0.0
164	2628397.009	1104733.501	2587.8831	2628397.009	1104733.501	2587.8831	0.0	0.0
165	2628397.009	1104733.501	2587.8831	2628397.009	1104733.501	2587.8831	0.0	0.0
166	2628397.009	1104733.501	2587.8831	2628397.009	1104733.501	2587.8831	0.0	0.0
167	2628397.009	1104733.501	2587.8831	2628397.009	1104733.501	2587.8831	0.0	0.0
168	2628373.755	1104923.795	2462.929	2628373.755	1104923.795	2462.929	0.0	0.0
190	2628632.103	1104505.282	2802.4541	2628632.103	1104505.282	2802.4541	0.0	0.0
191	2628632.103	1104505.282	2802.4541	2628632.103	1104505.282	2802.4541	0.0	0.0
192	2628632.103	1104505.282	2802.4541	2628632.103	1104505.282	2802.4541	0.0	0.0
193	2628564.757	1104513.436	2769.6909	2628564.757	1104513.436	2769.6909	0.0	0.0
194	2628564.757	1104513.436	2769.6909	2628564.757	1104513.436	2769.6909	0.0	0.0
195	2628564.757	1104513.436	2769.6909	2628564.757	1104513.436	2769.6909	0.0	0.0
196	2628564.757	1104513.436	2769.6909	2628564.757	1104513.436	2769.6909	0.0	0.0
197	2628564.757	1104513.436	2769.6909	2628564.757	1104513.436	2769.6909	0.0	0.0
198	2628564.757	1104513.436	2769.6909	2628564.757	1104513.436	2769.6909	0.0	0.0
200	2628564.757	1104513.436	2769.6909	2628564.757	1104513.436	2769.6909	0.0	0.0
201	2628442.646	1104630.67	2666.2451	2628442.646	1104630.67	2666.2451	0.0	0.0
202	2628428.046	1104663.164	2643.2561	2628427.089	1104662.762	2642.6919	1.1814290668002765	0.168775580971468
203	2628419.439	1104670.181	2637.4299	2628419.439	1104670.181	2637.4299	0.0	0.0
204	2628419.439	1104670.181	2637.4299	2628419.439	1104670.181	2637.4299	0.0	0.0
205	2628399.423	1104728.827	2591.457	2628396.415	1104727.809	2590.585	3.2931401427517204	0.4704485918216743
206	2628397.009	1104733.501	2587.8831	2628397.009	1104733.501	2587.8831	0.0	0.0
207	2628397.009	1104733.501	2587.8831	2628397.009	1104733.501	2587.8831	0.0	0.0
208	2628397.009	1104733.501	2587.8831	2628397.009	1104733.501	2587.8831	0.0	0.0
209	2628397.009	1104733.501	2587.8831	2628397.009	1104733.501	2587.8831	0.0	0.0
210	2628397.009	1104733.501	2587.8831	2628397.009	1104733.501	2587.8831	0.0	0.0
211	2628397.009	1104733.501	2587.8831	2628397.009	1104733.501	2587.8831	0.0	0.0
212	2628397.009	1104733.501	2587.8831	2628397.009	1104733.501	2587.8831	0.0	0.0
213	2628373.755	1104923.795	2462.929	2628374.258	1104922.794	2464.001	1.550546355285294	0.2215066221836134
214	2628362.306	1104925.207	2455.061	2628362.306	1104925.207	2455.061	0.0	0.0
235	2628632.103	1104505.282	2802.4541	2628632.103	1104505.282	2802.4541	0.0	0.0
236	2628632.103	1104505.282	2802.4541	2628632.103	1104505.282	2802.4541	0.0	0.0
237	2628632.103	1104505.282	2802.4541	2628632.103	1104505.282	2802.4541	0.0	0.0
238	2628564.757	1104513.436	2769.6909	2628564.757	1104513.436	2769.6909	0.0	0.0
239	2628564.757	1104513.436	2769.6909	2628564.757	1104513.436	2769.6909	0.0	0.0
240	2628564.757	1104513.436	2769.6909	2628564.757	1104513.436	2769.6909	0.0	0.0
241	2628564.757	1104513.436	2769.6909	2628564.757	1104513.436	2769.6909	0.0	0.0
242	2628564.757	1104513.436	2769.6909	2628564.757	1104513.436	2769.6909	0.0	0.0
245	2628451.606	1104622.899	2670.5449	2628450.246	1104623.759	2669.917	1.727269061579029	0.2467527230827184
246	2628442.646	1104630.67	2666.2451	2628442.646	1104630.67	2666.2451	0.0	0.0
247	2628426.071	1104659.034	2643.5779	2628425.375	1104659.975	2642.7649	1.4250845589642387	0.2035835084234626
248	2628419.439	1104670.181	2637.4299	2628419.439	1104670.181	2637.4299	0.0	0.0
249	2628419.439	1104670.181	2637.4299	2628419.439	1104670.181	2637.4299	0.0	0.0
250	2628397.569	1104723.089	2596.342	2628399.492	1104728.371	2591.7991	7.227405717898482	1.0324865311283546
251	2628397.009	1104733.501	2587.8831	2628397.009	1104733.501	2587.8831	0.0	0.0
252	2628397.009	1104733.501	2587.8831	2628397.009	1104733.501	2587.8831	0.0	0.0
253	2628397.009	1104733.501	2587.8831	2628397.009	1104733.501	2587.8831	0.0	0.0
254	2628397.009	1104733.501	2587.8831	2628397.009	1104733.501	2587.8831	0.0	0.0
255	2628397.009	1104733.501	2587.8831	2628397.009	1104733.501	2587.8831	0.0	0.0
256	2628397.009	1104733.501	2587.8831	2628397.009	1104733.501	2587.8831	0.0	0.0
257	2628397.009	1104733.501	2587.8831	2628397.009	1104733.501	2587.8831	0.0	0.0
258	2628397.009	1104733.501	2587.8831	2628397.009	1104733.501	2587.8831	0.0	0.0
279	2628634.799	1104502.441	2803.655	2628634.98	1104503.46	2803.562	1.0391203008580934	0.1484457572654419
280	2628632.103	1104505.282	2802.4541	2628632.103	1104505.282	2802.4541	0.0	0.0
281	2628632.103	1104505.282	2802.4541	2628632.103	1104505.282	2802.4541	0.0	0.0
282	2628581.953	1104515.039	2777.5691	2628582.079	1104515.862	2777.4021	0.8491725382341765	0.1213103626048823
283	2628564.757	1104513.436	2769.6909	2628564.757	1104513.436	2769.6909	0.0	0.0
284	2628564.757	1104513.436	2769.6909	2628564.757	1104513.436	2769.6909	0.0	0.0
285	2628564.757	1104513.436	2769.6909	2628564.757	1104513.436	2769.6909	0.0	0.0
286	2628564.757	1104513.436	2769.6909	2628564.757	1104513.436	2769.6909	0.0	0.0
287	2628564.757	1104513.436	2769.6909	2628564.757	1104513.436	2769.6909	0.0	0.0
290	2628451.744	1104622.112	2670.761	2628451.4919	1104622.211	2670.699	0.2778478181768077	0.0396925454538296
291	2628442.646	1104630.67	2666.2451	2628442.646	1104630.67	2666.2451	0.0	0.0
292	2628428.046	1104663.164	2643.2561	2628428.046	1104663.164	2643.2561	0.0	0.0
293	2628419.439	1104670.181	2637.4299	2628419.439	1104670.181	2637.4299	0.0	0.0
294	2628419.439	1104670.181	2637.4299	2628419.439	1104670.181	2637.4299	0.0	0.0
295	2628399.423	1104728.827	2591.457	2628399.423	1104728.827	2591.457	0.0	0.0
296	2628397.009	1104733.501	2587.8831	2628397.009	1104733.501	2587.8831	0.0	0.0
297	2628397.009	1104733.501	2587.8831	2628397.009	1104733.501	2587.8831	0.0	0.0
298	2628397.009	1104733.501	2587.8831	2628397.009	1104733.501	2587.8831	0.0	0.0
299	2628397.009	1104733.501	2587.8831	2628397.009	1104733.501	2587.8831	0.0	0.0
300	2628397.009	1104733.501	2587.8831	2628397.009	1104733.501	2587.8831	0.0	0.0
301	2628397.009	1104733.501	2587.8831	2628397.009	1104733.501	2587.8831	0.0	0.0
302	2628397.009	1104733.501	2587.8831	2628397.009	1104733.501	2587.8831	0.0	0.0
303	2628397.009	1104733.501	2587.8831	2628397.009	1104733.501	2587.8831	0.0	0.0
325	2628632.103	1104505.282	2802.4541	2628632.103	1104505.282	2802.4541	0.0	0.0
326	2628632.103	1104505.282	2802.4541	2628632.103	1104505.282	2802.4541	0.0	0.0
327	2628584.012	1104514.821	2778.6101	2628584.207	1104516.514	2778.25	1.7418226114715645	0.2488318016387949
328	2628564.757	1104513.436	2769.6909	2628564.757	1104513.436	2769.6909	0.0	0.0
329	2628564.757	1104513.436	2769.6909	2628564.757	1104513.436	2769.6909	0.0	0.0
330	2628564.757	1104513.436	2769.6909	2628564.757	1104513.436	2769.6909	0.0	0.0
331	2628564.757	1104513.436	2769.6909	2628564.757	1104513.436	2769.6909	0.0	0.0
335	2628450.246	1104623.759	2669.917	2628449.926	1104622.86	2669.9399	0.9545288941929266	0.1363612705989895
336	2628442.646	1104630.67	2666.2451	2628442.646	1104630.67	2666.2451	0.0	0.0
337	2628428.046	1104663.164	2643.2561	2628427.089	1104662.762	2642.6919	1.1814290668002765	0.168775580971468
338	2628419.439	1104670.181	2637.4299	2628419.439	1104670.181	2637.4299	0.0	0.0
339	2628419.439	1104670.181	2637.4299	2628419.439	1104670.181	2637.4299	0.0	0.0
340	2628397.569	1104723.089	2596.342	2628397.839	1104723.888	2595.6021	1.1219416251279084	0.1602773750182726
341	2628397.009	1104733.501	2587.8831	2628397.009	1104733.501	2587.8831	0.0	0.0
342	2628397.009	1104733.501	2587.8831	2628397.009	1104733.501	2587.8831	0.0	0.0
343	2628397.009	1104733.501	2587.8831	2628397.009	1104733.501	2587.8831	0.0	0.0
344	2628397.009	1104733.501	2587.8831	2628397.009	1104733.501	2587.8831	0.0	0.0
345	2628397.009	1104733.501	2587.8831	2628397.009	1104733.501	2587.8831	0.0	0.0
346	2628397.009	1104733.501	2587.8831	2628397.009	1104733.501	2587.8831	0.0	0.0
347	2628397.009	1104733.501	2587.8831	2628397.009	1104733.501	2587.8831	0.0	0.0
348	2628373.755	1104923.795	2462.929	2628373.755	1104923.795	2462.929	0.0	0.0
370	2628632.103	1104505.282	2802.4541	2628632.103	1104505.282	2802.4541	0.0	0.0
372	2628581.111	1104517.72	2776.7949	2628580.688	1104517.852	2776.6931	0.454660576644364	0.0649515109491948
373	2628564.757	1104513.436	2769.6909	2628564.757	1104513.436	2769.6909	0.0	0.0
374	2628564.757	1104513.436	2769.6909	2628564.757	1104513.436	2769.6909	0.0	0.0
375	2628535.0601	1104534.28	2746.2639	2628535.0601	1104534.28	2746.2639	0.0	0.0
380	2628451.606	1104622.899	2670.5449	2628450.246	1104623.759	2669.917	1.727269061579029	0.2467527230827184
381	2628442.646	1104630.67	2666.2451	2628442.646	1104630.67	2666.2451	0.0	0.0
382	2628427.089	1104662.762	2642.6919	2628425.375	1104659.975	2642.7649	3.272689108452852	0.4675270154932645
383	2628419.439	1104670.181	2637.4299	2628419.439	1104670.181	2637.4299	0.0	0.0
384	2628419.439	1104670.181	2637.4299	2628419.439	1104670.181	2637.4299	0.0	0.0
385	2628399.492	1104728.371	2591.7991	2628399.423	1104728.827	2591.457	0.5742206980106247	0.0820315282872321
386	2628397.009	1104733.501	2587.8831	2628397.009	1104733.501	2587.8831	0.0	0.0
387	2628397.009	1104733.501	2587.8831	2628397.009	1104733.501	2587.8831	0.0	0.0
388	2628397.009	1104733.501	2587.8831	2628397.009	1104733.501	2587.8831	0.0	0.0
389	2628397.009	1104733.501	2587.8831	2628397.009	1104733.501	2587.8831	0.0	0.0
390	2628397.009	1104733.501	2587.8831	2628397.009	1104733.501	2587.8831	0.0	0.0
391	2628397.009	1104733.501	2587.8831	2628397.009	1104733.501	2587.8831	0.0	0.0
392	2628397.009	1104733.501	2587.8831	2628397.009	1104733.501	2587.8831	0.0	0.0
393	2628373.755	1104923.795	2462.929	2628373.755	1104923.795	2462.929	0.0	0.0
415	2628628.115	1104516.166	2797.751	2628627.969	1104517.251	2797.2151	1.218905168572517	0.1741293097960738
417	2628584.207	1104516.514	2778.25	2628581.953	1104515.039	2777.5691	2.77844665385984	0.3969209505514057
418	2628564.757	1104513.436	2769.6909	2628564.757	1104513.436	2769.6909	0.0	0.0
419	2628564.757	1104513.436	2769.6909	2628564.757	1104513.436	2769.6909	0.0	0.0
420	2628535.0601	1104534.28	2746.2639	2628535.0601	1104534.28	2746.2639	0.0	0.0
425	2628450.577	1104622.966	2670.1699	2628449.479	1104623.568	2669.603	1.3745485114950151	0.1963640730707164
426	2628442.646	1104630.67	2666.2451	2628442.646	1104630.67	2666.2451	0.0	0.0
427	2628428.046	1104663.164	2643.2561	2628425.375	1104659.975	2642.7649	4.188703790023915	0.5983862557177021
428	2628419.439	1104670.181	2637.4299	2628419.439	1104670.181	2637.4299	0.0	0.0
429	2628419.439	1104670.181	2637.4299	2628419.439	1104670.181	2637.4299	0.0	0.0
430	2628396.891	1104721.998	2596.9529	2628397.569	1104723.089	2596.342	1.422379629510664	0.2031970899300948
431	2628397.009	1104733.501	2587.8831	2628397.009	1104733.501	2587.8831	0.0	0.0
432	2628397.009	1104733.501	2587.8831	2628397.009	1104733.501	2587.8831	0.0	0.0
433	2628397.009	1104733.501	2587.8831	2628397.009	1104733.501	2587.8831	0.0	0.0
434	2628397.009	1104733.501	2587.8831	2628397.009	1104733.501	2587.8831	0.0	0.0
435	2628397.009	1104733.501	2587.8831	2628397.009	1104733.501	2587.8831	0.0	0.0
436	2628397.009	1104733.501	2587.8831	2628397.009	1104733.501	2587.8831	0.0	0.0
437	2628397.009	1104733.501	2587.8831	2628397.009	1104733.501	2587.8831	0.0	0.0
438	2628373.755	1104923.795	2462.929	2628373.755	1104923.795	2462.929	0.0	0.0
450	2628919.111	1104680.182	2825.198	2628919.111	1104680.182	2825.198	0.0	0.0
451	2628895.533	1104665.049	2822.3911	2628895.533	1104665.049	2822.3911	0.0	0.0
452	2628875.938	1104657.907	2820.3069	2628875.459	1104658.155	2820.46	0.5607001073119176	0.0801000153302739
461	2628620.467	1104531.339	2784.8491	2628621.278	1104533.029	2783.655	2.222542645304832	0.3175060921864045
462	2628581.953	1104515.039	2777.5691	2628582.7	1104516.278	2777.729	1.4555748038255112	0.2079392576893587
463	2628566.198	1104527.13	2767.29	2628565.949	1104527.364	2766.9331	0.4940997976101633	0.0705856853728804
464	2628547.134	1104535.938	2753.623	2628547.134	1104535.938	2753.623	0.0	0.0
465	2628535.0601	1104534.28	2746.2639	2628535.0601	1104534.28	2746.2639	0.0	0.0
470	2628449.926	1104622.86	2669.9399	2628450.246	1104623.759	2669.917	0.9545288941929266	0.1363612705989895
471	2628442.646	1104630.67	2666.2451	2628442.646	1104630.67	2666.2451	0.0	0.0
472	2628428.046	1104663.164	2643.2561	2628428.046	1104663.164	2643.2561	0.0	0.0
473	2628419.439	1104670.181	2637.4299	2628419.439	1104670.181	2637.4299	0.0	0.0
474	2628419.439	1104670.181	2637.4299	2628419.439	1104670.181	2637.4299	0.0	0.0
475	2628399.423	1104728.827	2591.457	2628396.415	1104727.809	2590.585	3.2931401427517204	0.4704485918216743
476	2628397.009	1104733.501	2587.8831	2628397.009	1104733.501	2587.8831	0.0	0.0
477	2628397.009	1104733.501	2587.8831	2628397.009	1104733.501	2587.8831	0.0	0.0
478	2628397.009	1104733.501	2587.8831	2628397.009	1104733.501	2587.8831	0.0	0.0
479	2628397.009	1104733.501	2587.8831	2628397.009	1104733.501	2587.8831	0.0	0.0
480	2628397.009	1104733.501	2587.8831	2628397.009	1104733.501	2587.8831	0.0	0.0
481	2628397.009	1104733.501	2587.8831	2628397.009	1104733.501	2587.8831	0.0	0.0
482	2628397.009	1104733.501	2587.8831	2628397.009	1104733.501	2587.8831	0.0	0.0
483	2628373.755	1104923.795	2462.929	2628373.755	1104923.795	2462.929	0.0	0.0
495	2628928.854	1104699.716	2817.2891	2628928.624	1104699.627	2817.2009	0.2619164751923794	0.037416639313197
496	2628912.907	1104698.235	2815.146	2628912.504	1104697.967	2815.4819	0.5891195210055789	0.0841599315722255
497	2628892.91	1104690.361	2812.3081	2628891.7159	1104689.236	2812.4729	1.648835604271874	0.2355479434674105
498	2628869.3311	1104678.219	2808.1169	2628869.381	1104678.684	2808.033	0.4751360014351655	0.067876571633595
499	2628842.272	1104661.227	2803.9399	2628842.6169	1104661.949	2803.7271	0.8279636767600598	0.1182805252514371
507	2628610.808	1104552.68	2768.895	2628611.379	1104552.902	2768.7319	0.6339768213629261	0.0905681173375608
508	2628571.835	1104534.138	2762.8979	2628571.386	1104533.907	2763.002	0.5155567961798173	0.073650970882831
509	2628547.0439	1104532.764	2754.3711	2628546.499	1104533.209	2753.925	0.833034345127288	0.1190049064467554
510	2628535.0601	1104534.28	2746.2639	2628535.0601	1104534.28	2746.2639	0.0	0.0
515	2628449.479	1104623.568	2669.603	2628450.145	1104625.409	2669.5229	1.9594011866697536	0.2799144552385362
516	2628442.646	1104630.67	2666.2451	2628442.646	1104630.67	2666.2451	0.0	0.0
517	2628427.089	1104662.762	2642.6919	2628427.089	1104662.762	2642.6919	0.0	0.0
518	2628419.439	1104670.181	2637.4299	2628419.439	1104670.181	2637.4299	0.0	0.0
519	2628419.439	1104670.181	2637.4299	2628419.439	1104670.181	2637.4299	0.0	0.0
520	2628397.839	1104723.888	2595.6021	2628399.423	1104728.827	2591.457	6.639625818485032	0.9485179740692904
521	2628397.009	1104733.501	2587.8831	2628397.009	1104733.501	2587.8831	0.0	0.0
522	2628397.009	1104733.501	2587.8831	2628397.009	1104733.501	2587.8831	0.0	0.0
523	2628397.009	1104733.501	2587.8831	2628397.009	1104733.501	2587.8831	0.0	0.0
524	2628397.009	1104733.501	2587.8831	2628397.009	1104733.501	2587.8831	0.0	0.0
525	2628397.009	1104733.501	2587.8831	2628397.009	1104733.501	2587.8831	0.0	0.0
526	2628397.009	1104733.501	2587.8831	2628397.009	1104733.501	2587.8831	0.0	0.0
527	2628397.009	1104733.501	2587.8831	2628397.009	1104733.501	2587.8831	0.0	0.0
528	2628373.755	1104923.795	2462.929	2628373.755	1104923.795	2462.929	0.0	0.0
540	2628936.798	1104714.599	2806.8279	2628936.34	1104714.344	2806.7959	0.5251790171314413	0.0750255738759202
541	2628919.645	1104712.494	2805.7539	2628918.804	1104711.016	2806.301	1.786360380687209	0.2551943400981727
542	2628904.187	1104713.823	2802.9761	2628903.826	1104713.994	2802.9839	0.3995282718095941	0.0570754674013705
543	2628884.511	1104705.61	2801.6201	2628884.47	1104705.718	2801.3511	0.2927558709574343	0.0418222672796334
544	2628868.894	1104706.282	2799.1321	2628868.131	1104705.033	2799.51	1.511614504193963	0.2159449291705661
554	2628559.864	1104553.62	2745.5281	2628561.1479	1104554.627	2745.1321	1.679066469906514	0.2398666385580734
560	2628449.926	1104622.86	2669.9399	2628449.926	1104622.86	2669.9399	0.0	0.0
561	2628442.646	1104630.67	2666.2451	2628442.646	1104630.67	2666.2451	0.0	0.0
562	2628428.046	1104663.164	2643.2561	2628425.375	1104659.975	2642.7649	4.188703790023915	0.5983862557177021
563	2628419.439	1104670.181	2637.4299	2628419.439	1104670.181	2637.4299	0.0	0.0
564	2628419.439	1104670.181	2637.4299	2628419.439	1104670.181	2637.4299	0.0	0.0
565	2628399.492	1104728.371	2591.7991	2628399.492	1104728.371	2591.7991	0.0	0.0
566	2628397.009	1104733.501	2587.8831	2628397.009	1104733.501	2587.8831	0.0	0.0
567	2628397.009	1104733.501	2587.8831	2628397.009	1104733.501	2587.8831	0.0	0.0
568	2628397.009	1104733.501	2587.8831	2628397.009	1104733.501	2587.8831	0.0	0.0
569	2628397.009	1104733.501	2587.8831	2628397.009	1104733.501	2587.8831	0.0	0.0
570	2628397.009	1104733.501	2587.8831	2628397.009	1104733.501	2587.8831	0.0	0.0
571	2628397.009	1104733.501	2587.8831	2628397.009	1104733.501	2587.8831	0.0	0.0
572	2628397.009	1104733.501	2587.8831	2628397.009	1104733.501	2587.8831	0.0	0.0
573	2628373.755	1104923.795	2462.929	2628373.755	1104923.795	2462.929	0.0	0.0
585	2628933.653	1104721.39	2801.0249	2628933.653	1104721.39	2801.0249	0.0	0.0
586	2628928.219	1104729.509	2797.603	2628928.532	1104729.089	2798.0339	0.6782652948398272	0.0968950421199753
587	2628914.943	1104732.622	2795.262	2628914.057	1104731.493	2795.749	1.515521692288593	0.2165030988983704
588	2628898.5389	1104730.706	2792.8059	2628897.252	1104728.264	2792.77	2.7605732050893006	0.3943676007270429
589	2628878.2581	1104724.728	2790.1531	2628878.2581	1104724.728	2790.1531	0.0	0.0
590	2628859.696	1104720.56	2786.99	2628859.365	1104720.772	2786.8879	0.4061150204978488	0.0580164314996926
600	2628546.358	1104570.903	2730.4541	2628545.98	1104570.973	2729.96	0.6260341923798827	0.0894334560542689
604	2628464.1071	1104604.029	2678.562	2628462.684	1104601.901	2678.2209	2.582624018477154	0.3689462883538791
605	2628450.577	1104622.966	2670.1699	2628449.926	1104622.86	2669.9399	0.6985248743413546	0.0997892677630506
606	2628442.646	1104630.67	2666.2451	2628442.646	1104630.67	2666.2451	0.0	0.0
607	2628426.993	1104664.973	2642.1311	2628426.993	1104664.973	2642.1311	0.0	0.0
608	2628419.439	1104670.181	2637.4299	2628419.439	1104670.181	2637.4299	0.0	0.0
609	2628419.439	1104670.181	2637.4299	2628419.439	1104670.181	2637.4299	0.0	0.0
610	2628397.569	1104723.089	2596.342	2628397.839	1104723.888	2595.6021	1.1219416251279084	0.1602773750182726
611	2628397.009	1104733.501	2587.8831	2628397.009	1104733.501	2587.8831	0.0	0.0
612	2628397.009	1104733.501	2587.8831	2628397.009	1104733.501	2587.8831	0.0	0.0
613	2628397.009	1104733.501	2587.8831	2628397.009	1104733.501	2587.8831	0.0	0.0
614	2628397.009	1104733.501	2587.8831	2628397.009	1104733.501	2587.8831	0.0	0.0
615	2628397.009	1104733.501	2587.8831	2628397.009	1104733.501	2587.8831	0.0	0.0
616	2628397.009	1104733.501	2587.8831	2628397.009	1104733.501	2587.8831	0.0	0.0
617	2628397.009	1104733.501	2587.8831	2628397.009	1104733.501	2587.8831	0.0	0.0
618	2628367.316	1104925.994	2457.8611	2628367.316	1104925.994	2457.8611	0.0	0.0
630	2628933.653	1104721.39	2801.0249	2628933.653	1104721.39	2801.0249	0.0	0.0
631	2628928.219	1104729.509	2797.603	2628928.219	1104729.509	2797.603	0.0	0.0
632	2628919.36	1104742.907	2790.314	2628918.066	1104744.928	2788.897	2.786891817082349	0.3981274024403355
633	2628907.755	1104747.641	2785.4939	2628907.755	1104747.641	2785.4939	0.0	0.0
634	2628888.386	1104740.337	2783.1799	2628888.933	1104740.96	2782.908	0.8725065100954088	0.1246437871564869
635	2628869.775	1104737.199	2778.394	2628869.53	1104736.808	2778.634	0.5201019131890813	0.0743002733127259
636	2628845.938	1104724.911	2774.04	2628847.16	1104726.924	2774.196	2.3600400420980887	0.3371485774425841
637	2628818.639	1104707.974	2768.5649	2628818.512	1104708.234	2768.283	0.4039760017251083	0.0577108573893011
638	2628800.332	1104706.606	2766.72	2628799.7531	1104706.15	2766.98	0.7814481493345374	0.1116354499049339
646	2628533.675	1104587.0	2714.6169	2628532.6169	1104586.221	2714.821	1.3296892194047931	0.1899556027721133
650	2628451.642	1104618.978	2671.8779	2628451.348	1104621.237	2670.7939	2.522810535932672	0.3604015051332388
651	2628442.646	1104630.67	2666.2451	2628442.646	1104630.67	2666.2451	0.0	0.0
652	2628427.089	1104662.762	2642.6919	2628426.993	1104664.973	2642.1311	2.2830316773100274	0.326147382472861
653	2628419.439	1104670.181	2637.4299	2628419.439	1104670.181	2637.4299	0.0	0.0
654	2628419.439	1104670.181	2637.4299	2628419.439	1104670.181	2637.4299	0.0	0.0
655	2628397.839	1104723.888	2595.6021	2628399.492	1104728.371	2591.7991	6.106759124105374	0.872394160586482
656	2628397.009	1104733.501	2587.8831	2628397.009	1104733.501	2587.8831	0.0	0.0
657	2628397.009	1104733.501	2587.8831	2628397.009	1104733.501	2587.8831	0.0	0.0
658	2628397.009	1104733.501	2587.8831	2628397.009	1104733.501	2587.8831	0.0	0.0
659	2628397.009	1104733.501	2587.8831	2628397.009	1104733.501	2587.8831	0.0	0.0
660	2628397.009	1104733.501	2587.8831	2628397.009	1104733.501	2587.8831	0.0	0.0
661	2628397.009	1104733.501	2587.8831	2628397.009	1104733.501	2587.8831	0.0	0.0
662	2628397.009	1104733.501	2587.8831	2628397.009	1104733.501	2587.8831	0.0	0.0
663	2628373.755	1104923.795	2462.929	2628373.755	1104923.795	2462.929	0.0	0.0
675	2628933.653	1104721.39	2801.0249	2628933.653	1104721.39	2801.0249	0.0	0.0
676	2628919.934	1104742.132	2790.7839	2628919.934	1104742.132	2790.7839	0.0	0.0
677	2628919.36	1104742.907	2790.314	2628919.36	1104742.907	2790.314	0.0	0.0
678	2628911.276	1104754.943	2781.6379	2628911.276	1104754.943	2781.6379	0.0	0.0
679	2628899.7271	1104763.149	2772.894	2628899.2679	1104763.041	2773.083	0.5081826836213671	0.0725975262316238
680	2628877.588	1104750.362	2769.905	2628877.974	1104750.519	2769.678	0.4745250256759177	0.0677892893822739
681	2628858.389	1104745.655	2767.062	2628859.415	1104746.505	2767.1021	1.3329606182883902	0.19042294546977
682	2628831.802	1104727.904	2760.592	2628833.285	1104730.29	2760.5811	2.809342237915785	0.4013346054165407
683	2628810.634	1104723.657	2755.0239	2628810.674	1104723.611	2755.074	0.0789050694808526	0.0112721527829789
692	2628520.965	1104604.09	2699.968	2628521.661	1104605.005	2699.7109	1.1780243671659807	0.1682891953094258
694	2628461.759	1104604.189	2677.7629	2628462.046	1104604.817	2677.656	0.6986992271637457	0.0998141753091065
695	2628449.926	1104622.86	2669.9399	2628450.246	1104623.759	2669.917	0.9545288941929266	0.1363612705989895
696	2628442.646	1104630.67	2666.2451	2628442.646	1104630.67	2666.2451	0.0	0.0
697	2628427.089	1104662.762	2642.6919	2628427.089	1104662.762	2642.6919	0.0	0.0
698	2628419.439	1104670.181	2637.4299	2628419.439	1104670.181	2637.4299	0.0	0.0
699	2628419.439	1104670.181	2637.4299	2628419.439	1104670.181	2637.4299	0.0	0.0
700	2628397.839	1104723.888	2595.6021	2628399.423	1104728.827	2591.457	6.639625818485032	0.9485179740692904
701	2628397.009	1104733.501	2587.8831	2628397.009	1104733.501	2587.8831	0.0	0.0
702	2628397.009	1104733.501	2587.8831	2628397.009	1104733.501	2587.8831	0.0	0.0
703	2628397.009	1104733.501	2587.8831	2628397.009	1104733.501	2587.8831	0.0	0.0
704	2628397.009	1104733.501	2587.8831	2628397.009	1104733.501	2587.8831	0.0	0.0
705	2628397.009	1104733.501	2587.8831	2628397.009	1104733.501	2587.8831	0.0	0.0
706	2628397.009	1104733.501	2587.8831	2628397.009	1104733.501	2587.8831	0.0	0.0
707	2628397.009	1104733.501	2587.8831	2628397.009	1104733.501	2587.8831	0.0	0.0
708	2628373.755	1104923.795	2462.929	2628373.755	1104923.795	2462.929	0.0	0.0
720	2628933.653	1104721.39	2801.0249	2628933.653	1104721.39	2801.0249	0.0	0.0
721	2628919.934	1104742.132	2790.7839	2628919.934	1104742.132	2790.7839	0.0	0.0
722	2628919.36	1104742.907	2790.314	2628919.36	1104742.907	2790.314	0.0	0.0
723	2628910.844	1104755.727	2780.9131	2628910.819	1104755.868	2780.8401	0.1607326973976481	0.0229618139139497
724	2628902.652	1104768.249	2771.676	2628902.958	1104767.725	2772.1179	0.7506581180389392	0.1072368740055627
725	2628889.353	1104768.816	2762.7781	2628889.353	1104768.816	2762.7781	0.0	0.0
726	2628867.327	1104758.862	2756.8291	2628866.582	1104757.872	2757.146	1.2788864727364369	0.1826980675337766
727	2628843.793	1104748.889	2752.9741	2628844.459	1104749.712	2752.5449	1.1424087008588273	0.1632012429798324
729	2628798.684	1104731.739	2742.585	2628798.478	1104731.9	2742.5701	0.2618759436397289	0.0374108490913898
730	2628777.7581	1104728.957	2739.2241	2628778.609	1104730.105	2738.896	1.4661461114215473	0.2094494444887924
738	2628516.845	1104632.619	2682.1631	2628516.9041	1104632.138	2682.4319	0.5541725813163634	0.0791675116166233
739	2628484.838	1104630.696	2677.8301	2628484.723	1104630.257	2678.0371	0.49879354442064	0.07125622063152
740	2628449.926	1104622.86	2669.9399	2628450.246	1104623.759	2669.917	0.9545288941929266	0.1363612705989895
741	2628442.646	1104630.67	2666.2451	2628442.646	1104630.67	2666.2451	0.0	0.0
742	2628427.089	1104662.762	2642.6919	2628427.089	1104662.762	2642.6919	0.0	0.0
743	2628419.439	1104670.181	2637.4299	2628419.439	1104670.181	2637.4299	0.0	0.0
744	2628419.439	1104670.181	2637.4299	2628419.439	1104670.181	2637.4299	0.0	0.0
745	2628399.492	1104728.371	2591.7991	2628399.423	1104728.827	2591.457	0.5742206980106247	0.0820315282872321
746	2628397.009	1104733.501	2587.8831	2628397.009	1104733.501	2587.8831	0.0	0.0
747	2628397.009	1104733.501	2587.8831	2628397.009	1104733.501	2587.8831	0.0	0.0
748	2628397.009	1104733.501	2587.8831	2628397.009	1104733.501	2587.8831	0.0	0.0
749	2628397.009	1104733.501	2587.8831	2628397.009	1104733.501	2587.8831	0.0	0.0
750	2628397.009	1104733.501	2587.8831	2628397.009	1104733.501	2587.8831	0.0	0.0
751	2628397.009	1104733.501	2587.8831	2628397.009	1104733.501	2587.8831	0.0	0.0
752	2628397.009	1104733.501	2587.8831	2628397.009	1104733.501	2587.8831	0.0	0.0
753	2628373.755	1104923.795	2462.929	2628373.755	1104923.795	2462.929	0.0	0.0
765	2628919.934	1104742.132	2790.7839	2628919.934	1104742.132	2790.7839	0.0	0.0
766	2628919.934	1104742.132	2790.7839	2628919.934	1104742.132	2790.7839	0.0	0.0
767	2628919.36	1104742.907	2790.314	2628919.36	1104742.907	2790.314	0.0	0.0
768	2628910.819	1104755.868	2780.8401	2628910.514	1104756.33	2780.7151	0.5675332590744024	0.0810761798677717
769	2628903.179	1104767.432	2772.3159	2628903.212	1104767.3	2772.3889	0.1544085489335127	0.0220583641333589
770	2628892.024	1104784.272	2755.291	2628892.024	1104784.272	2755.291	0.0	0.0
771	2628879.572	1104777.736	2751.53	2628879.092	1104777.3	2751.5959	0.6517966016869806	0.0931138002409972
772	2628854.9041	1104766.821	2744.1379	2628855.542	1104768.06	2744.0149	1.398987637583886	0.199855376797698
773	2628835.057	1104760.3	2739.938	2628834.662	1104760.361	2739.969	0.4008827758997897	0.0572689679856842
775	2628789.682	1104745.882	2730.6399	2628789.974	1104745.862	2730.7539	0.3141018942031584	0.0448716991718797
776	2628764.645	1104738.998	2725.6011	2628764.527	1104738.719	2725.9409	0.4552241645422223	0.0650320235060317
784	2628503.665	1104650.456	2668.0969	2628503.079	1104649.818	2668.469	0.9428140910029068	0.1346877272861295
785	2628478.8	1104654.883	2663.448	2628478.033	1104653.989	2663.7041	1.205451039955099	0.172207291422157
786	2628441.3521	1104643.907	2658.0139	2628442.876	1104645.469	2657.8459	2.1886843563257203	0.3126691937608172
787	2628425.335	1104659.413	2642.979	2628428.046	1104663.164	2643.2561	4.636410940794243	0.6623444201134633
788	2628419.439	1104670.181	2637.4299	2628419.439	1104670.181	2637.4299	0.0	0.0
789	2628419.439	1104670.181	2637.4299	2628419.439	1104670.181	2637.4299	0.0	0.0
790	2628399.423	1104728.827	2591.457	2628396.415	1104727.809	2590.585	3.2931401427517204	0.4704485918216743
791	2628397.009	1104733.501	2587.8831	2628397.009	1104733.501	2587.8831	0.0	0.0
792	2628397.009	1104733.501	2587.8831	2628397.009	1104733.501	2587.8831	0.0	0.0
793	2628397.009	1104733.501	2587.8831	2628397.009	1104733.501	2587.8831	0.0	0.0
794	2628397.009	1104733.501	2587.8831	2628397.009	1104733.501	2587.8831	0.0	0.0
795	2628397.009	1104733.501	2587.8831	2628397.009	1104733.501	2587.8831	0.0	0.0
796	2628397.009	1104733.501	2587.8831	2628397.009	1104733.501	2587.8831	0.0	0.0
797	2628397.009	1104733.501	2587.8831	2628397.009	1104733.501	2587.8831	0.0	0.0
798	2628367.735	1104925.797	2458.054	2628367.735	1104925.797	2458.054	0.0	0.0
810	2628919.934	1104742.132	2790.7839	2628919.934	1104742.132	2790.7839	0.0	0.0
811	2628919.934	1104742.132	2790.7839	2628919.934	1104742.132	2790.7839	0.0	0.0
812	2628919.36	1104742.907	2790.314	2628919.105	1104743.349	2790.177	0.528354047942763	0.075479149706109
813	2628911.276	1104754.943	2781.6379	2628911.276	1104754.943	2781.6379	0.0	0.0
814	2628903.53	1104766.87	2773.0149	2628903.391	1104767.036	2772.635	0.4372653770653421	0.062466482437906
815	2628895.259	1104779.34	2760.2939	2628895.259	1104779.34	2760.2939	0.0	0.0
816	2628887.005	1104791.488	2749.9541	2628886.556	1104792.567	2749.3889	1.2981883685850777	0.1854554812264396
817	2628874.395	1104797.881	2740.4089	2628873.7629	1104797.637	2740.4741	0.6806889524833993	0.0972412789261999
822	2628751.14	1104748.373	2712.1179	2628751.524	1104748.964	2711.575	0.8896501616242753	0.1270928802320393
830	2628500.3669	1104674.041	2654.1069	2628500.3669	1104674.041	2654.1069	0.0	0.0
831	2628470.593	1104678.283	2652.3811	2628470.3929	1104677.627	2653.0481	0.9566948363781864	0.1366706909111694
832	2628435.3459	1104671.943	2643.29	2628439.229	1104675.745	2643.387	5.435354506294118	0.776479215184874
833	2628417.103	1104684.822	2630.866	2628416.589	1104684.857	2630.603	0.5784375506274833	0.0826339358039261
834	2628405.291	1104703.763	2617.1509	2628404.913	1104704.048	2617.0	0.4968700131543111	0.0709814304506158
835	2628399.423	1104728.827	2591.457	2628396.884	1104728.202	2590.4819	2.7906927472145964	0.398670392459228
836	2628397.009	1104733.501	2587.8831	2628397.009	1104733.501	2587.8831	0.0	0.0
837	2628397.009	1104733.501	2587.8831	2628397.009	1104733.501	2587.8831	0.0	0.0
838	2628397.009	1104733.501	2587.8831	2628397.009	1104733.501	2587.8831	0.0	0.0
839	2628397.009	1104733.501	2587.8831	2628397.009	1104733.501	2587.8831	0.0	0.0
840	2628397.009	1104733.501	2587.8831	2628397.009	1104733.501	2587.8831	0.0	0.0
841	2628397.009	1104733.501	2587.8831	2628397.009	1104733.501	2587.8831	0.0	0.0
842	2628397.009	1104733.501	2587.8831	2628397.009	1104733.501	2587.8831	0.0	0.0
843	2628373.755	1104923.795	2462.929	2628373.755	1104923.795	2462.929	0.0	0.0
855	2628919.934	1104742.132	2790.7839	2628919.934	1104742.132	2790.7839	0.0	0.0
856	2628919.934	1104742.132	2790.7839	2628919.934	1104742.132	2790.7839	0.0	0.0
857	2628919.36	1104742.907	2790.314	2628919.36	1104742.907	2790.314	0.0	0.0
858	2628911.027	1104755.516	2781.062	2628911.027	1104755.516	2781.062	0.0	0.0
859	2628903.082	1104767.526	2772.217	2628902.958	1104767.725	2772.1179	0.2545541395621515	0.0363648770803073
860	2628894.8781	1104779.99	2759.6431	2628894.675	1104779.909	2759.554	0.2361131508791929	0.0337304501255989
861	2628886.556	1104792.567	2749.3889	2628886.035	1104792.109	2749.1851	0.7230072197405975	0.1032867456772282
862	2628875.307	1104809.465	2737.2881	2628875.307	1104809.465	2737.2881	0.0	0.0
863	2628870.056	1104817.473	2732.573	2628870.235	1104817.21	2732.7581	0.3680652252251	0.0525807464607285
868	2628745.618	1104767.896	2699.7209	2628746.667	1104769.118	2699.176	1.700176758577186	0.2428823940824551
869	2628725.66	1104768.058	2694.8779	2628725.723	1104767.759	2695.1101	0.3837796762989364	0.0548256680427052
876	2628491.681	1104697.022	2640.8379	2628492.001	1104697.898	2640.4819	0.9982544766089582	0.1426077823727083
877	2628458.922	1104699.5	2636.0339	2628457.55	1104698.644	2636.386	1.6550209695887883	0.2364315670841126
878	2628428.991	1104695.829	2626.897	2628428.179	1104695.577	2626.843	0.8519178362949347	0.1217025480421335
879	2628404.913	1104704.048	2617.0	2628404.913	1104704.048	2617.0	0.0	0.0
880	2628410.153	1104693.826	2622.864	2628396.415	1104727.809	2590.585	48.84169094121988	6.9773844201742685
881	2628397.009	1104733.501	2587.8831	2628397.009	1104733.501	2587.8831	0.0	0.0
882	2628397.009	1104733.501	2587.8831	2628397.009	1104733.501	2587.8831	0.0	0.0
883	2628397.009	1104733.501	2587.8831	2628397.009	1104733.501	2587.8831	0.0	0.0
884	2628397.009	1104733.501	2587.8831	2628397.009	1104733.501	2587.8831	0.0	0.0
885	2628397.009	1104733.501	2587.8831	2628397.009	1104733.501	2587.8831	0.0	0.0
886	2628397.009	1104733.501	2587.8831	2628397.009	1104733.501	2587.8831	0.0	0.0
887	2628397.009	1104733.501	2587.8831	2628397.009	1104733.501	2587.8831	0.0	0.0
888	2628373.755	1104923.795	2462.929	2628373.755	1104923.795	2462.929	0.0	0.0
900	2628919.934	1104742.132	2790.7839	2628919.934	1104742.132	2790.7839	0.0	0.0
901	2628919.934	1104742.132	2790.7839	2628919.934	1104742.132	2790.7839	0.0	0.0
902	2628919.36	1104742.907	2790.314	2628919.36	1104742.907	2790.314	0.0	0.0
903	2628911.276	1104754.943	2781.6379	2628911.276	1104754.943	2781.6379	0.0	0.0
904	2628903.53	1104766.87	2773.0149	2628903.53	1104766.87	2773.0149	0.0	0.0
905	2628894.675	1104779.909	2759.554	2628894.616	1104780.311	2759.457	0.4177247897704778	0.0596749699672111
906	2628886.556	1104792.567	2749.3889	2628885.444	1104792.271	2748.897	1.2514494034743846	0.1787784862106263
907	2628875.307	1104809.465	2737.2881	2628875.307	1104809.465	2737.2881	0.0	0.0
908	2628863.7581	1104826.993	2721.531	2628863.7581	1104826.993	2721.531	0.0	0.0
909	2628859.832	1104826.847	2719.1211	2628858.849	1104825.856	2719.0439	1.3979734762580516	0.199710496608293
914	2628736.155	1104784.035	2687.4829	2628735.73	1104784.263	2687.355	0.4989663414460166	0.0712809059208595
922	2628485.49	1104720.289	2626.124	2628485.7419	1104720.524	2625.896	0.4131133134142276	0.0590161876306039
923	2628451.95	1104718.709	2619.572	2628451.6801	1104718.458	2619.7881	0.4272542803380642	0.0610363257625806
924	2628412.853	1104712.08	2610.5029	2628412.853	1104712.08	2610.5029	0.0	0.0
925	2628397.593	1104713.24	2607.606	2628398.591	1104713.111	2608.0959	1.119217141694879	0.1598881630992684
926	2628397.009	1104733.501	2587.8831	2628397.009	1104733.501	2587.8831	0.0	0.0
927	2628397.009	1104733.501	2587.8831	2628397.009	1104733.501	2587.8831	0.0	0.0
928	2628397.617	1104771.839	2564.644	2628397.617	1104771.839	2564.644	0.0	0.0
929	2628397.009	1104733.501	2587.8831	2628397.009	1104733.501	2587.8831	0.0	0.0
930	2628397.009	1104733.501	2587.8831	2628397.009	1104733.501	2587.8831	0.0	0.0
931	2628397.009	1104733.501	2587.8831	2628397.009	1104733.501	2587.8831	0.0	0.0
932	2628397.009	1104733.501	2587.8831	2628397.009	1104733.501	2587.8831	0.0	0.0
933	2628373.755	1104923.795	2462.929	2628373.755	1104923.795	2462.929	0.0	0.0
945	2628919.934	1104742.132	2790.7839	2628919.934	1104742.132	2790.7839	0.0	0.0
946	2628919.934	1104742.132	2790.7839	2628919.934	1104742.132	2790.7839	0.0	0.0
947	2628919.36	1104742.907	2790.314	2628919.36	1104742.907	2790.314	0.0	0.0
948	2628911.333	1104755.088	2781.334	2628911.027	1104755.516	2781.062	0.5922870927726318	0.0846124418246616
949	2628903.179	1104767.432	2772.3159	2628903.082	1104767.526	2772.217	0.1674103044041921	0.0239157577720274
950	2628895.007	1104779.635	2759.9241	2628895.014	1104779.738	2759.8879	0.1094003655071602	0.01562862364388
951	2628886.911	1104791.989	2749.7461	2628886.931	1104791.909	2749.832	0.1190748084721217	0.0170106869245888
952	2628875.307	1104809.465	2737.2881	2628875.307	1104809.465	2737.2881	0.0	0.0
953	2628870.094	1104817.28	2732.6709	2628870.094	1104817.28	2732.6709	0.0	0.0
954	2628854.4	1104837.763	2710.4399	2628854.4	1104837.763	2710.4399	0.0	0.0
955	2628849.3831	1104834.712	2707.9351	2628849.137	1104834.089	2707.6851	0.7149784683637803	0.1021397811948257
960	2628730.8149	1104801.958	2676.22	2628729.615	1104801.56	2676.606	1.3218018042706234	0.1888288291815176
961	2628709.865	1104802.912	2671.7571	2628709.865	1104802.912	2671.7571	0.0	0.0
968	2628468.6591	1104735.533	2608.6311	2628468.6591	1104735.533	2608.6311	0.0	0.0
969	2628444.906	1104740.634	2605.2549	2628445.212	1104740.917	2605.0769	0.4532206965890616	0.0647458137984373
970	2628398.479	1104725.471	2593.6721	2628397.745	1104725.296	2593.3201	0.8326373757541038	0.1189481965363005
971	2628397.009	1104733.501	2587.8831	2628397.009	1104733.501	2587.8831	0.0	0.0
972	2628397.617	1104771.839	2564.644	2628397.617	1104771.839	2564.644	0.0	0.0
973	2628397.617	1104771.839	2564.644	2628397.617	1104771.839	2564.644	0.0	0.0
975	2628397.009	1104733.501	2587.8831	2628397.009	1104733.501	2587.8831	0.0	0.0
976	2628397.009	1104733.501	2587.8831	2628397.009	1104733.501	2587.8831	0.0	0.0
978	2628373.755	1104923.795	2462.929	2628367.735	1104925.797	2458.054	8.000876764493041	1.1429823949275772
990	2628933.653	1104721.39	2801.0249	2628933.653	1104721.39	2801.0249	0.0	0.0
991	2628928.442	1104729.155	2797.9961	2628928.7321	1104728.746	2798.1941	0.5391131701054687	0.0770161671579241
992	2628919.36	1104742.907	2790.314	2628919.36	1104742.907	2790.314	0.0	0.0
993	2628911.276	1104754.943	2781.6379	2628911.276	1104754.943	2781.6379	0.0	0.0
994	2628902.958	1104767.725	2772.1179	2628902.702	1104768.115	2771.7981	0.5656041371373907	0.0808005910196272
995	2628895.259	1104779.34	2760.2939	2628895.141	1104779.591	2760.0359	0.3787994192504056	0.0541142027500579
996	2628886.911	1104791.989	2749.7461	2628886.556	1104792.567	2749.3889	0.7666164881888683	0.1095166411698383
997	2628875.307	1104809.465	2737.2881	2628875.307	1104809.465	2737.2881	0.0	0.0
998	2628854.4	1104837.763	2710.4399	2628854.4	1104837.763	2710.4399	0.0	0.0
999	2628854.4	1104837.763	2710.4399	2628854.4	1104837.763	2710.4399	0.0	0.0
1000	2628852.176	1104841.122	2708.197	2628851.954	1104841.137	2708.0591	0.2617735854392716	0.0373962264913245
1001	2628841.0389	1104847.758	2697.7549	2628840.7159	1104847.65	2697.4331	0.468559750629496	0.0669371072327851
1006	2628722.989	1104817.328	2664.6731	2628721.567	1104816.895	2664.616	1.487559548618665	0.2125085069455235
1014	2628460.1331	1104755.632	2595.072	2628460.396	1104755.424	2595.136	0.341286404549714	0.0487552006499591
1015	2628429.287	1104756.97	2589.321	2628429.287	1104756.97	2589.321	0.0	0.0
1016	2628402.024	1104758.957	2577.533	2628402.024	1104758.957	2577.533	0.0	0.0
1017	2628397.617	1104771.839	2564.644	2628397.617	1104771.839	2564.644	0.0	0.0
1018	2628397.617	1104771.839	2564.644	2628397.617	1104771.839	2564.644	0.0	0.0
1021	2628400.313	1104893.338	2495.519	2628400.313	1104893.338	2495.519	0.0	0.0
1022	2628390.671	1104891.002	2490.071	2628390.671	1104891.002	2490.071	0.0	0.0
1023	2628390.671	1104891.002	2490.071	2628390.671	1104891.002	2490.071	0.0	0.0
1024	2628390.671	1104891.002	2490.071	2628390.671	1104891.002	2490.071	0.0	0.0
1035	2628933.653	1104721.39	2801.0249	2628933.653	1104721.39	2801.0249	0.0	0.0
1036	2628928.782	1104728.725	2798.2681	2628928.629	1104728.996	2798.0959	0.355672377269046	0.0508103396098637
1037	2628919.36	1104742.907	2790.314	2628919.36	1104742.907	2790.314	0.0	0.0
1038	2628911.276	1104754.943	2781.6379	2628911.276	1104754.943	2781.6379	0.0	0.0
1039	2628903.649	1104766.732	2773.1509	2628903.649	1104766.732	2773.1509	0.0	0.0
1040	2628895.184	1104779.484	2760.134	2628895.141	1104779.591	2760.0359	0.1513988441891824	0.0216284063127403
1041	2628854.4	1104837.763	2710.4399	2628854.4	1104837.763	2710.4399	0.0	0.0
1042	2628854.4	1104837.763	2710.4399	2628854.4	1104837.763	2710.4399	0.0	0.0
1043	2628854.4	1104837.763	2710.4399	2628854.4	1104837.763	2710.4399	0.0	0.0
1044	2628854.4	1104837.763	2710.4399	2628854.4	1104837.763	2710.4399	0.0	0.0
1045	2628851.625	1104841.463	2707.738	2628851.05	1104841.702	2707.2671	0.7807002050995684	0.1115286007285097
1046	2628841.1331	1104847.517	2697.927	2628841.1331	1104847.517	2697.927	0.0	0.0
1047	2628834.3051	1104863.705	2691.0879	2628834.3051	1104863.705	2691.0879	0.0	0.0
1052	2628712.74	1104832.132	2650.8081	2628712.496	1104832.271	2650.3279	0.5562814397339175	0.0794687771048453
1053	2628691.483	1104831.601	2646.4351	2628691.916	1104832.543	2645.8931	1.1698790536811288	0.1671255790973041
1060	2628442.333	1104770.652	2578.457	2628443.3459	1104771.486	2578.0449	1.3752631820844254	0.1964661688692036
1061	2628418.301	1104775.868	2569.7019	2628419.848	1104776.165	2569.405	1.6029870900278134	0.228998155718259
1062	2628397.617	1104771.839	2564.644	2628397.617	1104771.839	2564.644	0.0	0.0
1063	2628397.617	1104771.839	2564.644	2628397.617	1104771.839	2564.644	0.0	0.0
1066	2628396.593	1104770.042	2565.615	2628400.313	1104893.338	2495.519	141.87738097393668	20.268197281990957
1067	2628390.671	1104891.002	2490.071	2628390.671	1104891.002	2490.071	0.0	0.0
1068	2628390.671	1104891.002	2490.071	2628390.671	1104891.002	2490.071	0.0	0.0
1069	2628390.671	1104891.002	2490.071	2628390.671	1104891.002	2490.071	0.0	0.0
1080	2628933.653	1104721.39	2801.0249	2628933.653	1104721.39	2801.0249	0.0	0.0
1081	2628928.092	1104729.769	2797.407	2628927.392	1104730.812	2797.2539	1.2654203293400934	0.1807743327628705
1082	2628919.36	1104742.907	2790.314	2628919.36	1104742.907	2790.314	0.0	0.0
1083	2628910.623	1104755.924	2780.887	2628910.819	1104755.868	2780.8401	0.2091688552572357	0.0298812650367479
1084	2628854.4	1104837.763	2710.4399	2628854.4	1104837.763	2710.4399	0.0	0.0
1085	2628854.4	1104837.763	2710.4399	2628854.4	1104837.763	2710.4399	0.0	0.0
1086	2628854.4	1104837.763	2710.4399	2628854.4	1104837.763	2710.4399	0.0	0.0
1087	2628854.4	1104837.763	2710.4399	2628854.4	1104837.763	2710.4399	0.0	0.0
1088	2628854.4	1104837.763	2710.4399	2628854.4	1104837.763	2710.4399	0.0	0.0
1089	2628854.4	1104837.763	2710.4399	2628854.4	1104837.763	2710.4399	0.0	0.0
1090	2628851.679	1104841.121	2707.8601	2628852.078	1104841.96	2708.051	0.9484539050645	0.1354934150092143
1091	2628840.7159	1104847.65	2697.4331	2628838.908	1104845.947	2696.623	2.6124650086164056	0.3732092869452008
1094	2628816.7371	1104888.056	2675.002	2628814.699	1104886.049	2673.675	3.1532252710444526	0.4504607530063503
1098	2628700.417	1104844.758	2638.229	2628699.726	1104845.272	2638.1001	0.8707997533038863	0.124399964757698
1099	2628680.856	1104845.431	2633.3931	2628680.785	1104845.774	2633.2219	0.3898710554979167	0.0556958650711309
1106	2628440.963	1104794.043	2564.6221	2628442.978	1104795.682	2565.178	2.656232446608423	0.3794617780869175
1108	2628387.269	1104777.581	2547.344	2628387.269	1104777.581	2547.344	0.0	0.0
1111	2628395.053	1104891.663	2492.647	2628395.053	1104891.663	2492.647	0.0	0.0
1112	2628390.671	1104891.002	2490.071	2628390.671	1104891.002	2490.071	0.0	0.0
1113	2628390.671	1104891.002	2490.071	2628390.671	1104891.002	2490.071	0.0	0.0
1114	2628390.671	1104891.002	2490.071	2628390.671	1104891.002	2490.071	0.0	0.0
1125	2628933.653	1104721.39	2801.0249	2628933.653	1104721.39	2801.0249	0.0	0.0
1126	2628928.532	1104729.089	2798.0339	2628928.442	1104729.155	2797.9961	0.1178339512672895	0.0168334216096127
1127	2628854.4	1104837.763	2710.4399	2628854.4	1104837.763	2710.4399	0.0	0.0
1128	2628854.4	1104837.763	2710.4399	2628854.4	1104837.763	2710.4399	0.0	0.0
1129	2628854.4	1104837.763	2710.4399	2628854.4	1104837.763	2710.4399	0.0	0.0
1130	2628854.4	1104837.763	2710.4399	2628854.4	1104837.763	2710.4399	0.0	0.0
1131	2628854.4	1104837.763	2710.4399	2628854.4	1104837.763	2710.4399	0.0	0.0
1132	2628854.4	1104837.763	2710.4399	2628854.4	1104837.763	2710.4399	0.0	0.0
1133	2628854.4	1104837.763	2710.4399	2628854.4	1104837.763	2710.4399	0.0	0.0
1134	2628854.4	1104837.763	2710.4399	2628854.4	1104837.763	2710.4399	0.0	0.0
1139	2628815.298	1104888.582	2673.176	2628815.298	1104888.582	2673.176	0.0	0.0
1140	2628799.361	1104889.847	2660.8621	2628799.0601	1104890.215	2660.5649	0.560618096480217	0.0800882994971738
1144	2628690.9659	1104857.83	2626.7529	2628690.575	1104858.106	2626.907	0.5027182311289741	0.071816890161282
1145	2628665.338	1104855.46	2619.519	2628665.793	1104856.036	2619.429	0.7395275520242149	0.1056467931463164
1146	2628641.33	1104854.134	2612.2981	2628641.33	1104854.134	2612.2981	0.0	0.0
1151	2628460.97	1104812.798	2557.5901	2628461.066	1104812.688	2557.616	0.1482794994350985	0.0211827856335855
1152	2628432.093	1104815.779	2549.9021	2628432.035	1104816.164	2549.646	0.4660216840184836	0.0665745262883548
1156	2628400.313	1104893.338	2495.519	2628400.313	1104893.338	2495.519	0.0	0.0
1157	2628390.671	1104891.002	2490.071	2628390.671	1104891.002	2490.071	0.0	0.0
1158	2628390.671	1104891.002	2490.071	2628390.671	1104891.002	2490.071	0.0	0.0
1159	2628390.671	1104891.002	2490.071	2628390.671	1104891.002	2490.071	0.0	0.0
1170	2628932.5129	1104722.419	2800.6831	2628932.5129	1104722.419	2800.6831	0.0	0.0
1171	2628854.4	1104837.763	2710.4399	2628854.4	1104837.763	2710.4399	0.0	0.0
1172	2628854.4	1104837.763	2710.4399	2628854.4	1104837.763	2710.4399	0.0	0.0
1173	2628854.4	1104837.763	2710.4399	2628854.4	1104837.763	2710.4399	0.0	0.0
1174	2628854.4	1104837.763	2710.4399	2628854.4	1104837.763	2710.4399	0.0	0.0
1175	2628854.4	1104837.763	2710.4399	2628854.4	1104837.763	2710.4399	0.0	0.0
1176	2628854.4	1104837.763	2710.4399	2628854.4	1104837.763	2710.4399	0.0	0.0
1177	2628854.4	1104837.763	2710.4399	2628854.4	1104837.763	2710.4399	0.0	0.0
1178	2628854.4	1104837.763	2710.4399	2628854.4	1104837.763	2710.4399	0.0	0.0
1179	2628854.4	1104837.763	2710.4399	2628854.4	1104837.763	2710.4399	0.0	0.0
1184	2628809.6689	1104908.719	2658.116	2628809.6689	1104908.719	2658.116	0.0	0.0
1185	2628810.2419	1104907.786	2659.196	2628809.6689	1104908.719	2658.116	1.5379265261268578	0.2197037894466939
1186	2628788.307	1104898.056	2647.3469	2628789.1689	1104899.026	2647.9231	1.4197809865525854	0.2028258552217979
1187	2628767.505	1104896.777	2640.1179	2628769.619	1104899.188	2640.8979	3.3000480300501422	0.471435432864306
1190	2628684.738	1104873.911	2614.386	2628684.386	1104873.926	2614.2839	0.3668152259182659	0.0524021751311808
1191	2628657.651	1104870.663	2606.3979	2628657.7	1104871.053	2605.312	1.154850557480534	0.1649786510686477
1192	2628634.715	1104871.029	2599.8911	2628635.115	1104870.795	2599.9331	0.4653170965892532	0.0664738709413218
1197	2628449.048	1104832.721	2542.6179	2628449.532	1104833.157	2542.2471	0.7495629661039942	0.107080423729142
1198	2628405.562	1104822.666	2529.3401	2628406.711	1104823.446	2529.491	1.396915104980619	0.199559300711517
1203	2628390.671	1104891.002	2490.071	2628390.671	1104891.002	2490.071	0.0	0.0
1204	2628390.671	1104891.002	2490.071	2628390.671	1104891.002	2490.071	0.0	0.0
1215	2628933.653	1104721.39	2801.0249	2628933.653	1104721.39	2801.0249	0.0	0.0
1216	2628854.4	1104837.763	2710.4399	2628854.4	1104837.763	2710.4399	0.0	0.0
1217	2628854.4	1104837.763	2710.4399	2628854.4	1104837.763	2710.4399	0.0	0.0
1218	2628854.4	1104837.763	2710.4399	2628854.4	1104837.763	2710.4399	0.0	0.0
1219	2628854.4	1104837.763	2710.4399	2628854.4	1104837.763	2710.4399	0.0	0.0
1220	2628854.4	1104837.763	2710.4399	2628854.4	1104837.763	2710.4399	0.0	0.0
1221	2628854.4	1104837.763	2710.4399	2628854.4	1104837.763	2710.4399	0.0	0.0
1222	2628854.4	1104837.763	2710.4399	2628854.4	1104837.763	2710.4399	0.0	0.0
1223	2628854.4	1104837.763	2710.4399	2628854.4	1104837.763	2710.4399	0.0	0.0
1229	2628815.298	1104888.582	2673.176	2628815.298	1104888.582	2673.176	0.0	0.0
1230	2628810.2419	1104907.786	2659.196	2628810.2419	1104907.786	2659.196	0.0	0.0
1231	2628802.103	1104920.144	2646.354	2628802.103	1104920.144	2646.354	0.0	0.0
1232	2628774.6021	1104904.634	2632.925	2628775.094	1104905.191	2632.5911	0.8146801950978504	0.1163828850139786
1237	2628646.658	1104885.312	2591.6919	2628646.53	1104884.782	2592.239	0.7724004207899818	0.1103429172557116
1238	2628622.316	1104885.622	2585.8511	2628621.141	1104885.727	2585.5549	1.2162994864146477	0.1737570694878068
1243	2628449.543	1104859.493	2533.8511	2628448.8	1104859.423	2533.377	0.8841492014247011	0.1263070287749573
1244	2628406.527	1104848.752	2517.4729	2628402.342	1104846.263	2516.385	4.989275739710807	0.7127536771015438
1247	2628390.671	1104891.002	2490.071	2628390.671	1104891.002	2490.071	0.0	0.0
1248	2628390.671	1104891.002	2490.071	2628390.671	1104891.002	2490.071	0.0	0.0
1249	2628390.671	1104891.002	2490.071	2628390.671	1104891.002	2490.071	0.0	0.0
1260	2628854.4	1104837.763	2710.4399	2628854.4	1104837.763	2710.4399	0.0	0.0
1261	2628854.4	1104837.763	2710.4399	2628854.4	1104837.763	2710.4399	0.0	0.0
1262	2628854.4	1104837.763	2710.4399	2628854.4	1104837.763	2710.4399	0.0	0.0
1263	2628854.4	1104837.763	2710.4399	2628854.4	1104837.763	2710.4399	0.0	0.0
1264	2628854.4	1104837.763	2710.4399	2628854.4	1104837.763	2710.4399	0.0	0.0
1265	2628854.4	1104837.763	2710.4399	2628854.4	1104837.763	2710.4399	0.0	0.0
1266	2628854.4	1104837.763	2710.4399	2628854.4	1104837.763	2710.4399	0.0	0.0
1267	2628854.4	1104837.763	2710.4399	2628854.4	1104837.763	2710.4399	0.0	0.0
1268	2628854.4	1104837.763	2710.4399	2628854.4	1104837.763	2710.4399	0.0	0.0
1274	2628815.298	1104888.582	2673.176	2628815.298	1104888.582	2673.176	0.0	0.0
1275	2628799.37	1104922.815	2642.4641	2628799.37	1104922.815	2642.4641	0.0	0.0
1276	2628799.37	1104922.815	2642.4641	2628799.37	1104922.815	2642.4641	0.0	0.0
1277	2628795.204	1104930.541	2636.0891	2628795.204	1104930.541	2636.0891	0.0	0.0
1278	2628771.246	1104924.471	2623.3191	2628771.957	1104925.255	2623.2939	1.0586841078228897	0.1512405868318413
1284	2628615.459	1104902.261	2572.085	2628615.329	1104902.582	2571.7539	0.479132768623135	0.0684475383747335
1290	2628395.522	1104865.532	2502.553	2628396.952	1104866.493	2502.6111	1.7238899647955803	0.2462699949707972
1291	2628400.313	1104893.338	2495.519	2628400.313	1104893.338	2495.519	0.0	0.0
1292	2628390.671	1104891.002	2490.071	2628390.671	1104891.002	2490.071	0.0	0.0
1293	2628390.671	1104891.002	2490.071	2628390.671	1104891.002	2490.071	0.0	0.0
1305	2628854.4	1104837.763	2710.4399	2628854.4	1104837.763	2710.4399	0.0	0.0
1306	2628854.4	1104837.763	2710.4399	2628854.4	1104837.763	2710.4399	0.0	0.0
1307	2628854.4	1104837.763	2710.4399	2628854.4	1104837.763	2710.4399	0.0	0.0
1308	2628854.4	1104837.763	2710.4399	2628854.4	1104837.763	2710.4399	0.0	0.0
1309	2628854.4	1104837.763	2710.4399	2628854.4	1104837.763	2710.4399	0.0	0.0
1310	2628854.4	1104837.763	2710.4399	2628854.4	1104837.763	2710.4399	0.0	0.0
1311	2628854.4	1104837.763	2710.4399	2628854.4	1104837.763	2710.4399	0.0	0.0
1312	2628854.4	1104837.763	2710.4399	2628854.4	1104837.763	2710.4399	0.0	0.0
1313	2628854.4	1104837.763	2710.4399	2628854.4	1104837.763	2710.4399	0.0	0.0
1319	2628815.298	1104888.582	2673.176	2628815.298	1104888.582	2673.176	0.0	0.0
1320	2628799.37	1104922.815	2642.4641	2628799.37	1104922.815	2642.4641	0.0	0.0
1321	2628799.37	1104922.815	2642.4641	2628799.37	1104922.815	2642.4641	0.0	0.0
1322	2628795.204	1104930.541	2636.0891	2628795.204	1104930.541	2636.0891	0.0	0.0
1323	2628785.127	1104944.916	2622.812	2628785.127	1104944.916	2622.812	0.0	0.0
1324	2628759.0081	1104932.354	2611.303	2628759.142	1104932.519	2611.207	0.2331742051643628	0.0333106007377661
1330	2628608.3521	1104915.969	2562.0459	2628607.674	1104915.78	2561.9761	0.707398508308669	0.1010569297583812
1335	2628438.3311	1104899.096	2509.301	2628439.432	1104899.88	2509.207	1.354796224489624	0.193542317784232
1336	2628395.053	1104891.663	2492.647	2628395.053	1104891.663	2492.647	0.0	0.0
1338	2628373.755	1104923.795	2462.929	2628373.755	1104923.795	2462.929	0.0	0.0
1350	2628854.4	1104837.763	2710.4399	2628854.4	1104837.763	2710.4399	0.0	0.0
1351	2628854.4	1104837.763	2710.4399	2628854.4	1104837.763	2710.4399	0.0	0.0
1352	2628854.4	1104837.763	2710.4399	2628854.4	1104837.763	2710.4399	0.0	0.0
1353	2628854.4	1104837.763	2710.4399	2628854.4	1104837.763	2710.4399	0.0	0.0
1354	2628854.4	1104837.763	2710.4399	2628854.4	1104837.763	2710.4399	0.0	0.0
1355	2628854.4	1104837.763	2710.4399	2628854.4	1104837.763	2710.4399	0.0	0.0
1356	2628854.4	1104837.763	2710.4399	2628854.4	1104837.763	2710.4399	0.0	0.0
1357	2628854.4	1104837.763	2710.4399	2628854.4	1104837.763	2710.4399	0.0	0.0
1364	2628815.298	1104888.582	2673.176	2628815.298	1104888.582	2673.176	0.0	0.0
1365	2628799.37	1104922.815	2642.4641	2628799.37	1104922.815	2642.4641	0.0	0.0
1366	2628799.37	1104922.815	2642.4641	2628799.37	1104922.815	2642.4641	0.0	0.0
1367	2628795.204	1104930.541	2636.0891	2628795.204	1104930.541	2636.0891	0.0	0.0
1368	2628785.127	1104944.916	2622.812	2628785.127	1104944.916	2622.812	0.0	0.0
1369	2628778.855	1104955.219	2614.998	2628778.855	1104955.219	2614.998	0.0	0.0
1370	2628755.868	1104949.691	2602.3279	2628756.075	1104949.886	2602.0139	0.423638997380291	0.060519856768613
1376	2628597.265	1104932.018	2549.689	2628596.876	1104932.035	2549.7451	0.3933919292177832	0.0561988470311118
1377	2628573.587	1104935.034	2539.771	2628572.5439	1104934.845	2539.1951	1.206415939791486	0.1723451342559265
1381	2628428.351	1104917.713	2494.1311	2628428.351	1104917.713	2494.1311	0.0	0.0
1383	2628373.755	1104923.795	2462.929	2628373.755	1104923.795	2462.929	0.0	0.0
1395	2628854.4	1104837.763	2710.4399	2628854.4	1104837.763	2710.4399	0.0	0.0
1396	2628854.4	1104837.763	2710.4399	2628854.4	1104837.763	2710.4399	0.0	0.0
1397	2628854.4	1104837.763	2710.4399	2628854.4	1104837.763	2710.4399	0.0	0.0
1398	2628854.4	1104837.763	2710.4399	2628854.4	1104837.763	2710.4399	0.0	0.0
1399	2628854.4	1104837.763	2710.4399	2628854.4	1104837.763	2710.4399	0.0	0.0
1400	2628854.4	1104837.763	2710.4399	2628854.4	1104837.763	2710.4399	0.0	0.0
1401	2628854.4	1104837.763	2710.4399	2628854.4	1104837.763	2710.4399	0.0	0.0
1402	2628854.4	1104837.763	2710.4399	2628854.4	1104837.763	2710.4399	0.0	0.0
1409	2628815.298	1104888.582	2673.176	2628815.298	1104888.582	2673.176	0.0	0.0
1410	2628799.37	1104922.815	2642.4641	2628799.37	1104922.815	2642.4641	0.0	0.0
1411	2628799.37	1104922.815	2642.4641	2628799.37	1104922.815	2642.4641	0.0	0.0
1412	2628795.204	1104930.541	2636.0891	2628795.204	1104930.541	2636.0891	0.0	0.0
1413	2628785.127	1104944.916	2622.812	2628785.127	1104944.916	2622.812	0.0	0.0
1414	2628778.728	1104955.479	2614.8259	2628778.859	1104955.271	2614.9619	0.280928816705403	0.0401326881007718
1415	2628771.042	1104967.073	2606.522	2628770.632	1104966.971	2606.2839	0.4849696998563313	0.0692813856937616
1416	2628745.7581	1104962.178	2589.925	2628745.2679	1104962.072	2589.8091	0.5147473655818349	0.0735353379402621
1422	2628588.573	1104948.409	2535.385	2628587.764	1104948.175	2535.802	0.9397478384100522	0.134249691201436
1423	2628572.0129	1104954.294	2532.6431	2628567.444	1104950.959	2530.79	5.952398828898603	0.8503426898426575
1427	2628412.851	1104931.297	2478.313	2628412.879	1104931.677	2478.1311	0.4222222281422431	0.0603174611631775
1428	2628367.959	1104924.676	2458.4131	2628367.382	1104924.78	2458.053	0.688053057205047	0.0982932938864352
1438	2628232.674	1105083.348	2325.905	2628232.674	1105083.348	2325.905	0.0	0.0
1440	2628854.4	1104837.763	2710.4399	2628854.4	1104837.763	2710.4399	0.0	0.0
1441	2628854.4	1104837.763	2710.4399	2628854.4	1104837.763	2710.4399	0.0	0.0
1442	2628854.4	1104837.763	2710.4399	2628854.4	1104837.763	2710.4399	0.0	0.0
1443	2628854.4	1104837.763	2710.4399	2628854.4	1104837.763	2710.4399	0.0	0.0
1444	2628854.4	1104837.763	2710.4399	2628854.4	1104837.763	2710.4399	0.0	0.0
1445	2628854.4	1104837.763	2710.4399	2628854.4	1104837.763	2710.4399	0.0	0.0
1446	2628854.4	1104837.763	2710.4399	2628854.4	1104837.763	2710.4399	0.0	0.0
1454	2628815.298	1104888.582	2673.176	2628815.298	1104888.582	2673.176	0.0	0.0
1455	2628810.2419	1104907.786	2659.196	2628799.37	1104922.815	2642.4641	24.98050296148792	3.56864328021256
1456	2628799.37	1104922.815	2642.4641	2628799.37	1104922.815	2642.4641	0.0	0.0
1457	2628795.204	1104930.541	2636.0891	2628795.204	1104930.541	2636.0891	0.0	0.0
1458	2628780.269	1104951.186	2617.572	2628780.269	1104951.186	2617.572	0.0	0.0
1459	2628778.859	1104955.271	2614.9619	2628778.728	1104955.479	2614.8259	0.280928816705403	0.0401326881007718
1460	2628763.744	1104977.947	2596.0569	2628763.744	1104977.947	2596.0569	0.0	0.0
1461	2628762.739	1104979.614	2593.9099	2628762.739	1104979.614	2593.9099	0.0	0.0
1462	2628736.463	1104973.247	2578.8369	2628739.156	1104976.182	2579.7839	4.094298841092051	0.5848998344417217
1468	2628584.366	1104966.155	2525.9089	2628584.0229	1104966.004	2526.2219	0.48835193234031	0.0697645617629014
1469	2628557.4449	1104969.269	2519.603	2628556.576	1104968.704	2519.6509	1.037548370151739	0.1482211957359627
1473	2628402.076	1104949.103	2462.8979	2628401.349	1104948.631	2463.168	0.907891518728206	0.1296987883897437
1481	2628241.614	1105048.745	2348.304	2628241.918	1105048.145	2348.521	0.7067566767382295	0.1009652395340327
1482	2628236.817	1105065.895	2338.406	2628236.817	1105065.895	2338.406	0.0	0.0
1483	2628232.674	1105083.348	2325.905	2628232.674	1105083.348	2325.905	0.0	0.0
1484	2628223.793	1105109.236	2304.512	2628223.793	1105109.236	2304.512	0.0	0.0
1485	2628854.4	1104837.763	2710.4399	2628854.4	1104837.763	2710.4399	0.0	0.0
1486	2628854.4	1104837.763	2710.4399	2628854.4	1104837.763	2710.4399	0.0	0.0
1487	2628854.4	1104837.763	2710.4399	2628854.4	1104837.763	2710.4399	0.0	0.0
1488	2628854.4	1104837.763	2710.4399	2628854.4	1104837.763	2710.4399	0.0	0.0
1489	2628854.4	1104837.763	2710.4399	2628854.4	1104837.763	2710.4399	0.0	0.0
1490	2628854.4	1104837.763	2710.4399	2628854.4	1104837.763	2710.4399	0.0	0.0
1491	2628854.4	1104837.763	2710.4399	2628854.4	1104837.763	2710.4399	0.0	0.0
1499	2628815.298	1104888.582	2673.176	2628815.298	1104888.582	2673.176	0.0	0.0
1500	2628799.37	1104922.815	2642.4641	2628799.37	1104922.815	2642.4641	0.0	0.0
1501	2628799.37	1104922.815	2642.4641	2628799.37	1104922.815	2642.4641	0.0	0.0
1502	2628795.204	1104930.541	2636.0891	2628795.204	1104930.541	2636.0891	0.0	0.0
1503	2628785.127	1104944.916	2622.812	2628780.269	1104951.186	2617.572	9.506348615546544	1.3580498022209346
1504	2628779.0341	1104954.956	2615.22	2628778.855	1104955.219	2614.998	0.3879817134337535	0.0554259590619647
1505	2628763.744	1104977.947	2596.0569	2628763.744	1104977.947	2596.0569	0.0	0.0
1506	2628757.032	1104988.28	2585.636	2628757.032	1104988.28	2585.636	0.0	0.0
1507	2628752.902	1104994.469	2579.9529	2628752.902	1104994.469	2579.9529	0.0	0.0
1514	2628577.995	1104985.646	2516.6899	2628577.5861	1104985.629	2516.77	0.4170182491528442	0.0595740355932634
1515	2628559.46	1104994.886	2510.5229	2628560.283	1104995.802	2510.438	1.2343390983473514	0.1763341569067645
1519	2628385.416	1104964.737	2446.4299	2628386.795	1104965.593	2446.1431	1.6482206282802698	0.2354600897543242
1520	2628352.469	1104966.441	2433.925	2628352.468	1104966.81	2433.7	0.4321886161874255	0.0617412308839179
1525	2628250.751	1105028.256	2355.1101	2628250.073	1105028.778	2354.488	1.0579113433033152	0.1511301919004735
1526	2628241.614	1105048.745	2348.304	2628241.614	1105048.745	2348.304	0.0	0.0
1527	2628236.817	1105065.895	2338.406	2628236.817	1105065.895	2338.406	0.0	0.0
1528	2628232.674	1105083.348	2325.905	2628232.674	1105083.348	2325.905	0.0	0.0
1529	2628223.871	1105108.156	2305.249	2628224.215	1105107.883	2305.3821	0.458890629728484	0.0655558042469262
1530	2628854.4	1104837.763	2710.4399	2628854.4	1104837.763	2710.4399	0.0	0.0
1531	2628854.4	1104837.763	2710.4399	2628854.4	1104837.763	2710.4399	0.0	0.0
1532	2628854.4	1104837.763	2710.4399	2628854.4	1104837.763	2710.4399	0.0	0.0
1533	2628854.4	1104837.763	2710.4399	2628854.4	1104837.763	2710.4399	0.0	0.0
1534	2628854.4	1104837.763	2710.4399	2628854.4	1104837.763	2710.4399	0.0	0.0
1535	2628854.4	1104837.763	2710.4399	2628854.4	1104837.763	2710.4399	0.0	0.0
1544	2628815.298	1104888.582	2673.176	2628815.298	1104888.582	2673.176	0.0	0.0
1545	2628810.2419	1104907.786	2659.196	2628810.2419	1104907.786	2659.196	0.0	0.0
1546	2628799.37	1104922.815	2642.4641	2628799.37	1104922.815	2642.4641	0.0	0.0
1547	2628795.204	1104930.541	2636.0891	2628794.8781	1104931.049	2635.719	0.7079892797105216	0.1011413256729316
1548	2628780.269	1104951.186	2617.572	2628780.269	1104951.186	2617.572	0.0	0.0
1549	2628779.082	1104954.9	2615.282	2628779.082	1104954.9	2615.282	0.0	0.0
1550	2628763.744	1104977.947	2596.0569	2628763.744	1104977.947	2596.0569	0.0	0.0
1551	2628762.199	1104980.432	2593.0381	2628761.923	1104980.868	2592.5349	0.7207511637367006	0.1029644519623858
1552	2628747.616	1105002.507	2572.6851	2628747.616	1105002.507	2572.6851	0.0	0.0
1553	2628744.382	1105007.316	2568.2571	2628744.382	1105007.316	2568.2571	0.0	0.0
1559	2628587.452	1104992.836	2507.0339	2628587.125	1104992.615	2507.1021	0.4005262038729592	0.0572180291247084
1560	2628574.896	1105005.016	2507.2991	2628574.752	1105004.957	2507.5459	0.2917657281226526	0.041680818303236
1561	2628554.566	1105010.906	2500.446	2628554.657	1105010.953	2500.3621	0.1323979229620022	0.0189139889945717
1565	2628373.889	1104980.878	2428.822	2628372.314	1104980.873	2427.719	1.922825785293116	0.2746893978990165
1570	2628250.921	1105031.735	2354.7041	2628250.921	1105031.735	2354.7041	0.0	0.0
1571	2628241.734	1105049.349	2347.356	2628242.183	1105050.022	2347.2051	0.8229828736178565	0.117568981945408
1572	2628236.817	1105065.895	2338.406	2628236.817	1105065.895	2338.406	0.0	0.0
1573	2628234.41	1105085.582	2325.761	2628234.41	1105085.582	2325.761	0.0	0.0
1574	2628223.361	1105110.23	2304.021	2628223.387	1105109.953	2304.2351	0.3510609776158259	0.0501515682308322
1575	2628854.4	1104837.763	2710.4399	2628854.4	1104837.763	2710.4399	0.0	0.0
1576	2628854.4	1104837.763	2710.4399	2628854.4	1104837.763	2710.4399	0.0	0.0
1577	2628854.4	1104837.763	2710.4399	2628854.4	1104837.763	2710.4399	0.0	0.0
1578	2628854.4	1104837.763	2710.4399	2628854.4	1104837.763	2710.4399	0.0	0.0
1579	2628854.4	1104837.763	2710.4399	2628854.4	1104837.763	2710.4399	0.0	0.0
1580	2628854.4	1104837.763	2710.4399	2628854.4	1104837.763	2710.4399	0.0	0.0
1589	2628815.298	1104888.582	2673.176	2628815.298	1104888.582	2673.176	0.0	0.0
1590	2628799.37	1104922.815	2642.4641	2628799.37	1104922.815	2642.4641	0.0	0.0
1591	2628799.37	1104922.815	2642.4641	2628799.37	1104922.815	2642.4641	0.0	0.0
1592	2628795.204	1104930.541	2636.0891	2628795.204	1104930.541	2636.0891	0.0	0.0
1593	2628785.127	1104944.916	2622.812	2628785.127	1104944.916	2622.812	0.0	0.0
1594	2628779.082	1104954.9	2615.282	2628779.082	1104954.9	2615.282	0.0	0.0
1595	2628763.744	1104977.947	2596.0569	2628763.744	1104977.947	2596.0569	0.0	0.0
1596	2628762.739	1104979.614	2593.9099	2628762.739	1104979.614	2593.9099	0.0	0.0
1597	2628747.616	1105002.507	2572.6851	2628747.616	1105002.507	2572.6851	0.0	0.0
1598	2628745.775	1105005.287	2570.0171	2628745.775	1105005.287	2570.0171	0.0	0.0
1599	2628735.358	1105015.115	2559.02	2628735.358	1105015.115	2559.02	0.0	0.0
1605	2628579.09	1105009.365	2495.019	2628579.09	1105009.365	2495.019	0.0	0.0
1606	2628562.0649	1105018.209	2495.5549	2628561.808	1105017.717	2495.479	0.5601985541246886	0.0800283648749555
1607	2628545.348	1105025.464	2489.936	2628544.1121	1105025.336	2489.606	1.2855865628223535	0.1836552232603362
1615	2628250.332	1105028.453	2354.917	2628250.073	1105028.778	2354.488	0.5972830150023778	0.0853261450003396
1616	2628249.355	1105033.625	2354.8679	2628249.355	1105033.625	2354.8679	0.0	0.0
1617	2628235.667	1105069.478	2335.085	2628235.54	1105069.837	2334.8589	0.4428670343206473	0.0632667191886639
1618	2628249.355	1105033.625	2354.8679	2628249.355	1105033.625	2354.8679	0.0	0.0
1619	2628223.387	1105109.953	2304.2351	2628223.387	1105109.953	2304.2351	0.0	0.0
1620	2628854.4	1104837.763	2710.4399	2628854.4	1104837.763	2710.4399	0.0	0.0
1621	2628854.4	1104837.763	2710.4399	2628854.4	1104837.763	2710.4399	0.0	0.0
1622	2628854.4	1104837.763	2710.4399	2628854.4	1104837.763	2710.4399	0.0	0.0
1623	2628854.4	1104837.763	2710.4399	2628854.4	1104837.763	2710.4399	0.0	0.0
1624	2628854.4	1104837.763	2710.4399	2628854.4	1104837.763	2710.4399	0.0	0.0
1625	2628854.4	1104837.763	2710.4399	2628854.4	1104837.763	2710.4399	0.0	0.0
1634	2628815.298	1104888.582	2673.176	2628815.298	1104888.582	2673.176	0.0	0.0
1635	2628799.37	1104922.815	2642.4641	2628799.37	1104922.815	2642.4641	0.0	0.0
1636	2628799.37	1104922.815	2642.4641	2628799.37	1104922.815	2642.4641	0.0	0.0
1637	2628795.204	1104930.541	2636.0891	2628795.204	1104930.541	2636.0891	0.0	0.0
1638	2628785.127	1104944.916	2622.812	2628785.127	1104944.916	2622.812	0.0	0.0
1639	2628779.0341	1104954.956	2615.22	2628763.744	1104977.947	2596.0569	33.6094873601538	4.8013553371648285
1640	2628763.744	1104977.947	2596.0569	2628763.744	1104977.947	2596.0569	0.0	0.0
1641	2628762.238	1104980.386	2593.0991	2628761.891	1104980.679	2592.7051	0.6012437110552366	0.0858919587221766
1642	2628754.729	1104991.759	2582.731	2628754.442	1104992.073	2582.4351	0.5181909011307001	0.0740272715901
1643	2628745.613	1105005.437	2569.8811	2628745.526	1105005.651	2569.7209	0.281121041608395	0.0401601488011992
1645	2628722.723	1105024.968	2548.2749	2628722.469	1105025.003	2548.0281	0.3558809352727328	0.0508401336103904
1651	2628574.244	1105024.597	2485.5281	2628574.244	1105024.597	2485.5281	0.0	0.0
1652	2628553.428	1105033.876	2479.614	2628553.903	1105034.099	2480.7439	1.2458041620124063	0.1779720231446295
1653	2628534.897	1105041.25	2476.782	2628535.421	1105041.949	2476.6069	0.8909753140518838	0.1272821877216977
1660	2628250.751	1105028.256	2355.1101	2628250.073	1105028.778	2354.488	1.0579113433033152	0.1511301919004735
1661	2628241.97	1105047.709	2348.771	2628241.918	1105048.145	2348.521	0.505272203869709	0.0721817434099584
1662	2628236.817	1105065.895	2338.406	2628236.817	1105065.895	2338.406	0.0	0.0
1663	2628230.368	1105086.962	2321.436	2628230.368	1105086.962	2321.436	0.0	0.0
1664	2628224.613	1105106.068	2306.644	2628224.613	1105106.068	2306.644	0.0	0.0
1665	2628854.4	1104837.763	2710.4399	2628854.4	1104837.763	2710.4399	0.0	0.0
1666	2628854.4	1104837.763	2710.4399	2628854.4	1104837.763	2710.4399	0.0	0.0
1667	2628854.4	1104837.763	2710.4399	2628854.4	1104837.763	2710.4399	0.0	0.0
1668	2628854.4	1104837.763	2710.4399	2628854.4	1104837.763	2710.4399	0.0	0.0
1669	2628854.4	1104837.763	2710.4399	2628854.4	1104837.763	2710.4399	0.0	0.0
1679	2628815.298	1104888.582	2673.176	2628811.058	1104887.483	2669.3911	5.788857314513103	0.8269796163590147
1680	2628799.37	1104922.815	2642.4641	2628799.37	1104922.815	2642.4641	0.0	0.0
1681	2628799.37	1104922.815	2642.4641	2628799.37	1104922.815	2642.4641	0.0	0.0
1682	2628795.204	1104930.541	2636.0891	2628794.8781	1104931.049	2635.719	0.7079892797105216	0.1011413256729316
1683	2628785.127	1104944.916	2622.812	2628785.127	1104944.916	2622.812	0.0	0.0
1684	2628763.744	1104977.947	2596.0569	2628763.744	1104977.947	2596.0569	0.0	0.0
1685	2628763.744	1104977.947	2596.0569	2628763.744	1104977.947	2596.0569	0.0	0.0
1686	2628762.358	1104980.135	2593.3081	2628762.238	1104980.386	2593.0991	0.3479683893579206	0.0497097699082743
1687	2628753.369	1104992.955	2580.9451	2628753.824	1104993.114	2581.3301	0.6168719478653814	0.0881245639807687
1688	2628745.613	1105005.437	2569.8811	2628745.613	1105005.437	2569.8811	0.0	0.0
1697	2628566.04	1105041.687	2472.491	2628565.046	1105041.693	2472.3799	1.000207583403046	0.1428867976290065
1698	2628549.478	1105050.832	2470.98	2628549.6281	1105051.084	2470.8379	0.3259239481365723	0.0465605640195103
1699	2628524.806	1105054.081	2464.168	2628524.354	1105054.497	2463.749	0.7435865786965938	0.1062266540995134
1705	2628261.402	1105035.25	2355.0659	2628260.375	1105035.267	2354.5239	1.1613707416347494	0.1659101059478213
1706	2628241.614	1105048.745	2348.304	2628241.734	1105049.349	2347.356	1.1304512372526554	0.1614930338932365
1707	2628235.64	1105069.017	2335.761	2628235.667	1105069.478	2335.085	0.8186733169522168	0.1169533309931738
1708	2628230.092	1105087.722	2320.6509	2628230.368	1105086.962	2321.436	1.1270128702886542	0.1610018386126648
1709	2628224.613	1105106.068	2306.644	2628224.613	1105106.068	2306.644	0.0	0.0
1710	2628854.4	1104837.763	2710.4399	2628854.4	1104837.763	2710.4399	0.0	0.0
1711	2628854.4	1104837.763	2710.4399	2628854.4	1104837.763	2710.4399	0.0	0.0
1712	2628854.4	1104837.763	2710.4399	2628854.4	1104837.763	2710.4399	0.0	0.0
1713	2628854.4	1104837.763	2710.4399	2628854.4	1104837.763	2710.4399	0.0	0.0
1714	2628854.4	1104837.763	2710.4399	2628854.4	1104837.763	2710.4399	0.0	0.0
1724	2628815.298	1104888.582	2673.176	2628815.298	1104888.582	2673.176	0.0	0.0
1725	2628799.37	1104922.815	2642.4641	2628799.37	1104922.815	2642.4641	0.0	0.0
1726	2628799.37	1104922.815	2642.4641	2628799.37	1104922.815	2642.4641	0.0	0.0
1727	2628795.204	1104930.541	2636.0891	2628795.204	1104930.541	2636.0891	0.0	0.0
1728	2628785.127	1104944.916	2622.812	2628785.127	1104944.916	2622.812	0.0	0.0
1729	2628763.744	1104977.947	2596.0569	2628763.744	1104977.947	2596.0569	0.0	0.0
1730	2628763.744	1104977.947	2596.0569	2628763.744	1104977.947	2596.0569	0.0	0.0
1731	2628762.0861	1104980.188	2593.134	2628762.238	1104980.386	2593.0991	0.2519833723192637	0.0359976246170376
1743	2628559.0179	1105057.279	2462.2729	2628558.4449	1105057.66	2462.3269	0.6902217032954737	0.0986031004707819
1744	2628539.6851	1105064.908	2459.8601	2628539.551	1105065.141	2459.658	0.336327548646974	0.0480467926638534
1745	2628517.463	1105069.096	2451.8101	2628517.538	1105069.44	2451.5969	0.4116008261121368	0.0588001180160195
1748	2628382.236	1105057.084	2395.6799	2628382.612	1105057.262	2395.624	0.419743743430627	0.059963391918661
1751	2628256.318	1105056.258	2342.6709	2628256.031	1105056.072	2343.1189	0.5636213267801743	0.0805173323971677
1752	2628236.817	1105065.895	2338.406	2628235.64	1105069.017	2335.761	4.257726858204286	0.6082466940291837
1753	2628229.799	1105088.381	2319.936	2628230.368	1105086.962	2321.436	2.141803445605324	0.3059719208007605
1754	2628222.074	1105114.307	2301.7061	2628224.613	1105106.068	2306.644	9.935315717698051	1.4193308168140075
1755	2628854.4	1104837.763	2710.4399	2628854.4	1104837.763	2710.4399	0.0	0.0
1756	2628854.4	1104837.763	2710.4399	2628854.4	1104837.763	2710.4399	0.0	0.0
1757	2628854.4	1104837.763	2710.4399	2628854.4	1104837.763	2710.4399	0.0	0.0
1758	2628854.4	1104837.763	2710.4399	2628854.4	1104837.763	2710.4399	0.0	0.0
1769	2628815.298	1104888.582	2673.176	2628815.298	1104888.582	2673.176	0.0	0.0
1770	2628799.37	1104922.815	2642.4641	2628799.37	1104922.815	2642.4641	0.0	0.0
1771	2628799.37	1104922.815	2642.4641	2628799.37	1104922.815	2642.4641	0.0	0.0
1772	2628795.057	1104930.785	2635.99	2628795.204	1104930.541	2636.0891	0.3016053877827335	0.0430864839689619
1773	2628785.127	1104944.916	2622.812	2628785.127	1104944.916	2622.812	0.0	0.0
1774	2628779.082	1104954.9	2615.282	2628779.082	1104954.9	2615.282	0.0	0.0
1775	2628763.744	1104977.947	2596.0569	2628763.744	1104977.947	2596.0569	0.0	0.0
1789	2628555.213	1105074.572	2453.9709	2628554.921	1105074.109	2454.2891	0.6331541991734818	0.0904505998819259
1790	2628533.96	1105081.218	2448.332	2628531.972	1105080.516	2448.1631	2.115059150391107	0.3021513071987295
1791	2628507.999	1105083.927	2438.7251	2628508.329	1105084.935	2438.4299	1.1009573290304395	0.1572796184329199
1794	2628377.293	1105071.989	2381.9419	2628377.554	1105072.117	2381.707	0.3737419028895835	0.0533917004127976
1797	2628247.712	1105074.851	2329.73	2628248.09	1105075.046	2329.4241	0.5239120251006271	0.0748445750143752
1798	2628234.41	1105085.582	2325.761	2628230.243	1105088.142	2320.177	7.422839416512174	1.0604056309303105
1799	2628224.613	1105106.068	2306.644	2628224.613	1105106.068	2306.644	0.0	0.0
1800	2628854.4	1104837.763	2710.4399	2628854.4	1104837.763	2710.4399	0.0	0.0
1801	2628854.4	1104837.763	2710.4399	2628854.4	1104837.763	2710.4399	0.0	0.0
1802	2628854.4	1104837.763	2710.4399	2628854.4	1104837.763	2710.4399	0.0	0.0
1803	2628854.4	1104837.763	2710.4399	2628854.4	1104837.763	2710.4399	0.0	0.0
1814	2628815.298	1104888.582	2673.176	2628815.298	1104888.582	2673.176	0.0	0.0
1815	2628799.37	1104922.815	2642.4641	2628799.37	1104922.815	2642.4641	0.0	0.0
1816	2628799.37	1104922.815	2642.4641	2628799.37	1104922.815	2642.4641	0.0	0.0
1817	2628795.204	1104930.541	2636.0891	2628795.204	1104930.541	2636.0891	0.0	0.0
1818	2628785.127	1104944.916	2622.812	2628785.127	1104944.916	2622.812	0.0	0.0
1820	2628763.744	1104977.947	2596.0569	2628763.744	1104977.947	2596.0569	0.0	0.0
1835	2628547.2531	1105091.781	2443.502	2628547.126	1105091.872	2443.489	0.1568579291094024	0.0224082755870574
1836	2628531.1949	1105099.222	2439.3611	2628531.1949	1105099.222	2439.3611	0.0	0.0
1837	2628499.014	1105098.929	2426.188	2628498.536	1105098.901	2426.3511	0.5058355563917292	0.0722622223416755
1838	2628467.204	1105102.277	2413.5481	2628466.217	1105102.42	2413.137	1.078712755764263	0.1541018222520375
1839	2628408.479	1105091.731	2384.4961	2628408.688	1105091.473	2384.7949	0.4466838256153499	0.0638119750879071
1840	2628360.012	1105086.914	2363.8411	2628359.242	1105086.556	2364.0959	0.8865591012639084	0.1266513001805583
1842	2628271.106	1105086.371	2325.9141	2628269.316	1105086.038	2325.77	1.826404612948716	0.2609149447069593
1843	2628238.441	1105094.113	2314.27	2628237.838	1105093.858	2314.4199	0.6716427696973564	0.0959489670996223
1844	2628224.613	1105106.068	2306.644	2628224.613	1105106.068	2306.644	0.0	0.0
1845	2628854.4	1104837.763	2710.4399	2628854.4	1104837.763	2710.4399	0.0	0.0
1846	2628854.4	1104837.763	2710.4399	2628854.4	1104837.763	2710.4399	0.0	0.0
1847	2628854.4	1104837.763	2710.4399	2628854.4	1104837.763	2710.4399	0.0	0.0
1860	2628799.37	1104922.815	2642.4641	2628799.37	1104922.815	2642.4641	0.0	0.0
1861	2628799.37	1104922.815	2642.4641	2628799.37	1104922.815	2642.4641	0.0	0.0
1881	2628543.66	1105107.179	2433.4609	2628544.071	1105106.788	2433.821	0.6719181571608461	0.0959883081658351
1882	2628527.671	1105116.508	2430.6111	2628524.63	1105115.168	2429.498	3.5046073404625813	0.5006581914946545
1883	2628497.145	1105117.778	2417.52	2628495.933	1105117.526	2417.345	1.250229178793304	0.1786041683990434
1884	2628460.241	1105118.855	2402.531	2628460.3571	1105117.926	2402.616	0.9400772362191548	0.1342967480313078
1885	2628389.649	1105103.954	2366.741	2628391.706	1105104.472	2366.8511	2.1240750948045464	0.3034392992577923
1888	2628259.559	1105106.027	2310.625	2628259.099	1105105.848	2310.5979	0.4943434129904531	0.0706204875700647
1889	2628229.539	1105113.76	2301.6221	2628230.168	1105113.672	2301.592	0.6358388241032762	0.0908341177290394
1890	2628854.4	1104837.763	2710.4399	2628854.4	1104837.763	2710.4399	0.0	0.0
1891	2628854.4	1104837.763	2710.4399	2628854.4	1104837.763	2710.4399	0.0	0.0
1892	2628854.4	1104837.763	2710.4399	2628854.4	1104837.763	2710.4399	0.0	0.0
1905	2628799.37	1104922.815	2642.4641	2628799.37	1104922.815	2642.4641	0.0	0.0
1927	2628534.673	1105121.954	2420.5459	2628534.838	1105121.638	2421.1641	0.7136191140470406	0.1019455877210058
1928	2628517.4399	1105131.945	2417.3049	2628516.694	1105132.215	2417.0979	0.8198266950886625	0.1171180992983803
1929	2628490.0551	1105134.331	2406.7749	2628489.929	1105134.305	2406.7859	0.1292215539380974	0.0184602219911567
1930	2628451.377	1105134.236	2390.3511	2628451.052	1105133.79	2390.491	0.5693092391794675	0.0813298913113525
1934	2628253.052	1105124.015	2297.7129	2628254.423	1105124.093	2298.1509	1.4413774660068273	0.2059110665724039
1935	2628854.4	1104837.763	2710.4399	2628854.4	1104837.763	2710.4399	0.0	0.0
1936	2628854.4	1104837.763	2710.4399	2628854.4	1104837.763	2710.4399	0.0	0.0
1973	2628519.7581	1105134.646	2405.4519	2628520.9611	1105133.986	2406.6479	1.820226634043042	0.2600323762918631
1974	2628511.161	1105146.919	2406.2009	2628511.161	1105146.618	2406.4861	0.4146565325503651	0.059236647507195
1975	2628478.993	1105148.327	2392.884	2628478.049	1105147.993	2392.7939	1.0053904760813903	0.14362721086877
1976	2628454.191	1105155.372	2385.2019	2628454.1	1105154.944	2385.356	0.4639092692164662	0.0662727527452094
1977	2628373.094	1105137.045	2341.0591	2628372.977	1105137.128	2341.0229	0.1479474232176648	0.0211353461739521
1980	2628854.4	1104837.763	2710.4399	2628854.4	1104837.763	2710.4399	0.0	0.0
1981	2628854.4	1104837.763	2710.4399	2628854.4	1104837.763	2710.4399	0.0	0.0
2019	2628517.095	1105150.276	2400.6709	2628517.1071	1105149.999	2400.4929	0.3294835504230883	0.0470690786318697
2020	2628494.83	1105157.279	2391.218	2628494.335	1105157.066	2391.4509	0.5870574163622051	0.0838653451946007
2021	2628465.696	1105160.999	2378.8589	2628464.756	1105160.858	2379.2661	1.0340661680530865	0.147723738293298
2022	2628449.51	1105172.546	2374.321	2628448.324	1105172.613	2374.833	1.2935335323798205	0.1847905046256886
