ID	X_x	Y_x	Z_x	X_y	Y_y	Z_y	Distances	Velocity
1240	2628550.199	1104871.394	2561.3721	2628550.588	1104872.805	2561.3069	1.465091478216597	0.2092987826023709
1241	2628522.2271	1104873.147	2553.8569	2628521.507	1104873.794	2553.104	1.2263814330077514	0.1751973475725359
1242	2628478.481	1104857.041	2540.1851	2628478.027	1104857.211	2540.021	0.5118054418588127	0.0731150631226875
1243	2628455.189	1104862.375	2535.7781	2628443.464	1104853.148	2530.2471	15.912420148752943	2.2732028783932776
1286	2628542.84	1104891.308	2549.0129	2628543.024	1104892.812	2548.5801	1.5758133899681075	0.2251161985668725
1287	2628519.486	1104894.259	2543.8889	2628518.921	1104895.076	2543.5911	1.0370143873737825	0.1481449124819689
1288	2628479.13	1104882.82	2530.488	2628479.078	1104882.936	2530.4509	0.1324251107159992	0.0189178729594284
1289	2628447.067	1104880.395	2522.512	2628447.0179	1104880.771	2522.2429	0.4649748594739528	0.0664249799248504
1332	2628540.7469	1104911.966	2538.2891	2628541.118	1104913.005	2538.3579	1.1054273605577671	0.1579181943653953
1333	2628518.469	1104917.717	2533.957	2628520.186	1104919.775	2534.23	2.6940642160967734	0.3848663165852533
1334	2628473.606	1104906.107	2518.5471	2628473.3101	1104907.135	2517.9741	1.2135360769319643	0.1733622967045663
1378	2628530.282	1104927.092	2525.376	2628530.363	1104927.486	2525.1699	0.4519670452945756	0.0645667207563679
1379	2628506.304	1104932.026	2519.7	2628505.651	1104932.73	2518.8989	1.2505143780804864	0.1786449111543551
1380	2628470.764	1104928.255	2507.2749	2628470.406	1104929.076	2506.991	0.9395766120967268	0.1342252302995324
1423	2628563.271	1104949.744	2529.291	2628563.597	1104950.077	2529.2351	0.4693504127959464	0.0670500589708495
1424	2628526.824	1104948.236	2515.5891	2628527.726	1104949.872	2515.801	1.8801599956887225	0.2685942850983889
1425	2628501.316	1104951.521	2507.9819	2628500.795	1104951.989	2507.8181	0.7192325356191523	0.1027475050884503
1426	2628461.847	1104944.816	2493.843	2628463.6	1104946.363	2494.281	2.3786681146041646	0.3398097306577378
1470	2628534.392	1104973.781	2511.4319	2628526.3929	1104967.814	2506.8479	10.981973675595093	1.5688533822278703
1471	2628495.689	1104971.07	2497.698	2628495.172	1104971.504	2497.1179	0.8900342745637079	0.1271477535091011
1472	2628457.2	1104965.493	2483.103	2628459.129	1104967.268	2483.5979	2.667694137206118	0.3810991624580168
1516	2628523.2469	1104989.178	2498.01	2628523.897	1104989.342	2498.0681	0.6729796576542754	0.0961399510934679
1517	2628496.38	1104994.795	2489.1541	2628496.252	1104995.389	2488.844	0.6821891307074963	0.0974555901010709
1518	2628445.719	1104980.953	2469.6411	2628446.265	1104981.996	2469.573	1.179238148225257	0.1684625926036081
1562	2628514.089	1105004.043	2485.6521	2628514.089	1105004.043	2485.6521	0.0	0.0
1563	2628485.6	1105007.729	2475.6919	2628485.858	1105007.941	2475.635	0.3387412138790079	0.0483916019827154
1564	2628440.7889	1105000.019	2458.8621	2628440.14	1105000.047	2458.241	0.8986770386979502	0.1283824340997071
1608	2628504.809	1105020.073	2472.448	2628504.666	1105020.164	2472.375	0.1845508057805801	0.0263644008257971
1609	2628470.8409	1105020.103	2460.2329	2628470.113	1105020.39	2459.824	0.8828400876869956	0.1261200125267136
1610	2628433.296	1105017.212	2446.406	2628433.153	1105017.47	2446.2151	0.3513627897210486	0.050194684245864
1654	2628488.7371	1105031.112	2456.9319	2628488.7371	1105031.112	2456.9319	0.0	0.0
1655	2628459.053	1105034.931	2446.323	2628457.6689	1105034.585	2445.7681	1.530804631506094	0.2186863759294419
1656	2628421.2791	1105031.777	2430.9651	2628421.2791	1105031.777	2430.9651	0.0	0.0
1700	2628481.701	1105046.942	2444.1021	2628481.701	1105046.942	2444.1021	0.0	0.0
1701	2628450.781	1105049.619	2433.01	2628451.674	1105049.702	2433.3611	0.9631247117045852	0.1375892445292264
1702	2628412.429	1105049.244	2418.0591	2628412.854	1105049.473	2418.1211	0.486734013465975	0.0695334304951393
1746	2628468.828	1105062.18	2429.1631	2628469.3521	1105062.461	2429.3811	0.6333765148230616	0.0904823592604373
1747	2628438.976	1105063.826	2417.5601	2628438.564	1105063.864	2417.6509	0.4235949008457321	0.060513557263676
1748	2628393.14	1105061.454	2400.1111	2628392.705	1105061.618	2399.823	0.5469210272823325	0.0781315753260475
1792	2628463.027	1105079.027	2418.2739	2628463.027	1105079.027	2418.2739	0.0	0.0
1793	2628423.486	1105078.305	2401.3459	2628423.486	1105078.305	2401.3459	0.0	0.0
