ID	X_x	Y_x	Z_x	X_y	Y_y	Z_y	Distances	Velocity
10	2628632.103	1104505.282	2802.4541	2628632.103	1104505.282	2802.4541	0.0	0.0
11	2628632.103	1104505.282	2802.4541	2628632.103	1104505.282	2802.4541	0.0	0.0
12	2628632.103	1104505.282	2802.4541	2628632.103	1104505.282	2802.4541	0.0	0.0
13	2628632.103	1104505.282	2802.4541	2628632.103	1104505.282	2802.4541	0.0	0.0
14	2628564.757	1104513.436	2769.6909	2628564.757	1104513.436	2769.6909	0.0	0.0
15	2628564.757	1104513.436	2769.6909	2628564.757	1104513.436	2769.6909	0.0	0.0
16	2628564.757	1104513.436	2769.6909	2628564.757	1104513.436	2769.6909	0.0	0.0
17	2628564.757	1104513.436	2769.6909	2628564.757	1104513.436	2769.6909	0.0	0.0
18	2628564.757	1104513.436	2769.6909	2628564.757	1104513.436	2769.6909	0.0	0.0
19	2628564.757	1104513.436	2769.6909	2628564.757	1104513.436	2769.6909	0.0	0.0
20	2628564.757	1104513.436	2769.6909	2628564.757	1104513.436	2769.6909	0.0	0.0
21	2628564.757	1104513.436	2769.6909	2628564.757	1104513.436	2769.6909	0.0	0.0
22	2628426.201	1104659.689	2643.46	2628426.071	1104659.034	2643.5779	0.6781042766474701	0.0968720395210671
23	2628419.439	1104670.181	2637.4299	2628419.439	1104670.181	2637.4299	0.0	0.0
24	2628419.439	1104670.181	2637.4299	2628419.439	1104670.181	2637.4299	0.0	0.0
25	2628396.415	1104727.809	2590.585	2628397.832	1104730.56	2588.79	3.577417364610545	0.5110596235157921
26	2628397.009	1104733.501	2587.8831	2628397.009	1104733.501	2587.8831	0.0	0.0
27	2628397.009	1104733.501	2587.8831	2628397.009	1104733.501	2587.8831	0.0	0.0
28	2628397.009	1104733.501	2587.8831	2628397.009	1104733.501	2587.8831	0.0	0.0
29	2628397.009	1104733.501	2587.8831	2628397.009	1104733.501	2587.8831	0.0	0.0
30	2628397.009	1104733.501	2587.8831	2628397.009	1104733.501	2587.8831	0.0	0.0
31	2628397.009	1104733.501	2587.8831	2628397.009	1104733.501	2587.8831	0.0	0.0
32	2628397.009	1104733.501	2587.8831	2628397.009	1104733.501	2587.8831	0.0	0.0
33	2628373.755	1104923.795	2462.929	2628373.755	1104923.795	2462.929	0.0	0.0
55	2628632.103	1104505.282	2802.4541	2628632.103	1104505.282	2802.4541	0.0	0.0
56	2628632.103	1104505.282	2802.4541	2628632.103	1104505.282	2802.4541	0.0	0.0
57	2628632.103	1104505.282	2802.4541	2628632.103	1104505.282	2802.4541	0.0	0.0
58	2628632.103	1104505.282	2802.4541	2628632.103	1104505.282	2802.4541	0.0	0.0
59	2628564.757	1104513.436	2769.6909	2628564.757	1104513.436	2769.6909	0.0	0.0
60	2628564.757	1104513.436	2769.6909	2628564.757	1104513.436	2769.6909	0.0	0.0
61	2628564.757	1104513.436	2769.6909	2628564.757	1104513.436	2769.6909	0.0	0.0
62	2628564.757	1104513.436	2769.6909	2628564.757	1104513.436	2769.6909	0.0	0.0
63	2628564.757	1104513.436	2769.6909	2628564.757	1104513.436	2769.6909	0.0	0.0
64	2628564.757	1104513.436	2769.6909	2628564.757	1104513.436	2769.6909	0.0	0.0
65	2628564.757	1104513.436	2769.6909	2628564.757	1104513.436	2769.6909	0.0	0.0
66	2628564.757	1104513.436	2769.6909	2628564.757	1104513.436	2769.6909	0.0	0.0
67	2628428.046	1104663.164	2643.2561	2628428.046	1104663.164	2643.2561	0.0	0.0
68	2628419.439	1104670.181	2637.4299	2628419.439	1104670.181	2637.4299	0.0	0.0
69	2628419.439	1104670.181	2637.4299	2628419.439	1104670.181	2637.4299	0.0	0.0
70	2628396.891	1104721.998	2596.9529	2628396.891	1104721.998	2596.9529	0.0	0.0
71	2628397.009	1104733.501	2587.8831	2628397.009	1104733.501	2587.8831	0.0	0.0
72	2628397.009	1104733.501	2587.8831	2628397.009	1104733.501	2587.8831	0.0	0.0
73	2628397.009	1104733.501	2587.8831	2628397.009	1104733.501	2587.8831	0.0	0.0
74	2628397.009	1104733.501	2587.8831	2628397.009	1104733.501	2587.8831	0.0	0.0
75	2628397.009	1104733.501	2587.8831	2628397.009	1104733.501	2587.8831	0.0	0.0
76	2628397.009	1104733.501	2587.8831	2628397.009	1104733.501	2587.8831	0.0	0.0
77	2628397.009	1104733.501	2587.8831	2628397.009	1104733.501	2587.8831	0.0	0.0
78	2628364.768	1104925.403	2456.301	2628364.768	1104925.403	2456.301	0.0	0.0
100	2628632.103	1104505.282	2802.4541	2628632.103	1104505.282	2802.4541	0.0	0.0
101	2628632.103	1104505.282	2802.4541	2628632.103	1104505.282	2802.4541	0.0	0.0
102	2628632.103	1104505.282	2802.4541	2628632.103	1104505.282	2802.4541	0.0	0.0
103	2628632.103	1104505.282	2802.4541	2628632.103	1104505.282	2802.4541	0.0	0.0
104	2628564.757	1104513.436	2769.6909	2628564.757	1104513.436	2769.6909	0.0	0.0
105	2628564.757	1104513.436	2769.6909	2628564.757	1104513.436	2769.6909	0.0	0.0
106	2628564.757	1104513.436	2769.6909	2628564.757	1104513.436	2769.6909	0.0	0.0
107	2628564.757	1104513.436	2769.6909	2628564.757	1104513.436	2769.6909	0.0	0.0
108	2628564.757	1104513.436	2769.6909	2628564.757	1104513.436	2769.6909	0.0	0.0
109	2628564.757	1104513.436	2769.6909	2628564.757	1104513.436	2769.6909	0.0	0.0
110	2628564.757	1104513.436	2769.6909	2628564.757	1104513.436	2769.6909	0.0	0.0
111	2628564.757	1104513.436	2769.6909	2628564.757	1104513.436	2769.6909	0.0	0.0
112	2628427.089	1104662.762	2642.6919	2628428.046	1104663.164	2643.2561	1.1814290668002765	0.168775580971468
113	2628419.439	1104670.181	2637.4299	2628419.439	1104670.181	2637.4299	0.0	0.0
114	2628419.439	1104670.181	2637.4299	2628419.439	1104670.181	2637.4299	0.0	0.0
115	2628397.569	1104723.089	2596.342	2628397.569	1104723.089	2596.342	0.0	0.0
116	2628397.009	1104733.501	2587.8831	2628397.009	1104733.501	2587.8831	0.0	0.0
117	2628397.009	1104733.501	2587.8831	2628397.009	1104733.501	2587.8831	0.0	0.0
118	2628397.009	1104733.501	2587.8831	2628397.009	1104733.501	2587.8831	0.0	0.0
119	2628397.009	1104733.501	2587.8831	2628397.009	1104733.501	2587.8831	0.0	0.0
120	2628397.009	1104733.501	2587.8831	2628397.009	1104733.501	2587.8831	0.0	0.0
121	2628397.009	1104733.501	2587.8831	2628397.009	1104733.501	2587.8831	0.0	0.0
122	2628397.009	1104733.501	2587.8831	2628397.009	1104733.501	2587.8831	0.0	0.0
123	2628373.755	1104923.795	2462.929	2628373.755	1104923.795	2462.929	0.0	0.0
145	2628632.103	1104505.282	2802.4541	2628632.103	1104505.282	2802.4541	0.0	0.0
146	2628632.103	1104505.282	2802.4541	2628632.103	1104505.282	2802.4541	0.0	0.0
147	2628632.103	1104505.282	2802.4541	2628632.103	1104505.282	2802.4541	0.0	0.0
148	2628632.103	1104505.282	2802.4541	2628632.103	1104505.282	2802.4541	0.0	0.0
149	2628564.757	1104513.436	2769.6909	2628564.757	1104513.436	2769.6909	0.0	0.0
150	2628564.757	1104513.436	2769.6909	2628564.757	1104513.436	2769.6909	0.0	0.0
151	2628564.757	1104513.436	2769.6909	2628564.757	1104513.436	2769.6909	0.0	0.0
152	2628564.757	1104513.436	2769.6909	2628564.757	1104513.436	2769.6909	0.0	0.0
153	2628564.757	1104513.436	2769.6909	2628564.757	1104513.436	2769.6909	0.0	0.0
155	2628564.757	1104513.436	2769.6909	2628564.757	1104513.436	2769.6909	0.0	0.0
156	2628442.646	1104630.67	2666.2451	2628442.646	1104630.67	2666.2451	0.0	0.0
157	2628427.089	1104662.762	2642.6919	2628427.089	1104662.762	2642.6919	0.0	0.0
158	2628419.439	1104670.181	2637.4299	2628419.439	1104670.181	2637.4299	0.0	0.0
159	2628419.439	1104670.181	2637.4299	2628419.439	1104670.181	2637.4299	0.0	0.0
160	2628395.987	1104719.162	2600.8081	2628395.987	1104719.162	2600.8081	0.0	0.0
161	2628397.009	1104733.501	2587.8831	2628397.009	1104733.501	2587.8831	0.0	0.0
162	2628397.009	1104733.501	2587.8831	2628397.009	1104733.501	2587.8831	0.0	0.0
163	2628397.009	1104733.501	2587.8831	2628397.009	1104733.501	2587.8831	0.0	0.0
164	2628397.009	1104733.501	2587.8831	2628397.009	1104733.501	2587.8831	0.0	0.0
165	2628397.009	1104733.501	2587.8831	2628397.009	1104733.501	2587.8831	0.0	0.0
166	2628397.009	1104733.501	2587.8831	2628397.009	1104733.501	2587.8831	0.0	0.0
167	2628397.009	1104733.501	2587.8831	2628397.009	1104733.501	2587.8831	0.0	0.0
168	2628373.755	1104923.795	2462.929	2628373.755	1104923.795	2462.929	0.0	0.0
190	2628632.103	1104505.282	2802.4541	2628632.103	1104505.282	2802.4541	0.0	0.0
191	2628632.103	1104505.282	2802.4541	2628632.103	1104505.282	2802.4541	0.0	0.0
192	2628632.103	1104505.282	2802.4541	2628632.103	1104505.282	2802.4541	0.0	0.0
193	2628564.757	1104513.436	2769.6909	2628564.757	1104513.436	2769.6909	0.0	0.0
194	2628564.757	1104513.436	2769.6909	2628564.757	1104513.436	2769.6909	0.0	0.0
195	2628564.757	1104513.436	2769.6909	2628564.757	1104513.436	2769.6909	0.0	0.0
196	2628564.757	1104513.436	2769.6909	2628564.757	1104513.436	2769.6909	0.0	0.0
197	2628564.757	1104513.436	2769.6909	2628564.757	1104513.436	2769.6909	0.0	0.0
198	2628564.757	1104513.436	2769.6909	2628564.757	1104513.436	2769.6909	0.0	0.0
200	2628564.757	1104513.436	2769.6909	2628564.757	1104513.436	2769.6909	0.0	0.0
201	2628442.646	1104630.67	2666.2451	2628442.646	1104630.67	2666.2451	0.0	0.0
202	2628427.089	1104662.762	2642.6919	2628427.089	1104662.762	2642.6919	0.0	0.0
203	2628419.439	1104670.181	2637.4299	2628419.439	1104670.181	2637.4299	0.0	0.0
204	2628419.439	1104670.181	2637.4299	2628419.439	1104670.181	2637.4299	0.0	0.0
205	2628399.492	1104728.371	2591.7991	2628399.492	1104728.371	2591.7991	0.0	0.0
206	2628397.009	1104733.501	2587.8831	2628397.009	1104733.501	2587.8831	0.0	0.0
207	2628397.009	1104733.501	2587.8831	2628397.009	1104733.501	2587.8831	0.0	0.0
208	2628397.009	1104733.501	2587.8831	2628397.009	1104733.501	2587.8831	0.0	0.0
209	2628397.009	1104733.501	2587.8831	2628397.009	1104733.501	2587.8831	0.0	0.0
210	2628397.009	1104733.501	2587.8831	2628397.009	1104733.501	2587.8831	0.0	0.0
211	2628397.009	1104733.501	2587.8831	2628397.009	1104733.501	2587.8831	0.0	0.0
212	2628397.009	1104733.501	2587.8831	2628397.009	1104733.501	2587.8831	0.0	0.0
213	2628373.755	1104923.795	2462.929	2628373.755	1104923.795	2462.929	0.0	0.0
235	2628632.103	1104505.282	2802.4541	2628632.103	1104505.282	2802.4541	0.0	0.0
236	2628632.103	1104505.282	2802.4541	2628632.103	1104505.282	2802.4541	0.0	0.0
237	2628632.103	1104505.282	2802.4541	2628632.103	1104505.282	2802.4541	0.0	0.0
238	2628564.757	1104513.436	2769.6909	2628564.757	1104513.436	2769.6909	0.0	0.0
239	2628564.757	1104513.436	2769.6909	2628564.757	1104513.436	2769.6909	0.0	0.0
240	2628564.757	1104513.436	2769.6909	2628564.757	1104513.436	2769.6909	0.0	0.0
241	2628564.757	1104513.436	2769.6909	2628564.757	1104513.436	2769.6909	0.0	0.0
242	2628564.757	1104513.436	2769.6909	2628564.757	1104513.436	2769.6909	0.0	0.0
245	2628450.577	1104622.966	2670.1699	2628451.606	1104622.899	2670.5449	1.097248832400643	0.1567498332000918
246	2628442.646	1104630.67	2666.2451	2628442.646	1104630.67	2666.2451	0.0	0.0
247	2628428.046	1104663.164	2643.2561	2628428.046	1104663.164	2643.2561	0.0	0.0
248	2628419.439	1104670.181	2637.4299	2628419.439	1104670.181	2637.4299	0.0	0.0
249	2628419.439	1104670.181	2637.4299	2628419.439	1104670.181	2637.4299	0.0	0.0
250	2628399.423	1104728.827	2591.457	2628399.423	1104728.827	2591.457	0.0	0.0
251	2628397.009	1104733.501	2587.8831	2628397.009	1104733.501	2587.8831	0.0	0.0
252	2628397.009	1104733.501	2587.8831	2628397.009	1104733.501	2587.8831	0.0	0.0
253	2628397.009	1104733.501	2587.8831	2628397.009	1104733.501	2587.8831	0.0	0.0
254	2628397.009	1104733.501	2587.8831	2628397.009	1104733.501	2587.8831	0.0	0.0
255	2628397.009	1104733.501	2587.8831	2628397.009	1104733.501	2587.8831	0.0	0.0
256	2628397.009	1104733.501	2587.8831	2628397.009	1104733.501	2587.8831	0.0	0.0
257	2628397.009	1104733.501	2587.8831	2628397.009	1104733.501	2587.8831	0.0	0.0
258	2628374.76	1104920.957	2465.821	2628374.76	1104920.957	2465.821	0.0	0.0
280	2628632.103	1104505.282	2802.4541	2628632.103	1104505.282	2802.4541	0.0	0.0
281	2628632.103	1104505.282	2802.4541	2628632.103	1104505.282	2802.4541	0.0	0.0
282	2628584.207	1104516.514	2778.25	2628581.953	1104515.039	2777.5691	2.77844665385984	0.3969209505514057
283	2628564.757	1104513.436	2769.6909	2628564.757	1104513.436	2769.6909	0.0	0.0
284	2628564.757	1104513.436	2769.6909	2628564.757	1104513.436	2769.6909	0.0	0.0
285	2628564.757	1104513.436	2769.6909	2628564.757	1104513.436	2769.6909	0.0	0.0
286	2628564.757	1104513.436	2769.6909	2628564.757	1104513.436	2769.6909	0.0	0.0
287	2628564.757	1104513.436	2769.6909	2628564.757	1104513.436	2769.6909	0.0	0.0
290	2628449.926	1104622.86	2669.9399	2628449.926	1104622.86	2669.9399	0.0	0.0
291	2628442.646	1104630.67	2666.2451	2628442.646	1104630.67	2666.2451	0.0	0.0
292	2628427.089	1104662.762	2642.6919	2628427.089	1104662.762	2642.6919	0.0	0.0
293	2628419.439	1104670.181	2637.4299	2628419.439	1104670.181	2637.4299	0.0	0.0
294	2628419.439	1104670.181	2637.4299	2628419.439	1104670.181	2637.4299	0.0	0.0
295	2628399.423	1104728.827	2591.457	2628399.423	1104728.827	2591.457	0.0	0.0
296	2628397.009	1104733.501	2587.8831	2628397.009	1104733.501	2587.8831	0.0	0.0
297	2628397.009	1104733.501	2587.8831	2628397.009	1104733.501	2587.8831	0.0	0.0
298	2628397.009	1104733.501	2587.8831	2628397.009	1104733.501	2587.8831	0.0	0.0
299	2628397.009	1104733.501	2587.8831	2628397.009	1104733.501	2587.8831	0.0	0.0
300	2628397.009	1104733.501	2587.8831	2628397.009	1104733.501	2587.8831	0.0	0.0
301	2628397.009	1104733.501	2587.8831	2628397.009	1104733.501	2587.8831	0.0	0.0
302	2628397.009	1104733.501	2587.8831	2628397.009	1104733.501	2587.8831	0.0	0.0
303	2628373.755	1104923.795	2462.929	2628373.755	1104923.795	2462.929	0.0	0.0
325	2628632.103	1104505.282	2802.4541	2628632.103	1104505.282	2802.4541	0.0	0.0
326	2628632.103	1104505.282	2802.4541	2628632.103	1104505.282	2802.4541	0.0	0.0
327	2628585.184	1104515.364	2779.0791	2628583.975	1104514.173	2778.7791	1.7234157942211024	0.2462022563173003
328	2628564.757	1104513.436	2769.6909	2628564.757	1104513.436	2769.6909	0.0	0.0
329	2628564.757	1104513.436	2769.6909	2628564.757	1104513.436	2769.6909	0.0	0.0
330	2628564.757	1104513.436	2769.6909	2628564.757	1104513.436	2769.6909	0.0	0.0
331	2628564.757	1104513.436	2769.6909	2628564.757	1104513.436	2769.6909	0.0	0.0
335	2628449.479	1104623.568	2669.603	2628450.246	1104623.759	2669.917	0.8505092592263448	0.1215013227466206
336	2628442.646	1104630.67	2666.2451	2628442.646	1104630.67	2666.2451	0.0	0.0
337	2628427.089	1104662.762	2642.6919	2628427.089	1104662.762	2642.6919	0.0	0.0
338	2628419.439	1104670.181	2637.4299	2628419.439	1104670.181	2637.4299	0.0	0.0
339	2628419.439	1104670.181	2637.4299	2628419.439	1104670.181	2637.4299	0.0	0.0
340	2628399.423	1104728.827	2591.457	2628399.423	1104728.827	2591.457	0.0	0.0
341	2628397.009	1104733.501	2587.8831	2628397.009	1104733.501	2587.8831	0.0	0.0
342	2628397.009	1104733.501	2587.8831	2628397.009	1104733.501	2587.8831	0.0	0.0
343	2628397.009	1104733.501	2587.8831	2628397.009	1104733.501	2587.8831	0.0	0.0
344	2628397.009	1104733.501	2587.8831	2628397.009	1104733.501	2587.8831	0.0	0.0
345	2628397.009	1104733.501	2587.8831	2628397.009	1104733.501	2587.8831	0.0	0.0
346	2628397.009	1104733.501	2587.8831	2628397.009	1104733.501	2587.8831	0.0	0.0
347	2628397.009	1104733.501	2587.8831	2628397.009	1104733.501	2587.8831	0.0	0.0
348	2628373.755	1104923.795	2462.929	2628373.755	1104923.795	2462.929	0.0	0.0
370	2628632.103	1104505.282	2802.4541	2628632.103	1104505.282	2802.4541	0.0	0.0
372	2628582.481	1104517.107	2777.4719	2628582.481	1104517.107	2777.4719	0.0	0.0
373	2628564.757	1104513.436	2769.6909	2628564.757	1104513.436	2769.6909	0.0	0.0
374	2628564.757	1104513.436	2769.6909	2628564.757	1104513.436	2769.6909	0.0	0.0
375	2628535.0601	1104534.28	2746.2639	2628535.0601	1104534.28	2746.2639	0.0	0.0
380	2628450.246	1104623.759	2669.917	2628449.926	1104622.86	2669.9399	0.9545288941929266	0.1363612705989895
381	2628442.646	1104630.67	2666.2451	2628442.646	1104630.67	2666.2451	0.0	0.0
382	2628427.089	1104662.762	2642.6919	2628427.089	1104662.762	2642.6919	0.0	0.0
383	2628419.439	1104670.181	2637.4299	2628419.439	1104670.181	2637.4299	0.0	0.0
384	2628419.439	1104670.181	2637.4299	2628419.439	1104670.181	2637.4299	0.0	0.0
385	2628399.423	1104728.827	2591.457	2628399.423	1104728.827	2591.457	0.0	0.0
386	2628397.009	1104733.501	2587.8831	2628397.009	1104733.501	2587.8831	0.0	0.0
387	2628397.009	1104733.501	2587.8831	2628397.009	1104733.501	2587.8831	0.0	0.0
388	2628397.009	1104733.501	2587.8831	2628397.009	1104733.501	2587.8831	0.0	0.0
389	2628397.009	1104733.501	2587.8831	2628397.009	1104733.501	2587.8831	0.0	0.0
390	2628397.009	1104733.501	2587.8831	2628397.009	1104733.501	2587.8831	0.0	0.0
391	2628397.009	1104733.501	2587.8831	2628397.009	1104733.501	2587.8831	0.0	0.0
392	2628397.009	1104733.501	2587.8831	2628397.009	1104733.501	2587.8831	0.0	0.0
393	2628373.755	1104923.795	2462.929	2628373.755	1104923.795	2462.929	0.0	0.0
405	2628901.0551	1104643.075	2832.9131	2628899.851	1104640.525	2832.634	2.8337702131144304	0.4048243161592043
415	2628628.194	1104511.993	2799.0359	2628628.933	1104513.157	2798.78	1.40232015238784	0.20033145034112
417	2628583.464	1104515.343	2778.115	2628584.207	1104516.514	2778.25	1.3933825746517303	0.1990546535216757
418	2628564.757	1104513.436	2769.6909	2628564.757	1104513.436	2769.6909	0.0	0.0
419	2628564.757	1104513.436	2769.6909	2628564.757	1104513.436	2769.6909	0.0	0.0
420	2628535.0601	1104534.28	2746.2639	2628535.0601	1104534.28	2746.2639	0.0	0.0
425	2628449.926	1104622.86	2669.9399	2628449.926	1104622.86	2669.9399	0.0	0.0
426	2628442.646	1104630.67	2666.2451	2628442.646	1104630.67	2666.2451	0.0	0.0
427	2628427.089	1104662.762	2642.6919	2628428.046	1104663.164	2643.2561	1.1814290668002765	0.168775580971468
428	2628419.439	1104670.181	2637.4299	2628419.439	1104670.181	2637.4299	0.0	0.0
429	2628419.439	1104670.181	2637.4299	2628419.439	1104670.181	2637.4299	0.0	0.0
430	2628397.569	1104723.089	2596.342	2628397.569	1104723.089	2596.342	0.0	0.0
431	2628397.009	1104733.501	2587.8831	2628397.009	1104733.501	2587.8831	0.0	0.0
432	2628397.009	1104733.501	2587.8831	2628397.009	1104733.501	2587.8831	0.0	0.0
433	2628397.009	1104733.501	2587.8831	2628397.009	1104733.501	2587.8831	0.0	0.0
434	2628397.009	1104733.501	2587.8831	2628397.009	1104733.501	2587.8831	0.0	0.0
435	2628397.009	1104733.501	2587.8831	2628397.009	1104733.501	2587.8831	0.0	0.0
436	2628397.009	1104733.501	2587.8831	2628397.009	1104733.501	2587.8831	0.0	0.0
437	2628397.009	1104733.501	2587.8831	2628397.009	1104733.501	2587.8831	0.0	0.0
438	2628373.755	1104923.795	2462.929	2628373.755	1104923.795	2462.929	0.0	0.0
450	2628918.297	1104679.326	2825.564	2628918.561	1104679.655	2825.519	0.424219283298798	0.0606027547569711
451	2628895.533	1104665.049	2822.3911	2628895.533	1104665.049	2822.3911	0.0	0.0
452	2628876.431	1104659.65	2819.915	2628876.431	1104659.65	2819.915	0.0	0.0
461	2628619.749	1104532.201	2784.5249	2628619.749	1104532.201	2784.5249	0.0	0.0
462	2628582.7	1104516.278	2777.729	2628582.7	1104516.278	2777.729	0.0	0.0
463	2628564.757	1104513.436	2769.6909	2628564.757	1104513.436	2769.6909	0.0	0.0
464	2628547.439	1104535.12	2753.9551	2628547.439	1104535.12	2753.9551	0.0	0.0
465	2628535.0601	1104534.28	2746.2639	2628535.0601	1104534.28	2746.2639	0.0	0.0
470	2628449.926	1104622.86	2669.9399	2628449.926	1104622.86	2669.9399	0.0	0.0
471	2628442.646	1104630.67	2666.2451	2628442.646	1104630.67	2666.2451	0.0	0.0
472	2628427.089	1104662.762	2642.6919	2628428.046	1104663.164	2643.2561	1.1814290668002765	0.168775580971468
473	2628419.439	1104670.181	2637.4299	2628419.439	1104670.181	2637.4299	0.0	0.0
474	2628419.439	1104670.181	2637.4299	2628419.439	1104670.181	2637.4299	0.0	0.0
475	2628397.839	1104723.888	2595.6021	2628397.569	1104723.089	2596.342	1.1219416251279084	0.1602773750182726
476	2628397.009	1104733.501	2587.8831	2628397.009	1104733.501	2587.8831	0.0	0.0
477	2628397.009	1104733.501	2587.8831	2628397.009	1104733.501	2587.8831	0.0	0.0
478	2628397.009	1104733.501	2587.8831	2628397.009	1104733.501	2587.8831	0.0	0.0
479	2628397.009	1104733.501	2587.8831	2628397.009	1104733.501	2587.8831	0.0	0.0
480	2628397.009	1104733.501	2587.8831	2628397.009	1104733.501	2587.8831	0.0	0.0
481	2628397.009	1104733.501	2587.8831	2628397.009	1104733.501	2587.8831	0.0	0.0
482	2628397.009	1104733.501	2587.8831	2628397.009	1104733.501	2587.8831	0.0	0.0
483	2628373.755	1104923.795	2462.929	2628373.755	1104923.795	2462.929	0.0	0.0
495	2628928.302	1104699.329	2817.1589	2628928.302	1104699.329	2817.1589	0.0	0.0
496	2628911.718	1104697.648	2815.092	2628911.718	1104697.648	2815.092	0.0	0.0
497	2628891.913	1104689.666	2812.1709	2628891.913	1104689.666	2812.1709	0.0	0.0
498	2628869.326	1104677.422	2808.4319	2628869.172	1104677.432	2808.3931	0.1591271190904898	0.0227324455843556
507	2628610.2209	1104552.391	2768.679	2628610.2209	1104552.391	2768.679	0.0	0.0
508	2628571.2209	1104533.103	2763.5471	2628571.2209	1104533.103	2763.5471	0.0	0.0
509	2628547.134	1104535.938	2753.623	2628547.134	1104535.938	2753.623	0.0	0.0
510	2628535.0601	1104534.28	2746.2639	2628535.0601	1104534.28	2746.2639	0.0	0.0
515	2628450.679	1104625.43	2669.752	2628450.679	1104625.43	2669.752	0.0	0.0
516	2628442.646	1104630.67	2666.2451	2628442.646	1104630.67	2666.2451	0.0	0.0
517	2628428.046	1104663.164	2643.2561	2628428.046	1104663.164	2643.2561	0.0	0.0
518	2628419.439	1104670.181	2637.4299	2628419.439	1104670.181	2637.4299	0.0	0.0
519	2628419.439	1104670.181	2637.4299	2628419.439	1104670.181	2637.4299	0.0	0.0
520	2628397.839	1104723.888	2595.6021	2628397.569	1104723.089	2596.342	1.1219416251279084	0.1602773750182726
521	2628397.009	1104733.501	2587.8831	2628397.009	1104733.501	2587.8831	0.0	0.0
522	2628397.009	1104733.501	2587.8831	2628397.009	1104733.501	2587.8831	0.0	0.0
523	2628397.009	1104733.501	2587.8831	2628397.009	1104733.501	2587.8831	0.0	0.0
524	2628397.009	1104733.501	2587.8831	2628397.009	1104733.501	2587.8831	0.0	0.0
525	2628397.009	1104733.501	2587.8831	2628397.009	1104733.501	2587.8831	0.0	0.0
526	2628397.009	1104733.501	2587.8831	2628397.009	1104733.501	2587.8831	0.0	0.0
527	2628397.009	1104733.501	2587.8831	2628397.009	1104733.501	2587.8831	0.0	0.0
528	2628373.755	1104923.795	2462.929	2628373.755	1104923.795	2462.929	0.0	0.0
540	2628935.333	1104712.591	2807.4021	2628935.355	1104712.659	2807.3291	0.1021616365896808	0.0145945195128115
541	2628919.019	1104711.93	2805.719	2628919.019	1104711.93	2805.719	0.0	0.0
542	2628902.799	1104711.248	2803.354	2628902.799	1104711.248	2803.354	0.0	0.0
543	2628885.478	1104707.59	2801.26	2628885.478	1104707.59	2801.26	0.0	0.0
544	2628867.861	1104705.329	2799.1279	2628867.4659	1104704.983	2799.1101	0.5254872499057063	0.0750696071293866
554	2628558.392	1104551.723	2746.53	2628558.392	1104551.723	2746.53	0.0	0.0
560	2628449.926	1104622.86	2669.9399	2628449.926	1104622.86	2669.9399	0.0	0.0
561	2628442.646	1104630.67	2666.2451	2628442.646	1104630.67	2666.2451	0.0	0.0
562	2628427.089	1104662.762	2642.6919	2628428.046	1104663.164	2643.2561	1.1814290668002765	0.168775580971468
563	2628419.439	1104670.181	2637.4299	2628419.439	1104670.181	2637.4299	0.0	0.0
564	2628419.439	1104670.181	2637.4299	2628419.439	1104670.181	2637.4299	0.0	0.0
565	2628397.569	1104723.089	2596.342	2628397.569	1104723.089	2596.342	0.0	0.0
566	2628397.009	1104733.501	2587.8831	2628397.009	1104733.501	2587.8831	0.0	0.0
567	2628397.009	1104733.501	2587.8831	2628397.009	1104733.501	2587.8831	0.0	0.0
568	2628397.009	1104733.501	2587.8831	2628397.009	1104733.501	2587.8831	0.0	0.0
569	2628397.009	1104733.501	2587.8831	2628397.009	1104733.501	2587.8831	0.0	0.0
570	2628397.009	1104733.501	2587.8831	2628397.009	1104733.501	2587.8831	0.0	0.0
571	2628397.009	1104733.501	2587.8831	2628397.009	1104733.501	2587.8831	0.0	0.0
572	2628397.009	1104733.501	2587.8831	2628397.009	1104733.501	2587.8831	0.0	0.0
573	2628373.755	1104923.795	2462.929	2628373.755	1104923.795	2462.929	0.0	0.0
585	2628933.653	1104721.39	2801.0249	2628933.653	1104721.39	2801.0249	0.0	0.0
586	2628928.219	1104729.509	2797.603	2628928.219	1104729.509	2797.603	0.0	0.0
587	2628914.243	1104731.88	2795.386	2628914.243	1104731.88	2795.386	0.0	0.0
588	2628896.947	1104728.128	2792.8999	2628898.1331	1104731.086	2793.3511	3.218723139590607	0.4598175913700867
589	2628879.531	1104725.179	2790.3789	2628879.535	1104725.231	2790.3301	0.0714243655346734	0.0102034807906676
590	2628859.166	1104719.433	2787.3831	2628859.524	1104720.249	2787.353	0.8915862326110929	0.1273694618015847
600	2628546.358	1104570.903	2730.4541	2628546.208	1104570.773	2730.708	0.3222812590627684	0.0460401798661097
605	2628450.246	1104623.759	2669.917	2628449.926	1104622.86	2669.9399	0.9545288941929266	0.1363612705989895
606	2628442.646	1104630.67	2666.2451	2628442.646	1104630.67	2666.2451	0.0	0.0
607	2628428.046	1104663.164	2643.2561	2628427.089	1104662.762	2642.6919	1.1814290668002765	0.168775580971468
608	2628419.439	1104670.181	2637.4299	2628419.439	1104670.181	2637.4299	0.0	0.0
609	2628419.439	1104670.181	2637.4299	2628419.439	1104670.181	2637.4299	0.0	0.0
610	2628397.569	1104723.089	2596.342	2628397.569	1104723.089	2596.342	0.0	0.0
611	2628397.009	1104733.501	2587.8831	2628397.009	1104733.501	2587.8831	0.0	0.0
612	2628397.009	1104733.501	2587.8831	2628397.009	1104733.501	2587.8831	0.0	0.0
613	2628397.009	1104733.501	2587.8831	2628397.009	1104733.501	2587.8831	0.0	0.0
614	2628397.009	1104733.501	2587.8831	2628397.009	1104733.501	2587.8831	0.0	0.0
615	2628397.009	1104733.501	2587.8831	2628397.009	1104733.501	2587.8831	0.0	0.0
616	2628397.009	1104733.501	2587.8831	2628397.009	1104733.501	2587.8831	0.0	0.0
617	2628397.009	1104733.501	2587.8831	2628397.009	1104733.501	2587.8831	0.0	0.0
618	2628373.755	1104923.795	2462.929	2628373.755	1104923.795	2462.929	0.0	0.0
630	2628933.653	1104721.39	2801.0249	2628933.653	1104721.39	2801.0249	0.0	0.0
631	2628928.219	1104729.509	2797.603	2628928.219	1104729.509	2797.603	0.0	0.0
632	2628918.066	1104744.928	2788.897	2628918.066	1104744.928	2788.897	0.0	0.0
633	2628908.0081	1104748.248	2785.145	2628908.0081	1104748.248	2785.145	0.0	0.0
634	2628888.975	1104742.015	2782.3491	2628888.666	1104741.793	2782.344	0.3805141388432624	0.0543591626918946
635	2628869.8879	1104736.992	2778.6389	2628870.059	1104737.336	2778.5569	0.3928552021298054	0.0561221717328293
636	2628847.3	1104726.836	2774.344	2628847.16	1104726.924	2774.196	0.2219189039833579	0.0317027005690511
637	2628819.2111	1104708.925	2768.0129	2628818.964	1104708.967	2767.8879	0.2800846477312036	0.040012092533029
646	2628532.876	1104586.559	2714.605	2628532.876	1104586.559	2714.605	0.0	0.0
650	2628451.606	1104622.899	2670.5449	2628451.4919	1104622.211	2670.699	0.714219588217751	0.102031369745393
651	2628442.646	1104630.67	2666.2451	2628442.646	1104630.67	2666.2451	0.0	0.0
652	2628427.089	1104662.762	2642.6919	2628427.089	1104662.762	2642.6919	0.0	0.0
653	2628419.439	1104670.181	2637.4299	2628419.439	1104670.181	2637.4299	0.0	0.0
654	2628419.439	1104670.181	2637.4299	2628419.439	1104670.181	2637.4299	0.0	0.0
655	2628397.839	1104723.888	2595.6021	2628397.839	1104723.888	2595.6021	0.0	0.0
656	2628397.009	1104733.501	2587.8831	2628397.009	1104733.501	2587.8831	0.0	0.0
657	2628397.009	1104733.501	2587.8831	2628397.009	1104733.501	2587.8831	0.0	0.0
658	2628397.009	1104733.501	2587.8831	2628397.009	1104733.501	2587.8831	0.0	0.0
659	2628397.009	1104733.501	2587.8831	2628397.009	1104733.501	2587.8831	0.0	0.0
660	2628397.009	1104733.501	2587.8831	2628397.009	1104733.501	2587.8831	0.0	0.0
661	2628397.009	1104733.501	2587.8831	2628397.009	1104733.501	2587.8831	0.0	0.0
662	2628397.009	1104733.501	2587.8831	2628397.009	1104733.501	2587.8831	0.0	0.0
663	2628373.755	1104923.795	2462.929	2628373.755	1104923.795	2462.929	0.0	0.0
675	2628933.653	1104721.39	2801.0249	2628933.653	1104721.39	2801.0249	0.0	0.0
676	2628919.934	1104742.132	2790.7839	2628919.934	1104742.132	2790.7839	0.0	0.0
677	2628919.36	1104742.907	2790.314	2628919.36	1104742.907	2790.314	0.0	0.0
678	2628911.276	1104754.943	2781.6379	2628911.276	1104754.943	2781.6379	0.0	0.0
679	2628899.798	1104761.712	2774.1011	2628899.548	1104761.686	2773.939	0.2990859575501391	0.0427265653643055
680	2628878.532	1104750.716	2769.7109	2628878.641	1104750.908	2769.5779	0.2577479387906198	0.0368211341129456
681	2628859.374	1104746.425	2765.782	2628857.9449	1104745.092	2765.698	1.9560858390656883	0.2794408341522412
682	2628832.766	1104729.805	2760.708	2628832.766	1104729.805	2760.708	0.0	0.0
683	2628810.649	1104722.832	2755.658	2628810.517	1104723.023	2755.4609	0.3045544452117827	0.0435077778873975
692	2628522.392	1104605.98	2699.051	2628521.6331	1104605.641	2699.0891	0.8320467652815585	0.1188638236116512
695	2628449.926	1104622.86	2669.9399	2628450.246	1104623.759	2669.917	0.9545288941929266	0.1363612705989895
696	2628442.646	1104630.67	2666.2451	2628442.646	1104630.67	2666.2451	0.0	0.0
697	2628427.089	1104662.762	2642.6919	2628427.089	1104662.762	2642.6919	0.0	0.0
698	2628419.439	1104670.181	2637.4299	2628419.439	1104670.181	2637.4299	0.0	0.0
699	2628419.439	1104670.181	2637.4299	2628419.439	1104670.181	2637.4299	0.0	0.0
700	2628399.423	1104728.827	2591.457	2628399.492	1104728.371	2591.7991	0.5742206980106247	0.0820315282872321
701	2628397.009	1104733.501	2587.8831	2628397.009	1104733.501	2587.8831	0.0	0.0
702	2628397.009	1104733.501	2587.8831	2628397.009	1104733.501	2587.8831	0.0	0.0
703	2628397.009	1104733.501	2587.8831	2628397.009	1104733.501	2587.8831	0.0	0.0
704	2628397.009	1104733.501	2587.8831	2628397.009	1104733.501	2587.8831	0.0	0.0
705	2628397.009	1104733.501	2587.8831	2628397.009	1104733.501	2587.8831	0.0	0.0
706	2628397.009	1104733.501	2587.8831	2628397.009	1104733.501	2587.8831	0.0	0.0
707	2628397.009	1104733.501	2587.8831	2628397.009	1104733.501	2587.8831	0.0	0.0
708	2628373.755	1104923.795	2462.929	2628373.755	1104923.795	2462.929	0.0	0.0
720	2628933.653	1104721.39	2801.0249	2628933.653	1104721.39	2801.0249	0.0	0.0
721	2628919.934	1104742.132	2790.7839	2628919.934	1104742.132	2790.7839	0.0	0.0
722	2628918.066	1104744.928	2788.897	2628918.066	1104744.928	2788.897	0.0	0.0
723	2628911.027	1104755.516	2781.062	2628911.027	1104755.516	2781.062	0.0	0.0
724	2628903.082	1104767.526	2772.217	2628903.082	1104767.526	2772.217	0.0	0.0
725	2628889.517	1104768.926	2762.658	2628889.353	1104768.816	2762.7781	0.2311276918281173	0.033018241689731
726	2628866.811	1104758.282	2756.9299	2628866.811	1104758.282	2756.9299	0.0	0.0
727	2628844.665	1104749.534	2752.437	2628844.816	1104749.664	2752.1221	0.3726432745304299	0.0532347535043471
729	2628798.228	1104731.942	2742.7019	2628798.228	1104731.942	2742.7019	0.0	0.0
730	2628777.39	1104729.148	2738.5471	2628776.998	1104729.052	2738.896	0.5334896531522926	0.0762128075931846
738	2628515.2271	1104630.853	2683.042	2628514.838	1104630.949	2682.854	0.4426723504668646	0.0632389072095521
739	2628485.8051	1104629.701	2678.9519	2628486.087	1104630.025	2678.51	0.6162136154912976	0.0880305164987568
740	2628450.577	1104622.966	2670.1699	2628450.577	1104622.966	2670.1699	0.0	0.0
741	2628442.646	1104630.67	2666.2451	2628442.646	1104630.67	2666.2451	0.0	0.0
742	2628428.046	1104663.164	2643.2561	2628428.046	1104663.164	2643.2561	0.0	0.0
743	2628419.439	1104670.181	2637.4299	2628419.439	1104670.181	2637.4299	0.0	0.0
744	2628419.439	1104670.181	2637.4299	2628419.439	1104670.181	2637.4299	0.0	0.0
745	2628399.423	1104728.827	2591.457	2628399.423	1104728.827	2591.457	0.0	0.0
746	2628397.009	1104733.501	2587.8831	2628397.009	1104733.501	2587.8831	0.0	0.0
747	2628397.009	1104733.501	2587.8831	2628397.009	1104733.501	2587.8831	0.0	0.0
748	2628397.009	1104733.501	2587.8831	2628397.009	1104733.501	2587.8831	0.0	0.0
749	2628397.009	1104733.501	2587.8831	2628397.009	1104733.501	2587.8831	0.0	0.0
750	2628397.009	1104733.501	2587.8831	2628397.009	1104733.501	2587.8831	0.0	0.0
751	2628397.009	1104733.501	2587.8831	2628397.009	1104733.501	2587.8831	0.0	0.0
752	2628397.009	1104733.501	2587.8831	2628397.009	1104733.501	2587.8831	0.0	0.0
753	2628373.755	1104923.795	2462.929	2628373.755	1104923.795	2462.929	0.0	0.0
765	2628919.934	1104742.132	2790.7839	2628919.934	1104742.132	2790.7839	0.0	0.0
766	2628919.934	1104742.132	2790.7839	2628919.934	1104742.132	2790.7839	0.0	0.0
767	2628919.36	1104742.907	2790.314	2628919.36	1104742.907	2790.314	0.0	0.0
768	2628911.027	1104755.516	2781.062	2628911.027	1104755.516	2781.062	0.0	0.0
769	2628903.212	1104767.3	2772.3889	2628903.179	1104767.432	2772.3159	0.1544085489335127	0.0220583641333589
770	2628892.024	1104784.272	2755.291	2628892.024	1104784.272	2755.291	0.0	0.0
771	2628879.6899	1104778.388	2751.0691	2628879.6899	1104778.388	2751.0691	0.0	0.0
772	2628855.817	1104767.234	2744.5911	2628856.151	1104767.801	2744.45	0.673018729472753	0.0961455327818218
773	2628834.522	1104760.465	2739.968	2628834.63	1104760.51	2739.8721	0.1512805671422	0.0216115095917428
775	2628788.177	1104745.065	2730.3979	2628788.589	1104745.488	2730.1851	0.6276598122933696	0.0896656874704813
776	2628764.877	1104738.748	2725.8359	2628764.877	1104738.748	2725.8359	0.0	0.0
784	2628504.15	1104650.011	2668.572	2628504.15	1104650.011	2668.572	0.0	0.0
785	2628477.225	1104653.137	2663.9121	2628477.225	1104653.137	2663.9121	0.0	0.0
786	2628440.254	1104644.945	2657.0791	2628439.688	1104644.371	2657.0879	0.8061696100374627	0.1151670871482089
787	2628428.046	1104663.164	2643.2561	2628428.046	1104663.164	2643.2561	0.0	0.0
788	2628419.439	1104670.181	2637.4299	2628419.439	1104670.181	2637.4299	0.0	0.0
789	2628419.439	1104670.181	2637.4299	2628419.439	1104670.181	2637.4299	0.0	0.0
790	2628399.423	1104728.827	2591.457	2628399.423	1104728.827	2591.457	0.0	0.0
791	2628397.009	1104733.501	2587.8831	2628397.009	1104733.501	2587.8831	0.0	0.0
792	2628397.009	1104733.501	2587.8831	2628397.009	1104733.501	2587.8831	0.0	0.0
793	2628397.009	1104733.501	2587.8831	2628397.009	1104733.501	2587.8831	0.0	0.0
794	2628397.009	1104733.501	2587.8831	2628397.009	1104733.501	2587.8831	0.0	0.0
795	2628397.009	1104733.501	2587.8831	2628397.009	1104733.501	2587.8831	0.0	0.0
796	2628397.009	1104733.501	2587.8831	2628397.009	1104733.501	2587.8831	0.0	0.0
797	2628397.009	1104733.501	2587.8831	2628397.009	1104733.501	2587.8831	0.0	0.0
798	2628373.755	1104923.795	2462.929	2628373.755	1104923.795	2462.929	0.0	0.0
810	2628919.934	1104742.132	2790.7839	2628919.934	1104742.132	2790.7839	0.0	0.0
811	2628919.934	1104742.132	2790.7839	2628919.934	1104742.132	2790.7839	0.0	0.0
812	2628919.36	1104742.907	2790.314	2628919.36	1104742.907	2790.314	0.0	0.0
813	2628911.276	1104754.943	2781.6379	2628911.276	1104754.943	2781.6379	0.0	0.0
814	2628903.212	1104767.3	2772.3889	2628903.212	1104767.3	2772.3889	0.0	0.0
815	2628895.259	1104779.34	2760.2939	2628895.259	1104779.34	2760.2939	0.0	0.0
816	2628886.556	1104792.567	2749.3889	2628886.556	1104792.567	2749.3889	0.0	0.0
817	2628873.75	1104797.187	2740.4839	2628872.124	1104794.148	2739.563	3.567555719223365	0.5096508170319093
822	2628751.2939	1104748.943	2711.8411	2628751.2939	1104748.943	2711.8411	0.0	0.0
830	2628499.613	1104673.985	2654.1599	2628499.613	1104673.985	2654.1599	0.0	0.0
831	2628472.744	1104679.443	2651.2759	2628472.744	1104679.443	2651.2759	0.0	0.0
832	2628406.49	1104641.239	2633.241	2628406.49	1104641.239	2633.241	0.0	0.0
833	2628416.589	1104684.857	2630.603	2628416.589	1104684.857	2630.603	0.0	0.0
834	2628404.948	1104704.531	2616.7939	2628405.465	1104704.869	2616.741	0.6199446830038593	0.0885635261434084
835	2628399.423	1104728.827	2591.457	2628399.423	1104728.827	2591.457	0.0	0.0
836	2628397.009	1104733.501	2587.8831	2628397.009	1104733.501	2587.8831	0.0	0.0
837	2628397.009	1104733.501	2587.8831	2628397.009	1104733.501	2587.8831	0.0	0.0
838	2628397.009	1104733.501	2587.8831	2628397.009	1104733.501	2587.8831	0.0	0.0
839	2628397.009	1104733.501	2587.8831	2628397.009	1104733.501	2587.8831	0.0	0.0
840	2628397.009	1104733.501	2587.8831	2628397.009	1104733.501	2587.8831	0.0	0.0
841	2628397.009	1104733.501	2587.8831	2628397.009	1104733.501	2587.8831	0.0	0.0
842	2628397.009	1104733.501	2587.8831	2628397.009	1104733.501	2587.8831	0.0	0.0
843	2628373.755	1104923.795	2462.929	2628373.755	1104923.795	2462.929	0.0	0.0
855	2628919.934	1104742.132	2790.7839	2628919.934	1104742.132	2790.7839	0.0	0.0
856	2628919.934	1104742.132	2790.7839	2628919.934	1104742.132	2790.7839	0.0	0.0
857	2628919.36	1104742.907	2790.314	2628919.36	1104742.907	2790.314	0.0	0.0
858	2628911.276	1104754.943	2781.6379	2628911.276	1104754.943	2781.6379	0.0	0.0
859	2628903.082	1104767.526	2772.217	2628903.179	1104767.432	2772.3159	0.1674103044041921	0.0239157577720274
860	2628894.8781	1104779.99	2759.6431	2628894.8781	1104779.99	2759.6431	0.0	0.0
861	2628886.556	1104792.567	2749.3889	2628886.556	1104792.567	2749.3889	0.0	0.0
862	2628875.307	1104809.465	2737.2881	2628875.307	1104809.465	2737.2881	0.0	0.0
863	2628869.574	1104818.2	2732.043	2628867.281	1104814.348	2730.9641	4.610832702446055	0.6586903860637221
868	2628745.077	1104768.245	2699.1399	2628745.153	1104768.31	2698.9829	0.1861451046233289	0.0265921578033327
876	2628490.67	1104698.385	2640.0869	2628490.429	1104697.899	2640.217	0.5578557250714224	0.0796936750102032
877	2628462.259	1104700.067	2635.9451	2628462.259	1104700.067	2635.9451	0.0	0.0
878	2628427.587	1104694.475	2627.4919	2628427.78	1104694.703	2627.2209	0.4033286500321859	0.0576183785760265
879	2628404.913	1104704.048	2617.0	2628404.913	1104704.048	2617.0	0.0	0.0
880	2628410.153	1104693.826	2622.864	2628411.096	1104693.8	2623.249	1.0188964618326948	0.1455566374046706
881	2628397.009	1104733.501	2587.8831	2628397.009	1104733.501	2587.8831	0.0	0.0
882	2628397.009	1104733.501	2587.8831	2628397.009	1104733.501	2587.8831	0.0	0.0
883	2628397.009	1104733.501	2587.8831	2628397.009	1104733.501	2587.8831	0.0	0.0
884	2628397.009	1104733.501	2587.8831	2628397.009	1104733.501	2587.8831	0.0	0.0
885	2628397.009	1104733.501	2587.8831	2628397.009	1104733.501	2587.8831	0.0	0.0
886	2628397.009	1104733.501	2587.8831	2628397.009	1104733.501	2587.8831	0.0	0.0
887	2628397.009	1104733.501	2587.8831	2628397.009	1104733.501	2587.8831	0.0	0.0
888	2628373.755	1104923.795	2462.929	2628373.755	1104923.795	2462.929	0.0	0.0
900	2628919.934	1104742.132	2790.7839	2628919.934	1104742.132	2790.7839	0.0	0.0
901	2628919.934	1104742.132	2790.7839	2628919.934	1104742.132	2790.7839	0.0	0.0
902	2628919.36	1104742.907	2790.314	2628919.36	1104742.907	2790.314	0.0	0.0
903	2628911.276	1104754.943	2781.6379	2628911.276	1104754.943	2781.6379	0.0	0.0
904	2628903.212	1104767.3	2772.3889	2628903.212	1104767.3	2772.3889	0.0	0.0
905	2628894.756	1104779.609	2759.7261	2628894.8781	1104779.99	2759.6431	0.4086054453772052	0.0583722064824578
906	2628886.035	1104792.109	2749.1851	2628886.035	1104792.109	2749.1851	0.0	0.0
907	2628875.307	1104809.465	2737.2881	2628875.307	1104809.465	2737.2881	0.0	0.0
908	2628863.7581	1104826.993	2721.531	2628863.7581	1104826.993	2721.531	0.0	0.0
909	2628858.269	1104824.778	2718.863	2628858.656	1104825.557	2719.053	0.8903426308066233	0.1271918044009461
914	2628735.712	1104783.569	2687.928	2628736.786	1104784.883	2687.9209	1.6970923398808546	0.2424417628401221
922	2628484.98	1104720.731	2625.6541	2628485.092	1104720.828	2625.4729	0.2340650338201579	0.0334378619743082
923	2628452.373	1104718.577	2619.675	2628451.95	1104718.709	2619.572	0.4549307639131663	0.0649901091304523
924	2628412.853	1104712.08	2610.5029	2628412.853	1104712.08	2610.5029	0.0	0.0
925	2628397.903	1104713.575	2607.428	2628397.593	1104713.24	2607.606	0.489907134067066	0.0699867334381522
926	2628397.009	1104733.501	2587.8831	2628397.009	1104733.501	2587.8831	0.0	0.0
927	2628397.009	1104733.501	2587.8831	2628397.009	1104733.501	2587.8831	0.0	0.0
928	2628397.617	1104771.839	2564.644	2628397.617	1104771.839	2564.644	0.0	0.0
929	2628397.009	1104733.501	2587.8831	2628397.009	1104733.501	2587.8831	0.0	0.0
930	2628397.009	1104733.501	2587.8831	2628397.009	1104733.501	2587.8831	0.0	0.0
931	2628397.009	1104733.501	2587.8831	2628397.009	1104733.501	2587.8831	0.0	0.0
932	2628397.009	1104733.501	2587.8831	2628397.009	1104733.501	2587.8831	0.0	0.0
933	2628373.755	1104923.795	2462.929	2628373.755	1104923.795	2462.929	0.0	0.0
945	2628919.934	1104742.132	2790.7839	2628919.934	1104742.132	2790.7839	0.0	0.0
946	2628919.934	1104742.132	2790.7839	2628919.934	1104742.132	2790.7839	0.0	0.0
947	2628919.105	1104743.349	2790.177	2628919.105	1104743.349	2790.177	0.0	0.0
948	2628911.027	1104755.516	2781.062	2628911.027	1104755.516	2781.062	0.0	0.0
949	2628903.179	1104767.432	2772.3159	2628903.179	1104767.432	2772.3159	0.0	0.0
950	2628895.014	1104779.738	2759.8879	2628895.014	1104779.738	2759.8879	0.0	0.0
951	2628886.911	1104791.989	2749.7461	2628886.556	1104792.567	2749.3889	0.7666164881888683	0.1095166411698383
952	2628875.307	1104809.465	2737.2881	2628875.307	1104809.465	2737.2881	0.0	0.0
953	2628870.094	1104817.28	2732.6709	2628870.094	1104817.28	2732.6709	0.0	0.0
954	2628854.4	1104837.763	2710.4399	2628854.4	1104837.763	2710.4399	0.0	0.0
955	2628849.9771	1104835.607	2708.0549	2628849.9771	1104835.607	2708.0549	0.0	0.0
960	2628730.212	1104801.608	2676.2109	2628730.424	1104801.889	2675.9819	0.4199357094843067	0.0599908156406152
968	2628468.079	1104735.077	2609.0129	2628468.079	1104735.077	2609.0129	0.0	0.0
969	2628444.75	1104741.096	2604.925	2628444.75	1104741.096	2604.925	0.0	0.0
970	2628397.745	1104725.296	2593.3201	2628397.745	1104725.296	2593.3201	0.0	0.0
971	2628397.009	1104733.501	2587.8831	2628397.009	1104733.501	2587.8831	0.0	0.0
972	2628397.617	1104771.839	2564.644	2628397.617	1104771.839	2564.644	0.0	0.0
973	2628397.617	1104771.839	2564.644	2628397.617	1104771.839	2564.644	0.0	0.0
975	2628397.009	1104733.501	2587.8831	2628397.009	1104733.501	2587.8831	0.0	0.0
976	2628397.009	1104733.501	2587.8831	2628397.009	1104733.501	2587.8831	0.0	0.0
978	2628373.755	1104923.795	2462.929	2628373.755	1104923.795	2462.929	0.0	0.0
990	2628933.653	1104721.39	2801.0249	2628933.653	1104721.39	2801.0249	0.0	0.0
991	2628928.532	1104729.089	2798.0339	2628928.442	1104729.155	2797.9961	0.1178339512672895	0.0168334216096127
992	2628919.36	1104742.907	2790.314	2628919.36	1104742.907	2790.314	0.0	0.0
993	2628911.276	1104754.943	2781.6379	2628911.276	1104754.943	2781.6379	0.0	0.0
994	2628902.958	1104767.725	2772.1179	2628902.958	1104767.725	2772.1179	0.0	0.0
995	2628895.184	1104779.484	2760.134	2628895.141	1104779.591	2760.0359	0.1513988441891824	0.0216284063127403
996	2628886.556	1104792.567	2749.3889	2628886.556	1104792.567	2749.3889	0.0	0.0
997	2628875.307	1104809.465	2737.2881	2628875.307	1104809.465	2737.2881	0.0	0.0
998	2628854.4	1104837.763	2710.4399	2628854.4	1104837.763	2710.4399	0.0	0.0
999	2628854.4	1104837.763	2710.4399	2628854.4	1104837.763	2710.4399	0.0	0.0
1000	2628851.551	1104840.004	2707.9409	2628851.274	1104839.582	2707.79	0.5268622304638704	0.07526603292341
1001	2628840.7159	1104847.65	2697.4331	2628840.7159	1104847.65	2697.4331	0.0	0.0
1006	2628722.069	1104817.494	2664.3311	2628722.069	1104817.494	2664.3311	0.0	0.0
1014	2628459.738	1104755.788	2594.957	2628459.738	1104755.788	2594.957	0.0	0.0
1015	2628429.563	1104757.177	2589.1421	2628429.287	1104756.97	2589.321	0.3886260542125439	0.0555180077446491
1016	2628402.126	1104759.549	2577.377	2628401.734	1104760.564	2576.7639	1.2489117702168686	0.1784159671738383
1017	2628397.617	1104771.839	2564.644	2628397.617	1104771.839	2564.644	0.0	0.0
1018	2628397.617	1104771.839	2564.644	2628397.617	1104771.839	2564.644	0.0	0.0
1021	2628395.053	1104891.663	2492.647	2628395.053	1104891.663	2492.647	0.0	0.0
1022	2628390.671	1104891.002	2490.071	2628390.671	1104891.002	2490.071	0.0	0.0
1023	2628390.671	1104891.002	2490.071	2628390.671	1104891.002	2490.071	0.0	0.0
1024	2628390.671	1104891.002	2490.071	2628390.671	1104891.002	2490.071	0.0	0.0
1035	2628933.653	1104721.39	2801.0249	2628933.653	1104721.39	2801.0249	0.0	0.0
1036	2628928.532	1104729.089	2798.0339	2628928.629	1104728.996	2798.0959	0.1479932430556552	0.0211418918650936
1037	2628919.36	1104742.907	2790.314	2628919.36	1104742.907	2790.314	0.0	0.0
1038	2628911.276	1104754.943	2781.6379	2628911.276	1104754.943	2781.6379	0.0	0.0
1039	2628903.483	1104766.925	2772.929	2628903.472	1104766.996	2772.844	0.1112969002181367	0.0158995571740195
1040	2628895.014	1104779.738	2759.8879	2628895.014	1104779.738	2759.8879	0.0	0.0
1041	2628854.4	1104837.763	2710.4399	2628854.4	1104837.763	2710.4399	0.0	0.0
1042	2628854.4	1104837.763	2710.4399	2628854.4	1104837.763	2710.4399	0.0	0.0
1043	2628854.4	1104837.763	2710.4399	2628854.4	1104837.763	2710.4399	0.0	0.0
1044	2628854.4	1104837.763	2710.4399	2628854.4	1104837.763	2710.4399	0.0	0.0
1045	2628852.688	1104841.216	2708.6069	2628851.551	1104840.004	2707.9409	1.7903265066398883	0.255760929519984
1046	2628840.7159	1104847.65	2697.4331	2628840.7159	1104847.65	2697.4331	0.0	0.0
1047	2628834.3051	1104863.705	2691.0879	2628834.3051	1104863.705	2691.0879	0.0	0.0
1052	2628711.9	1104831.122	2651.0381	2628712.118	1104831.394	2650.9319	0.3643987376600625	0.052056962522866
1053	2628690.616	1104831.035	2646.3359	2628690.829	1104831.368	2646.2671	0.4012373861721121	0.057319626596016
1060	2628443.45	1104770.56	2578.606	2628443.45	1104770.56	2578.606	0.0	0.0
1061	2628417.194	1104774.518	2570.759	2628417.327	1104775.117	2570.2129	0.8214105004024302	0.1173443572003471
1062	2628397.617	1104771.839	2564.644	2628397.617	1104771.839	2564.644	0.0	0.0
1063	2628397.617	1104771.839	2564.644	2628397.617	1104771.839	2564.644	0.0	0.0
1065	2628396.593	1104770.042	2565.615	2628396.593	1104770.042	2565.615	0.0	0.0
1066	2628400.313	1104893.338	2495.519	2628396.664	1104770.557	2565.4341	141.33863721573618	20.191233887962312
1067	2628390.671	1104891.002	2490.071	2628390.671	1104891.002	2490.071	0.0	0.0
1068	2628390.671	1104891.002	2490.071	2628390.671	1104891.002	2490.071	0.0	0.0
1069	2628390.671	1104891.002	2490.071	2628390.671	1104891.002	2490.071	0.0	0.0
1080	2628933.653	1104721.39	2801.0249	2628933.653	1104721.39	2801.0249	0.0	0.0
1081	2628928.3101	1104729.347	2797.7871	2628928.219	1104729.509	2797.603	0.2616027904579086	0.0373718272082726
1082	2628919.36	1104742.907	2790.314	2628919.36	1104742.907	2790.314	0.0	0.0
1083	2628911.276	1104754.943	2781.6379	2628911.276	1104754.943	2781.6379	0.0	0.0
1084	2628854.4	1104837.763	2710.4399	2628854.4	1104837.763	2710.4399	0.0	0.0
1085	2628854.4	1104837.763	2710.4399	2628854.4	1104837.763	2710.4399	0.0	0.0
1086	2628854.4	1104837.763	2710.4399	2628854.4	1104837.763	2710.4399	0.0	0.0
1087	2628854.4	1104837.763	2710.4399	2628854.4	1104837.763	2710.4399	0.0	0.0
1088	2628854.4	1104837.763	2710.4399	2628854.4	1104837.763	2710.4399	0.0	0.0
1089	2628854.4	1104837.763	2710.4399	2628854.4	1104837.763	2710.4399	0.0	0.0
1090	2628851.274	1104839.582	2707.79	2628852.176	1104841.122	2708.197	1.830533528700908	0.2615047898144154
1091	2628840.7159	1104847.65	2697.4331	2628840.7159	1104847.65	2697.4331	0.0	0.0
1094	2628814.6331	1104885.377	2674.0391	2628817.1021	1104888.62	2675.0701	4.204280080823772	0.6006114401176816
1098	2628700.998	1104844.571	2638.53	2628700.998	1104844.571	2638.53	0.0	0.0
1099	2628680.036	1104844.974	2633.5149	2628680.254	1104845.212	2633.311	0.3817632908106746	0.0545376129729535
1100	2628648.413	1104836.7	2623.8779	2628648.681	1104836.968	2623.8701	0.3790894880079516	0.054155641143993
1106	2628439.797	1104793.574	2564.6909	2628440.119	1104793.839	2564.561	0.4367871450132667	0.0623981635733238
1107	2628387.513	1104777.295	2547.7251	2628387.513	1104777.295	2547.7251	0.0	0.0
1108	2628387.269	1104777.581	2547.344	2628387.269	1104777.581	2547.344	0.0	0.0
1111	2628395.053	1104891.663	2492.647	2628395.053	1104891.663	2492.647	0.0	0.0
1112	2628390.671	1104891.002	2490.071	2628390.671	1104891.002	2490.071	0.0	0.0
1113	2628390.671	1104891.002	2490.071	2628390.671	1104891.002	2490.071	0.0	0.0
1114	2628390.671	1104891.002	2490.071	2628390.671	1104891.002	2490.071	0.0	0.0
1125	2628933.653	1104721.39	2801.0249	2628933.653	1104721.39	2801.0249	0.0	0.0
1126	2628928.532	1104729.089	2798.0339	2628928.442	1104729.155	2797.9961	0.1178339512672895	0.0168334216096127
1127	2628854.4	1104837.763	2710.4399	2628854.4	1104837.763	2710.4399	0.0	0.0
1128	2628854.4	1104837.763	2710.4399	2628854.4	1104837.763	2710.4399	0.0	0.0
1129	2628854.4	1104837.763	2710.4399	2628854.4	1104837.763	2710.4399	0.0	0.0
1130	2628854.4	1104837.763	2710.4399	2628854.4	1104837.763	2710.4399	0.0	0.0
1131	2628854.4	1104837.763	2710.4399	2628854.4	1104837.763	2710.4399	0.0	0.0
1132	2628854.4	1104837.763	2710.4399	2628854.4	1104837.763	2710.4399	0.0	0.0
1133	2628854.4	1104837.763	2710.4399	2628854.4	1104837.763	2710.4399	0.0	0.0
1134	2628854.4	1104837.763	2710.4399	2628854.4	1104837.763	2710.4399	0.0	0.0
1139	2628815.298	1104888.582	2673.176	2628815.298	1104888.582	2673.176	0.0	0.0
1140	2628799.856	1104890.507	2660.76	2628799.856	1104890.507	2660.76	0.0	0.0
1144	2628691.62	1104858.221	2626.335	2628691.62	1104858.221	2626.335	0.0	0.0
1145	2628666.646	1104856.439	2619.124	2628666.646	1104856.439	2619.124	0.0	0.0
1146	2628641.205	1104854.333	2612.2361	2628640.972	1104854.549	2611.989	0.4024964720465658	0.0574994960066522
1151	2628460.891	1104812.439	2557.833	2628460.97	1104812.798	2557.5901	0.4405932478095951	0.0629418925442278
1152	2628430.506	1104814.427	2550.55	2628430.885	1104814.792	2550.519	0.5270929707217384	0.0752989958173912
1156	2628395.053	1104891.663	2492.647	2628395.053	1104891.663	2492.647	0.0	0.0
1157	2628390.671	1104891.002	2490.071	2628390.671	1104891.002	2490.071	0.0	0.0
1158	2628390.671	1104891.002	2490.071	2628390.671	1104891.002	2490.071	0.0	0.0
1159	2628390.671	1104891.002	2490.071	2628390.671	1104891.002	2490.071	0.0	0.0
1170	2628932.5129	1104722.419	2800.6831	2628932.5129	1104722.419	2800.6831	0.0	0.0
1171	2628854.4	1104837.763	2710.4399	2628854.4	1104837.763	2710.4399	0.0	0.0
1172	2628854.4	1104837.763	2710.4399	2628854.4	1104837.763	2710.4399	0.0	0.0
1173	2628854.4	1104837.763	2710.4399	2628854.4	1104837.763	2710.4399	0.0	0.0
1174	2628854.4	1104837.763	2710.4399	2628854.4	1104837.763	2710.4399	0.0	0.0
1175	2628854.4	1104837.763	2710.4399	2628854.4	1104837.763	2710.4399	0.0	0.0
1176	2628854.4	1104837.763	2710.4399	2628854.4	1104837.763	2710.4399	0.0	0.0
1177	2628854.4	1104837.763	2710.4399	2628854.4	1104837.763	2710.4399	0.0	0.0
1178	2628854.4	1104837.763	2710.4399	2628854.4	1104837.763	2710.4399	0.0	0.0
1179	2628854.4	1104837.763	2710.4399	2628854.4	1104837.763	2710.4399	0.0	0.0
1184	2628809.6689	1104908.719	2658.116	2628809.6689	1104908.719	2658.116	0.0	0.0
1185	2628809.6689	1104908.719	2658.116	2628809.6689	1104908.719	2658.116	0.0	0.0
1186	2628788.75	1104898.606	2647.342	2628789.701	1104899.572	2647.748	1.4150593626449377	0.2021513375207053
1187	2628769.123	1104898.093	2641.572	2628767.5291	1104896.479	2640.7529	2.4117292594453508	0.3445327513493358
1190	2628684.162	1104874.071	2614.2571	2628684.259	1104874.187	2614.051	0.2556212236783343	0.0365173176683334
1191	2628657.365	1104870.769	2606.2971	2628657.224	1104870.703	2605.5371	0.7757815414772983	0.1108259344967569
1192	2628633.7271	1104870.653	2600.061	2628633.7271	1104870.653	2600.061	0.0	0.0
1197	2628449.641	1104832.3	2542.8201	2628449.912	1104832.551	2542.5559	0.4541405510019759	0.0648772215717108
1198	2628406.717	1104823.047	2529.698	2628407.231	1104823.368	2529.7539	0.6085735863173611	0.086939083759623
1203	2628390.671	1104891.002	2490.071	2628390.671	1104891.002	2490.071	0.0	0.0
1204	2628390.671	1104891.002	2490.071	2628390.671	1104891.002	2490.071	0.0	0.0
1215	2628933.653	1104721.39	2801.0249	2628933.653	1104721.39	2801.0249	0.0	0.0
1216	2628854.4	1104837.763	2710.4399	2628854.4	1104837.763	2710.4399	0.0	0.0
1217	2628854.4	1104837.763	2710.4399	2628854.4	1104837.763	2710.4399	0.0	0.0
1218	2628854.4	1104837.763	2710.4399	2628854.4	1104837.763	2710.4399	0.0	0.0
1219	2628854.4	1104837.763	2710.4399	2628854.4	1104837.763	2710.4399	0.0	0.0
1220	2628854.4	1104837.763	2710.4399	2628854.4	1104837.763	2710.4399	0.0	0.0
1221	2628854.4	1104837.763	2710.4399	2628854.4	1104837.763	2710.4399	0.0	0.0
1222	2628854.4	1104837.763	2710.4399	2628854.4	1104837.763	2710.4399	0.0	0.0
1223	2628854.4	1104837.763	2710.4399	2628854.4	1104837.763	2710.4399	0.0	0.0
1229	2628815.298	1104888.582	2673.176	2628815.298	1104888.582	2673.176	0.0	0.0
1230	2628810.2419	1104907.786	2659.196	2628810.2419	1104907.786	2659.196	0.0	0.0
1231	2628802.103	1104920.144	2646.354	2628802.103	1104920.144	2646.354	0.0	0.0
1232	2628774.5129	1104904.909	2632.5701	2628773.957	1104904.617	2632.55	0.6282458276670126	0.0897494039524303
1237	2628647.1021	1104884.118	2592.7939	2628647.1021	1104884.118	2592.7939	0.0	0.0
1238	2628622.386	1104885.279	2586.0349	2628622.104	1104885.454	2585.958	0.3406796295702842	0.0486685185100406
1244	2628401.834	1104845.431	2516.5471	2628401.834	1104845.431	2516.5471	0.0	0.0
1247	2628390.671	1104891.002	2490.071	2628390.671	1104891.002	2490.071	0.0	0.0
1248	2628390.671	1104891.002	2490.071	2628390.671	1104891.002	2490.071	0.0	0.0
1249	2628390.671	1104891.002	2490.071	2628390.671	1104891.002	2490.071	0.0	0.0
1260	2628854.4	1104837.763	2710.4399	2628854.4	1104837.763	2710.4399	0.0	0.0
1261	2628854.4	1104837.763	2710.4399	2628854.4	1104837.763	2710.4399	0.0	0.0
1262	2628854.4	1104837.763	2710.4399	2628854.4	1104837.763	2710.4399	0.0	0.0
1263	2628854.4	1104837.763	2710.4399	2628854.4	1104837.763	2710.4399	0.0	0.0
1264	2628854.4	1104837.763	2710.4399	2628854.4	1104837.763	2710.4399	0.0	0.0
1265	2628854.4	1104837.763	2710.4399	2628854.4	1104837.763	2710.4399	0.0	0.0
1266	2628854.4	1104837.763	2710.4399	2628854.4	1104837.763	2710.4399	0.0	0.0
1267	2628854.4	1104837.763	2710.4399	2628854.4	1104837.763	2710.4399	0.0	0.0
1268	2628854.4	1104837.763	2710.4399	2628854.4	1104837.763	2710.4399	0.0	0.0
1274	2628815.298	1104888.582	2673.176	2628815.298	1104888.582	2673.176	0.0	0.0
1275	2628799.37	1104922.815	2642.4641	2628799.37	1104922.815	2642.4641	0.0	0.0
1276	2628799.37	1104922.815	2642.4641	2628799.37	1104922.815	2642.4641	0.0	0.0
1277	2628795.204	1104930.541	2636.0891	2628795.204	1104930.541	2636.0891	0.0	0.0
1278	2628771.067	1104923.487	2623.4241	2628767.665	1104919.859	2621.561	5.311038468003958	0.7587197811434226
1284	2628613.957	1104900.982	2572.575	2628614.189	1104901.184	2572.395	0.3564098761999227	0.0509156965999889
1291	2628395.053	1104891.663	2492.647	2628395.053	1104891.663	2492.647	0.0	0.0
1292	2628390.671	1104891.002	2490.071	2628390.671	1104891.002	2490.071	0.0	0.0
1293	2628390.671	1104891.002	2490.071	2628390.671	1104891.002	2490.071	0.0	0.0
1305	2628854.4	1104837.763	2710.4399	2628854.4	1104837.763	2710.4399	0.0	0.0
1306	2628854.4	1104837.763	2710.4399	2628854.4	1104837.763	2710.4399	0.0	0.0
1307	2628854.4	1104837.763	2710.4399	2628854.4	1104837.763	2710.4399	0.0	0.0
1308	2628854.4	1104837.763	2710.4399	2628854.4	1104837.763	2710.4399	0.0	0.0
1309	2628854.4	1104837.763	2710.4399	2628854.4	1104837.763	2710.4399	0.0	0.0
1310	2628854.4	1104837.763	2710.4399	2628854.4	1104837.763	2710.4399	0.0	0.0
1311	2628854.4	1104837.763	2710.4399	2628854.4	1104837.763	2710.4399	0.0	0.0
1312	2628854.4	1104837.763	2710.4399	2628854.4	1104837.763	2710.4399	0.0	0.0
1313	2628854.4	1104837.763	2710.4399	2628854.4	1104837.763	2710.4399	0.0	0.0
1319	2628815.298	1104888.582	2673.176	2628815.298	1104888.582	2673.176	0.0	0.0
1320	2628799.37	1104922.815	2642.4641	2628799.37	1104922.815	2642.4641	0.0	0.0
1321	2628799.37	1104922.815	2642.4641	2628799.37	1104922.815	2642.4641	0.0	0.0
1322	2628795.204	1104930.541	2636.0891	2628795.204	1104930.541	2636.0891	0.0	0.0
1323	2628785.127	1104944.916	2622.812	2628785.127	1104944.916	2622.812	0.0	0.0
1324	2628759.7469	1104933.145	2611.144	2628759.292	1104933.038	2610.9541	0.5044254357569836	0.0720607765367119
1330	2628606.212	1104916.459	2561.323	2628606.561	1104916.359	2561.291	0.364451643286505	0.0520645204695007
1335	2628437.8361	1104900.005	2508.7229	2628438.069	1104899.755	2508.884	0.3777507380304303	0.0539643911472043
1336	2628394.864	1104892.014	2492.377	2628395.053	1104891.663	2492.647	0.4814789714347941	0.0687827102049705
1338	2628373.755	1104923.795	2462.929	2628373.755	1104923.795	2462.929	0.0	0.0
1350	2628854.4	1104837.763	2710.4399	2628854.4	1104837.763	2710.4399	0.0	0.0
1351	2628854.4	1104837.763	2710.4399	2628854.4	1104837.763	2710.4399	0.0	0.0
1352	2628854.4	1104837.763	2710.4399	2628854.4	1104837.763	2710.4399	0.0	0.0
1353	2628854.4	1104837.763	2710.4399	2628854.4	1104837.763	2710.4399	0.0	0.0
1354	2628854.4	1104837.763	2710.4399	2628854.4	1104837.763	2710.4399	0.0	0.0
1355	2628854.4	1104837.763	2710.4399	2628854.4	1104837.763	2710.4399	0.0	0.0
1356	2628854.4	1104837.763	2710.4399	2628854.4	1104837.763	2710.4399	0.0	0.0
1357	2628854.4	1104837.763	2710.4399	2628854.4	1104837.763	2710.4399	0.0	0.0
1364	2628815.298	1104888.582	2673.176	2628815.298	1104888.582	2673.176	0.0	0.0
1365	2628799.37	1104922.815	2642.4641	2628799.37	1104922.815	2642.4641	0.0	0.0
1366	2628799.37	1104922.815	2642.4641	2628799.37	1104922.815	2642.4641	0.0	0.0
1367	2628795.204	1104930.541	2636.0891	2628795.204	1104930.541	2636.0891	0.0	0.0
1368	2628785.127	1104944.916	2622.812	2628785.127	1104944.916	2622.812	0.0	0.0
1369	2628777.434	1104957.45	2613.1531	2628777.434	1104957.45	2613.1531	0.0	0.0
1370	2628754.848	1104949.977	2601.668	2628754.848	1104949.977	2601.668	0.0	0.0
1376	2628596.704	1104932.255	2549.45	2628596.704	1104932.255	2549.45	0.0	0.0
1381	2628428.351	1104917.713	2494.1311	2628428.351	1104917.713	2494.1311	0.0	0.0
1383	2628373.755	1104923.795	2462.929	2628373.755	1104923.795	2462.929	0.0	0.0
1395	2628854.4	1104837.763	2710.4399	2628854.4	1104837.763	2710.4399	0.0	0.0
1396	2628854.4	1104837.763	2710.4399	2628854.4	1104837.763	2710.4399	0.0	0.0
1397	2628854.4	1104837.763	2710.4399	2628854.4	1104837.763	2710.4399	0.0	0.0
1398	2628854.4	1104837.763	2710.4399	2628854.4	1104837.763	2710.4399	0.0	0.0
1399	2628854.4	1104837.763	2710.4399	2628854.4	1104837.763	2710.4399	0.0	0.0
1400	2628854.4	1104837.763	2710.4399	2628854.4	1104837.763	2710.4399	0.0	0.0
1401	2628854.4	1104837.763	2710.4399	2628854.4	1104837.763	2710.4399	0.0	0.0
1402	2628854.4	1104837.763	2710.4399	2628854.4	1104837.763	2710.4399	0.0	0.0
1409	2628815.298	1104888.582	2673.176	2628815.298	1104888.582	2673.176	0.0	0.0
1410	2628799.37	1104922.815	2642.4641	2628799.37	1104922.815	2642.4641	0.0	0.0
1411	2628799.37	1104922.815	2642.4641	2628799.37	1104922.815	2642.4641	0.0	0.0
1412	2628795.204	1104930.541	2636.0891	2628795.204	1104930.541	2636.0891	0.0	0.0
1413	2628785.127	1104944.916	2622.812	2628785.127	1104944.916	2622.812	0.0	0.0
1414	2628778.985	1104955.106	2615.1101	2628779.0341	1104954.956	2615.22	0.1923247773083406	0.0274749681869058
1415	2628770.7629	1104967.491	2606.1399	2628770.7629	1104967.491	2606.1399	0.0	0.0
1416	2628750.166	1104966.99	2593.051	2628745.151	1104961.889	2589.855	7.83484792459651	1.119263989228073
1422	2628588.0551	1104948.008	2535.842	2628588.266	1104948.159	2535.7351	0.2805484271032101	0.04007834672903
1427	2628414.865	1104933.337	2478.2959	2628414.785	1104932.943	2478.4529	0.4316074606409785	0.0616582086629969
1428	2628367.959	1104924.676	2458.4131	2628367.959	1104924.676	2458.4131	0.0	0.0
1437	2628236.817	1105065.895	2338.406	2628236.817	1105065.895	2338.406	0.0	0.0
1438	2628232.674	1105083.348	2325.905	2628232.674	1105083.348	2325.905	0.0	0.0
1440	2628854.4	1104837.763	2710.4399	2628854.4	1104837.763	2710.4399	0.0	0.0
1441	2628854.4	1104837.763	2710.4399	2628854.4	1104837.763	2710.4399	0.0	0.0
1442	2628854.4	1104837.763	2710.4399	2628854.4	1104837.763	2710.4399	0.0	0.0
1443	2628854.4	1104837.763	2710.4399	2628854.4	1104837.763	2710.4399	0.0	0.0
1444	2628854.4	1104837.763	2710.4399	2628854.4	1104837.763	2710.4399	0.0	0.0
1445	2628854.4	1104837.763	2710.4399	2628854.4	1104837.763	2710.4399	0.0	0.0
1446	2628854.4	1104837.763	2710.4399	2628854.4	1104837.763	2710.4399	0.0	0.0
1454	2628815.298	1104888.582	2673.176	2628815.298	1104888.582	2673.176	0.0	0.0
1455	2628810.2419	1104907.786	2659.196	2628810.2419	1104907.786	2659.196	0.0	0.0
1456	2628799.37	1104922.815	2642.4641	2628799.37	1104922.815	2642.4641	0.0	0.0
1457	2628795.204	1104930.541	2636.0891	2628795.204	1104930.541	2636.0891	0.0	0.0
1458	2628780.269	1104951.186	2617.572	2628780.269	1104951.186	2617.572	0.0	0.0
1459	2628778.855	1104955.219	2614.998	2628778.859	1104955.271	2614.9619	0.0634287788944946	0.0090612541277849
1460	2628763.744	1104977.947	2596.0569	2628763.744	1104977.947	2596.0569	0.0	0.0
1461	2628762.63	1104979.76	2593.738	2628762.431	1104979.861	2593.5649	0.2824280616613357	0.0403468659516193
1462	2628738.756	1104976.139	2579.6931	2628738.542	1104975.92	2579.7141	0.3069169270068492	0.0438452752866927
1468	2628583.402	1104967.388	2525.7771	2628583.568	1104967.031	2525.8279	0.3969705784077182	0.056710082629674
1469	2628557.62	1104968.954	2519.8611	2628557.62	1104968.954	2519.8611	0.0	0.0
1473	2628402.755	1104949.551	2462.9331	2628402.3	1104949.218	2462.9131	0.5641932292926977	0.0805990327560996
1481	2628241.918	1105048.145	2348.521	2628241.918	1105048.145	2348.521	0.0	0.0
1482	2628236.817	1105065.895	2338.406	2628236.817	1105065.895	2338.406	0.0	0.0
1483	2628232.674	1105083.348	2325.905	2628232.674	1105083.348	2325.905	0.0	0.0
1484	2628223.793	1105109.236	2304.512	2628223.708	1105109.57	2304.2971	0.4061563861556165	0.0580223408793737
1485	2628854.4	1104837.763	2710.4399	2628854.4	1104837.763	2710.4399	0.0	0.0
1486	2628854.4	1104837.763	2710.4399	2628854.4	1104837.763	2710.4399	0.0	0.0
1487	2628854.4	1104837.763	2710.4399	2628854.4	1104837.763	2710.4399	0.0	0.0
1488	2628854.4	1104837.763	2710.4399	2628854.4	1104837.763	2710.4399	0.0	0.0
1489	2628854.4	1104837.763	2710.4399	2628854.4	1104837.763	2710.4399	0.0	0.0
1490	2628854.4	1104837.763	2710.4399	2628854.4	1104837.763	2710.4399	0.0	0.0
1491	2628854.4	1104837.763	2710.4399	2628854.4	1104837.763	2710.4399	0.0	0.0
1499	2628815.298	1104888.582	2673.176	2628815.298	1104888.582	2673.176	0.0	0.0
1500	2628799.37	1104922.815	2642.4641	2628799.37	1104922.815	2642.4641	0.0	0.0
1501	2628799.37	1104922.815	2642.4641	2628799.37	1104922.815	2642.4641	0.0	0.0
1502	2628795.204	1104930.541	2636.0891	2628795.204	1104930.541	2636.0891	0.0	0.0
1503	2628785.127	1104944.916	2622.812	2628785.127	1104944.916	2622.812	0.0	0.0
1504	2628778.855	1104955.219	2614.998	2628778.855	1104955.219	2614.998	0.0	0.0
1505	2628763.744	1104977.947	2596.0569	2628763.744	1104977.947	2596.0569	0.0	0.0
1506	2628757.032	1104988.28	2585.636	2628757.032	1104988.28	2585.636	0.0	0.0
1507	2628752.902	1104994.469	2579.9529	2628752.902	1104994.469	2579.9529	0.0	0.0
1514	2628578.261	1104986.088	2516.426	2628578.261	1104986.088	2516.426	0.0	0.0
1515	2628557.548	1104992.608	2510.137	2628558.0179	1104992.957	2510.3521	0.6235984444056321	0.0890854920579474
1519	2628389.499	1104965.85	2447.3259	2628388.422	1104965.665	2446.9741	1.148005766590451	0.1640008237986358
1520	2628351.951	1104966.554	2433.613	2628351.245	1104965.769	2433.5371	1.0584997919449537	0.1512142559921362
1525	2628250.073	1105028.778	2354.488	2628250.073	1105028.778	2354.488	0.0	0.0
1526	2628241.97	1105047.709	2348.771	2628241.918	1105048.145	2348.521	0.505272203869709	0.0721817434099584
1527	2628236.817	1105065.895	2338.406	2628236.817	1105065.895	2338.406	0.0	0.0
1528	2628232.674	1105083.348	2325.905	2628232.674	1105083.348	2325.905	0.0	0.0
1529	2628223.795	1105108.466	2304.999	2628223.784	1105108.826	2304.8799	0.3793491925716793	0.0541927417959541
1530	2628854.4	1104837.763	2710.4399	2628854.4	1104837.763	2710.4399	0.0	0.0
1531	2628854.4	1104837.763	2710.4399	2628854.4	1104837.763	2710.4399	0.0	0.0
1532	2628854.4	1104837.763	2710.4399	2628854.4	1104837.763	2710.4399	0.0	0.0
1533	2628854.4	1104837.763	2710.4399	2628854.4	1104837.763	2710.4399	0.0	0.0
1534	2628854.4	1104837.763	2710.4399	2628854.4	1104837.763	2710.4399	0.0	0.0
1535	2628854.4	1104837.763	2710.4399	2628854.4	1104837.763	2710.4399	0.0	0.0
1544	2628815.298	1104888.582	2673.176	2628815.298	1104888.582	2673.176	0.0	0.0
1545	2628799.37	1104922.815	2642.4641	2628799.37	1104922.815	2642.4641	0.0	0.0
1546	2628799.37	1104922.815	2642.4641	2628799.37	1104922.815	2642.4641	0.0	0.0
1547	2628795.204	1104930.541	2636.0891	2628795.204	1104930.541	2636.0891	0.0	0.0
1548	2628780.269	1104951.186	2617.572	2628780.269	1104951.186	2617.572	0.0	0.0
1549	2628778.855	1104955.219	2614.998	2628778.855	1104955.219	2614.998	0.0	0.0
1550	2628763.744	1104977.947	2596.0569	2628763.744	1104977.947	2596.0569	0.0	0.0
1551	2628761.991	1104980.412	2592.9619	2628761.991	1104980.412	2592.9619	0.0	0.0
1552	2628747.616	1105002.507	2572.6851	2628747.616	1105002.507	2572.6851	0.0	0.0
1553	2628745.775	1105005.287	2570.0171	2628745.775	1105005.287	2570.0171	0.0	0.0
1559	2628587.452	1104992.836	2507.0339	2628587.004	1104992.866	2507.0029	0.4500722162884913	0.0642960308983559
1560	2628575.55	1105004.753	2507.446	2628575.494	1105004.906	2507.595	0.2207849631755458	0.0315407090250779
1561	2628554.1331	1105010.952	2500.6851	2628554.1331	1105010.952	2500.6851	0.0	0.0
1565	2628375.168	1104980.779	2429.4009	2628374.942	1104981.054	2429.0549	0.496404069347708	0.0709148670496725
1570	2628250.233	1105029.651	2354.7009	2628250.233	1105029.651	2354.7009	0.0	0.0
1571	2628241.918	1105048.145	2348.521	2628241.614	1105048.745	2348.304	0.7067566767382295	0.1009652395340327
1572	2628236.817	1105065.895	2338.406	2628236.817	1105065.895	2338.406	0.0	0.0
1573	2628234.41	1105085.582	2325.761	2628234.41	1105085.582	2325.761	0.0	0.0
1574	2628223.708	1105109.57	2304.2971	2628223.387	1105109.953	2304.2351	0.5035613169535201	0.07193733099336
1575	2628854.4	1104837.763	2710.4399	2628854.4	1104837.763	2710.4399	0.0	0.0
1576	2628854.4	1104837.763	2710.4399	2628854.4	1104837.763	2710.4399	0.0	0.0
1577	2628854.4	1104837.763	2710.4399	2628854.4	1104837.763	2710.4399	0.0	0.0
1578	2628854.4	1104837.763	2710.4399	2628854.4	1104837.763	2710.4399	0.0	0.0
1579	2628854.4	1104837.763	2710.4399	2628854.4	1104837.763	2710.4399	0.0	0.0
1580	2628854.4	1104837.763	2710.4399	2628854.4	1104837.763	2710.4399	0.0	0.0
1589	2628815.298	1104888.582	2673.176	2628815.298	1104888.582	2673.176	0.0	0.0
1590	2628799.37	1104922.815	2642.4641	2628799.37	1104922.815	2642.4641	0.0	0.0
1591	2628799.37	1104922.815	2642.4641	2628799.37	1104922.815	2642.4641	0.0	0.0
1592	2628795.204	1104930.541	2636.0891	2628795.204	1104930.541	2636.0891	0.0	0.0
1593	2628785.127	1104944.916	2622.812	2628785.127	1104944.916	2622.812	0.0	0.0
1594	2628779.0341	1104954.956	2615.22	2628779.0341	1104954.956	2615.22	0.0	0.0
1595	2628763.744	1104977.947	2596.0569	2628763.744	1104977.947	2596.0569	0.0	0.0
1596	2628762.501	1104979.986	2593.468	2628762.431	1104979.861	2593.5649	0.1729584055249245	0.0247083436464177
1597	2628747.616	1105002.507	2572.6851	2628747.616	1105002.507	2572.6851	0.0	0.0
1598	2628745.775	1105005.287	2570.0171	2628745.775	1105005.287	2570.0171	0.0	0.0
1599	2628735.358	1105015.115	2559.02	2628735.358	1105015.115	2559.02	0.0	0.0
1602	2628711.2111	1105052.342	2557.365	2628711.653	1105052.683	2557.7261	0.664793065539306	0.0949704379341865
1605	2628579.6591	1105009.252	2495.2141	2628579.407	1105009.25	2495.3069	0.2686452118412202	0.0383778874058886
1606	2628562.936	1105018.612	2493.981	2628562.936	1105018.612	2493.981	0.0	0.0
1607	2628545.765	1105026.003	2489.7129	2628545.765	1105026.003	2489.7129	0.0	0.0
1615	2628250.073	1105028.778	2354.488	2628250.073	1105028.778	2354.488	0.0	0.0
1616	2628249.355	1105033.625	2354.8679	2628249.355	1105033.625	2354.8679	0.0	0.0
1617	2628236.817	1105065.895	2338.406	2628236.817	1105065.895	2338.406	0.0	0.0
1618	2628249.355	1105033.625	2354.8679	2628249.355	1105033.625	2354.8679	0.0	0.0
1619	2628223.387	1105109.953	2304.2351	2628223.387	1105109.953	2304.2351	0.0	0.0
1620	2628854.4	1104837.763	2710.4399	2628854.4	1104837.763	2710.4399	0.0	0.0
1621	2628854.4	1104837.763	2710.4399	2628854.4	1104837.763	2710.4399	0.0	0.0
1622	2628854.4	1104837.763	2710.4399	2628854.4	1104837.763	2710.4399	0.0	0.0
1623	2628854.4	1104837.763	2710.4399	2628854.4	1104837.763	2710.4399	0.0	0.0
1624	2628854.4	1104837.763	2710.4399	2628854.4	1104837.763	2710.4399	0.0	0.0
1625	2628854.4	1104837.763	2710.4399	2628854.4	1104837.763	2710.4399	0.0	0.0
1634	2628815.298	1104888.582	2673.176	2628815.298	1104888.582	2673.176	0.0	0.0
1635	2628799.37	1104922.815	2642.4641	2628799.37	1104922.815	2642.4641	0.0	0.0
1636	2628799.37	1104922.815	2642.4641	2628799.37	1104922.815	2642.4641	0.0	0.0
1637	2628795.204	1104930.541	2636.0891	2628795.204	1104930.541	2636.0891	0.0	0.0
1638	2628785.127	1104944.916	2622.812	2628785.127	1104944.916	2622.812	0.0	0.0
1639	2628763.744	1104977.947	2596.0569	2628763.744	1104977.947	2596.0569	0.0	0.0
1640	2628763.744	1104977.947	2596.0569	2628763.744	1104977.947	2596.0569	0.0	0.0
1641	2628762.238	1104980.386	2593.0991	2628761.991	1104980.412	2592.9619	0.2837407971914361	0.0405343995987765
1642	2628753.824	1104993.114	2581.3301	2628753.824	1104993.114	2581.3301	0.0	0.0
1643	2628745.8831	1105005.124	2570.2009	2628745.743	1105005.324	2569.9919	0.3214171901139037	0.0459167414448433
1645	2628722.723	1105024.968	2548.2749	2628722.469	1105025.003	2548.0281	0.3558809352727328	0.0508401336103904
1651	2628573.251	1105024.682	2485.1489	2628572.573	1105024.606	2484.9561	0.708965330909883	0.1012807615585547
1652	2628554.675	1105033.626	2480.0391	2628554.004	1105034.016	2480.8521	1.1239706400066387	0.1605672342866626
1653	2628536.741	1105041.977	2477.033	2628536.358	1105041.84	2476.947	0.4157571405269135	0.0593938772181305
1657	2628382.37	1105031.682	2416.2229	2628382.753	1105031.886	2416.249	0.4347254419721352	0.0621036345674478
1660	2628250.332	1105028.453	2354.917	2628250.332	1105028.453	2354.917	0.0	0.0
1661	2628241.918	1105048.145	2348.521	2628241.918	1105048.145	2348.521	0.0	0.0
1662	2628236.817	1105065.895	2338.406	2628236.817	1105065.895	2338.406	0.0	0.0
1663	2628230.368	1105086.962	2321.436	2628230.368	1105086.962	2321.436	0.0	0.0
1664	2628224.613	1105106.068	2306.644	2628224.613	1105106.068	2306.644	0.0	0.0
1665	2628854.4	1104837.763	2710.4399	2628854.4	1104837.763	2710.4399	0.0	0.0
1666	2628854.4	1104837.763	2710.4399	2628854.4	1104837.763	2710.4399	0.0	0.0
1667	2628854.4	1104837.763	2710.4399	2628854.4	1104837.763	2710.4399	0.0	0.0
1668	2628854.4	1104837.763	2710.4399	2628854.4	1104837.763	2710.4399	0.0	0.0
1669	2628854.4	1104837.763	2710.4399	2628854.4	1104837.763	2710.4399	0.0	0.0
1679	2628815.298	1104888.582	2673.176	2628815.298	1104888.582	2673.176	0.0	0.0
1680	2628799.37	1104922.815	2642.4641	2628799.37	1104922.815	2642.4641	0.0	0.0
1681	2628799.37	1104922.815	2642.4641	2628799.37	1104922.815	2642.4641	0.0	0.0
1682	2628795.204	1104930.541	2636.0891	2628795.204	1104930.541	2636.0891	0.0	0.0
1683	2628785.127	1104944.916	2622.812	2628785.127	1104944.916	2622.812	0.0	0.0
1684	2628763.744	1104977.947	2596.0569	2628763.744	1104977.947	2596.0569	0.0	0.0
1685	2628763.744	1104977.947	2596.0569	2628763.744	1104977.947	2596.0569	0.0	0.0
1686	2628762.238	1104980.386	2593.0991	2628762.238	1104980.386	2593.0991	0.0	0.0
1687	2628753.369	1104992.955	2580.9451	2628753.292	1104993.211	2580.7981	0.3050803171542411	0.0435829024506058
1688	2628745.879	1105005.072	2570.2371	2628745.8831	1105005.124	2570.2009	0.0634921256132434	0.0090703036590347
1697	2628565.585	1105041.032	2472.8379	2628565.3669	1105041.246	2472.75	0.3179465680594279	0.0454209382942039
1698	2628549.6281	1105051.084	2470.8379	2628549.543	1105051.251	2470.8611	0.1888630454354598	0.0269804350622085
1699	2628525.181	1105055.332	2463.2451	2628525.541	1105055.192	2463.3899	0.4125130788383846	0.0589304398340549
1705	2628261.68	1105034.993	2355.1509	2628260.971	1105034.677	2355.0271	0.7860428998746866	0.1122918428392409
1706	2628241.918	1105048.145	2348.521	2628241.918	1105048.145	2348.521	0.0	0.0
1707	2628235.667	1105069.478	2335.085	2628235.667	1105069.478	2335.085	0.0	0.0
1708	2628229.799	1105088.381	2319.936	2628229.799	1105088.381	2319.936	0.0	0.0
1709	2628224.613	1105106.068	2306.644	2628224.613	1105106.068	2306.644	0.0	0.0
1710	2628854.4	1104837.763	2710.4399	2628854.4	1104837.763	2710.4399	0.0	0.0
1711	2628854.4	1104837.763	2710.4399	2628854.4	1104837.763	2710.4399	0.0	0.0
1712	2628854.4	1104837.763	2710.4399	2628854.4	1104837.763	2710.4399	0.0	0.0
1713	2628854.4	1104837.763	2710.4399	2628854.4	1104837.763	2710.4399	0.0	0.0
1714	2628854.4	1104837.763	2710.4399	2628854.4	1104837.763	2710.4399	0.0	0.0
1724	2628815.298	1104888.582	2673.176	2628815.298	1104888.582	2673.176	0.0	0.0
1725	2628799.37	1104922.815	2642.4641	2628799.37	1104922.815	2642.4641	0.0	0.0
1726	2628799.37	1104922.815	2642.4641	2628799.37	1104922.815	2642.4641	0.0	0.0
1727	2628795.204	1104930.541	2636.0891	2628795.204	1104930.541	2636.0891	0.0	0.0
1728	2628785.127	1104944.916	2622.812	2628785.127	1104944.916	2622.812	0.0	0.0
1729	2628763.744	1104977.947	2596.0569	2628763.744	1104977.947	2596.0569	0.0	0.0
1730	2628763.744	1104977.947	2596.0569	2628763.744	1104977.947	2596.0569	0.0	0.0
1731	2628762.238	1104980.386	2593.0991	2628762.238	1104980.386	2593.0991	0.0	0.0
1743	2628558.4449	1105057.66	2462.3269	2628558.4449	1105057.66	2462.3269	0.0	0.0
1744	2628541.0551	1105065.99	2459.3359	2628541.0551	1105065.99	2459.3359	0.0	0.0
1745	2628515.3879	1105069.472	2449.9199	2628515.681	1105069.55	2449.887	0.3050803499642811	0.0435829071377544
1751	2628256.115	1105056.056	2343.156	2628256.031	1105056.072	2343.1189	0.0932116411128585	0.0133159487304083
1752	2628236.817	1105065.895	2338.406	2628236.817	1105065.895	2338.406	0.0	0.0
1753	2628229.799	1105088.381	2319.936	2628229.799	1105088.381	2319.936	0.0	0.0
1754	2628224.613	1105106.068	2306.644	2628224.613	1105106.068	2306.644	0.0	0.0
1755	2628854.4	1104837.763	2710.4399	2628854.4	1104837.763	2710.4399	0.0	0.0
1756	2628854.4	1104837.763	2710.4399	2628854.4	1104837.763	2710.4399	0.0	0.0
1757	2628854.4	1104837.763	2710.4399	2628854.4	1104837.763	2710.4399	0.0	0.0
1758	2628854.4	1104837.763	2710.4399	2628854.4	1104837.763	2710.4399	0.0	0.0
1769	2628815.298	1104888.582	2673.176	2628815.298	1104888.582	2673.176	0.0	0.0
1770	2628799.37	1104922.815	2642.4641	2628799.37	1104922.815	2642.4641	0.0	0.0
1771	2628799.37	1104922.815	2642.4641	2628799.37	1104922.815	2642.4641	0.0	0.0
1772	2628795.057	1104930.785	2635.99	2628795.057	1104930.785	2635.99	0.0	0.0
1773	2628785.127	1104944.916	2622.812	2628785.127	1104944.916	2622.812	0.0	0.0
1774	2628778.855	1104955.219	2614.998	2628778.855	1104955.219	2614.998	0.0	0.0
1775	2628763.744	1104977.947	2596.0569	2628763.744	1104977.947	2596.0569	0.0	0.0
1789	2628555.204	1105074.848	2453.8159	2628555.204	1105074.848	2453.8159	0.0	0.0
1790	2628534.344	1105081.791	2448.0139	2628534.11	1105081.621	2448.0601	0.292900051305709	0.0418428644722441
1791	2628507.095	1105084.455	2437.9939	2628507.095	1105084.455	2437.9939	0.0	0.0
1794	2628376.366	1105073.322	2381.293	2628376.551	1105073.073	2381.426	0.3375129626236546	0.0482161375176649
1797	2628247.309	1105075.082	2329.5129	2628247.712	1105074.851	2329.73	0.5127400997634581	0.073248585680494
1798	2628229.799	1105088.381	2319.936	2628229.799	1105088.381	2319.936	0.0	0.0
1799	2628224.613	1105106.068	2306.644	2628224.613	1105106.068	2306.644	0.0	0.0
1800	2628854.4	1104837.763	2710.4399	2628854.4	1104837.763	2710.4399	0.0	0.0
1801	2628854.4	1104837.763	2710.4399	2628854.4	1104837.763	2710.4399	0.0	0.0
1802	2628854.4	1104837.763	2710.4399	2628854.4	1104837.763	2710.4399	0.0	0.0
1803	2628854.4	1104837.763	2710.4399	2628854.4	1104837.763	2710.4399	0.0	0.0
1814	2628815.298	1104888.582	2673.176	2628815.298	1104888.582	2673.176	0.0	0.0
1815	2628799.37	1104922.815	2642.4641	2628799.37	1104922.815	2642.4641	0.0	0.0
1816	2628799.37	1104922.815	2642.4641	2628799.37	1104922.815	2642.4641	0.0	0.0
1817	2628795.204	1104930.541	2636.0891	2628795.204	1104930.541	2636.0891	0.0	0.0
1818	2628785.127	1104944.916	2622.812	2628785.127	1104944.916	2622.812	0.0	0.0
1819	2628763.744	1104977.947	2596.0569	2628763.744	1104977.947	2596.0569	0.0	0.0
1820	2628763.744	1104977.947	2596.0569	2628763.744	1104977.947	2596.0569	0.0	0.0
1835	2628547.9351	1105091.777	2442.998	2628547.868	1105091.676	2443.199	0.2347432853535927	0.0335347550505132
1836	2628530.752	1105099.327	2439.0491	2628530.752	1105099.327	2439.0491	0.0	0.0
1837	2628497.541	1105099.554	2425.311	2628497.249	1105099.392	2425.2971	0.3342173098701461	0.0477453299814494
1838	2628466.886	1105102.442	2413.415	2628466.886	1105102.442	2413.415	0.0	0.0
1839	2628408.688	1105091.473	2384.7949	2628407.421	1105090.927	2384.489	1.4131453605622648	0.2018779086517521
1840	2628360.305	1105087.075	2363.7361	2628360.305	1105087.075	2363.7361	0.0	0.0
1842	2628269.676	1105086.2	2325.5591	2628269.676	1105086.2	2325.5591	0.0	0.0
1843	2628238.015	1105093.582	2314.5161	2628237.686	1105093.79	2314.6321	0.4061539116923648	0.0580219873846235
1844	2628224.613	1105106.068	2306.644	2628224.613	1105106.068	2306.644	0.0	0.0
1845	2628854.4	1104837.763	2710.4399	2628854.4	1104837.763	2710.4399	0.0	0.0
1846	2628854.4	1104837.763	2710.4399	2628854.4	1104837.763	2710.4399	0.0	0.0
1847	2628854.4	1104837.763	2710.4399	2628854.4	1104837.763	2710.4399	0.0	0.0
1860	2628799.37	1104922.815	2642.4641	2628799.37	1104922.815	2642.4641	0.0	0.0
1861	2628799.37	1104922.815	2642.4641	2628799.37	1104922.815	2642.4641	0.0	0.0
1864	2628763.744	1104977.947	2596.0569	2628763.744	1104977.947	2596.0569	0.0	0.0
1881	2628543.274	1105107.561	2433.1379	2628543.274	1105107.561	2433.1379	0.0	0.0
1882	2628525.496	1105116.13	2429.373	2628524.511	1105115.703	2429.271	1.0784053039860149	0.1540579005694307
1883	2628494.8719	1105117.677	2416.8621	2628494.8719	1105117.677	2416.8621	0.0	0.0
1884	2628460.158	1105119.089	2402.293	2628460.158	1105119.089	2402.293	0.0	0.0
1885	2628391.097	1105103.89	2367.0371	2628391.097	1105103.89	2367.0371	0.0	0.0
1888	2628259.93	1105105.176	2311.1509	2628259.019	1105105.11	2310.918	0.9426130757387478	0.1346590108198211
1889	2628228.794	1105113.193	2302.0439	2628228.794	1105113.193	2302.0439	0.0	0.0
1890	2628854.4	1104837.763	2710.4399	2628854.4	1104837.763	2710.4399	0.0	0.0
1891	2628854.4	1104837.763	2710.4399	2628854.4	1104837.763	2710.4399	0.0	0.0
1892	2628854.4	1104837.763	2710.4399	2628854.4	1104837.763	2710.4399	0.0	0.0
1905	2628799.37	1104922.815	2642.4641	2628799.37	1104922.815	2642.4641	0.0	0.0
1909	2628763.744	1104977.947	2596.0569	2628763.744	1104977.947	2596.0569	0.0	0.0
1927	2628534.359	1105122.078	2420.8279	2628534.359	1105122.078	2420.8279	0.0	0.0
1928	2628517.7581	1105131.796	2417.509	2628517.4399	1105131.945	2417.3049	0.4063361293977189	0.0580480184853884
1929	2628489.175	1105134.55	2406.4709	2628489.175	1105134.55	2406.4709	0.0	0.0
1930	2628452.191	1105134.729	2390.7949	2628451.905	1105134.711	2390.9939	0.34888536825819	0.0498407668940271
1934	2628252.468	1105123.843	2297.5791	2628252.508	1105124.237	2297.4241	0.4252775562951984	0.0607539366135997
1935	2628854.4	1104837.763	2710.4399	2628854.4	1104837.763	2710.4399	0.0	0.0
1936	2628854.4	1104837.763	2710.4399	2628854.4	1104837.763	2710.4399	0.0	0.0
1937	2628854.4	1104837.763	2710.4399	2628854.4	1104837.763	2710.4399	0.0	0.0
1973	2628520.9611	1105133.986	2406.6479	2628520.9611	1105133.986	2406.6479	0.0	0.0
1974	2628510.057	1105146.458	2406.3589	2628510.691	1105146.43	2406.6841	0.7130883816949547	0.1018697688135649
1975	2628477.089	1105147.877	2392.4189	2628478.049	1105147.993	2392.7939	1.037150422990959	0.1481643461415655
1976	2628454.311	1105154.987	2385.2151	2628454.311	1105154.987	2385.2151	0.0	0.0
1977	2628373.094	1105137.045	2341.0591	2628373.094	1105137.045	2341.0591	0.0	0.0
1980	2628854.4	1104837.763	2710.4399	2628854.4	1104837.763	2710.4399	0.0	0.0
1981	2628854.4	1104837.763	2710.4399	2628854.4	1104837.763	2710.4399	0.0	0.0
2019	2628517.095	1105150.276	2400.6709	2628517.095	1105150.276	2400.6709	0.0	0.0
2020	2628494.83	1105157.279	2391.218	2628495.1071	1105157.406	2391.042	0.3519792749593201	0.0502827535656171
2021	2628465.6949	1105161.435	2378.656	2628465.6949	1105161.435	2378.656	0.0	0.0
2022	2628449.3149	1105172.152	2374.9829	2628449.3149	1105172.152	2374.9829	0.0	0.0
2023	2628383.346	1105161.637	2340.718	2628380.052	1105160.436	2338.5959	4.098310067419419	0.5854728667742027
