ID	X_x	Y_x	Z_x	X_y	Y_y	Z_y	Distances	Velocity
10	2628632.103	1104505.282	2802.4541	2628632.103	1104505.282	2802.4541	0.0	0.0
11	2628632.103	1104505.282	2802.4541	2628632.103	1104505.282	2802.4541	0.0	0.0
12	2628632.103	1104505.282	2802.4541	2628632.103	1104505.282	2802.4541	0.0	0.0
13	2628632.103	1104505.282	2802.4541	2628632.103	1104505.282	2802.4541	0.0	0.0
14	2628564.757	1104513.436	2769.6909	2628564.757	1104513.436	2769.6909	0.0	0.0
15	2628564.757	1104513.436	2769.6909	2628564.757	1104513.436	2769.6909	0.0	0.0
16	2628564.757	1104513.436	2769.6909	2628564.757	1104513.436	2769.6909	0.0	0.0
17	2628564.757	1104513.436	2769.6909	2628564.757	1104513.436	2769.6909	0.0	0.0
18	2628564.757	1104513.436	2769.6909	2628564.757	1104513.436	2769.6909	0.0	0.0
19	2628564.757	1104513.436	2769.6909	2628564.757	1104513.436	2769.6909	0.0	0.0
20	2628564.757	1104513.436	2769.6909	2628564.757	1104513.436	2769.6909	0.0	0.0
21	2628564.757	1104513.436	2769.6909	2628564.757	1104513.436	2769.6909	0.0	0.0
22	2628426.071	1104659.034	2643.5779	2628426.071	1104659.034	2643.5779	0.0	0.0
23	2628419.439	1104670.181	2637.4299	2628419.439	1104670.181	2637.4299	0.0	0.0
24	2628419.439	1104670.181	2637.4299	2628419.439	1104670.181	2637.4299	0.0	0.0
25	2628397.832	1104730.56	2588.79	2628397.832	1104730.56	2588.79	0.0	0.0
26	2628397.009	1104733.501	2587.8831	2628397.009	1104733.501	2587.8831	0.0	0.0
27	2628397.009	1104733.501	2587.8831	2628397.009	1104733.501	2587.8831	0.0	0.0
28	2628397.009	1104733.501	2587.8831	2628397.009	1104733.501	2587.8831	0.0	0.0
29	2628397.009	1104733.501	2587.8831	2628397.009	1104733.501	2587.8831	0.0	0.0
30	2628397.009	1104733.501	2587.8831	2628397.009	1104733.501	2587.8831	0.0	0.0
31	2628397.009	1104733.501	2587.8831	2628397.009	1104733.501	2587.8831	0.0	0.0
32	2628397.009	1104733.501	2587.8831	2628397.009	1104733.501	2587.8831	0.0	0.0
33	2628373.755	1104923.795	2462.929	2628373.755	1104923.795	2462.929	0.0	0.0
55	2628632.103	1104505.282	2802.4541	2628632.103	1104505.282	2802.4541	0.0	0.0
56	2628632.103	1104505.282	2802.4541	2628632.103	1104505.282	2802.4541	0.0	0.0
57	2628632.103	1104505.282	2802.4541	2628632.103	1104505.282	2802.4541	0.0	0.0
58	2628632.103	1104505.282	2802.4541	2628632.103	1104505.282	2802.4541	0.0	0.0
59	2628564.757	1104513.436	2769.6909	2628632.103	1104505.282	2802.4541	75.33524212630185	10.76217744661455
60	2628564.757	1104513.436	2769.6909	2628564.757	1104513.436	2769.6909	0.0	0.0
61	2628564.757	1104513.436	2769.6909	2628564.757	1104513.436	2769.6909	0.0	0.0
62	2628564.757	1104513.436	2769.6909	2628564.757	1104513.436	2769.6909	0.0	0.0
63	2628564.757	1104513.436	2769.6909	2628564.757	1104513.436	2769.6909	0.0	0.0
64	2628564.757	1104513.436	2769.6909	2628564.757	1104513.436	2769.6909	0.0	0.0
65	2628564.757	1104513.436	2769.6909	2628564.757	1104513.436	2769.6909	0.0	0.0
66	2628564.757	1104513.436	2769.6909	2628564.757	1104513.436	2769.6909	0.0	0.0
67	2628428.046	1104663.164	2643.2561	2628428.046	1104663.164	2643.2561	0.0	0.0
68	2628419.439	1104670.181	2637.4299	2628419.439	1104670.181	2637.4299	0.0	0.0
69	2628419.439	1104670.181	2637.4299	2628419.439	1104670.181	2637.4299	0.0	0.0
70	2628396.891	1104721.998	2596.9529	2628395.987	1104719.162	2600.8081	4.870593294325729	0.6957990420465326
71	2628397.009	1104733.501	2587.8831	2628397.009	1104733.501	2587.8831	0.0	0.0
72	2628397.009	1104733.501	2587.8831	2628397.009	1104733.501	2587.8831	0.0	0.0
73	2628397.009	1104733.501	2587.8831	2628397.009	1104733.501	2587.8831	0.0	0.0
74	2628397.009	1104733.501	2587.8831	2628397.009	1104733.501	2587.8831	0.0	0.0
75	2628397.009	1104733.501	2587.8831	2628397.009	1104733.501	2587.8831	0.0	0.0
76	2628397.009	1104733.501	2587.8831	2628397.009	1104733.501	2587.8831	0.0	0.0
77	2628397.009	1104733.501	2587.8831	2628397.009	1104733.501	2587.8831	0.0	0.0
78	2628364.768	1104925.403	2456.301	2628364.768	1104925.403	2456.301	0.0	0.0
100	2628632.103	1104505.282	2802.4541	2628632.103	1104505.282	2802.4541	0.0	0.0
101	2628632.103	1104505.282	2802.4541	2628632.103	1104505.282	2802.4541	0.0	0.0
102	2628632.103	1104505.282	2802.4541	2628632.103	1104505.282	2802.4541	0.0	0.0
103	2628632.103	1104505.282	2802.4541	2628632.103	1104505.282	2802.4541	0.0	0.0
104	2628564.757	1104513.436	2769.6909	2628564.757	1104513.436	2769.6909	0.0	0.0
105	2628564.757	1104513.436	2769.6909	2628564.757	1104513.436	2769.6909	0.0	0.0
106	2628564.757	1104513.436	2769.6909	2628564.757	1104513.436	2769.6909	0.0	0.0
107	2628564.757	1104513.436	2769.6909	2628564.757	1104513.436	2769.6909	0.0	0.0
108	2628564.757	1104513.436	2769.6909	2628564.757	1104513.436	2769.6909	0.0	0.0
109	2628564.757	1104513.436	2769.6909	2628564.757	1104513.436	2769.6909	0.0	0.0
110	2628564.757	1104513.436	2769.6909	2628564.757	1104513.436	2769.6909	0.0	0.0
111	2628564.757	1104513.436	2769.6909	2628564.757	1104513.436	2769.6909	0.0	0.0
112	2628428.046	1104663.164	2643.2561	2628427.089	1104662.762	2642.6919	1.1814290668002765	0.168775580971468
113	2628419.439	1104670.181	2637.4299	2628419.439	1104670.181	2637.4299	0.0	0.0
114	2628419.439	1104670.181	2637.4299	2628419.439	1104670.181	2637.4299	0.0	0.0
115	2628397.569	1104723.089	2596.342	2628397.839	1104723.888	2595.6021	1.1219416251279084	0.1602773750182726
116	2628397.009	1104733.501	2587.8831	2628397.009	1104733.501	2587.8831	0.0	0.0
117	2628397.009	1104733.501	2587.8831	2628397.009	1104733.501	2587.8831	0.0	0.0
118	2628397.009	1104733.501	2587.8831	2628397.009	1104733.501	2587.8831	0.0	0.0
119	2628397.009	1104733.501	2587.8831	2628397.009	1104733.501	2587.8831	0.0	0.0
120	2628397.009	1104733.501	2587.8831	2628397.009	1104733.501	2587.8831	0.0	0.0
121	2628397.009	1104733.501	2587.8831	2628397.009	1104733.501	2587.8831	0.0	0.0
122	2628397.009	1104733.501	2587.8831	2628397.009	1104733.501	2587.8831	0.0	0.0
123	2628373.755	1104923.795	2462.929	2628373.755	1104923.795	2462.929	0.0	0.0
145	2628632.103	1104505.282	2802.4541	2628632.103	1104505.282	2802.4541	0.0	0.0
146	2628632.103	1104505.282	2802.4541	2628632.103	1104505.282	2802.4541	0.0	0.0
147	2628632.103	1104505.282	2802.4541	2628632.103	1104505.282	2802.4541	0.0	0.0
148	2628632.103	1104505.282	2802.4541	2628632.103	1104505.282	2802.4541	0.0	0.0
149	2628564.757	1104513.436	2769.6909	2628564.757	1104513.436	2769.6909	0.0	0.0
150	2628564.757	1104513.436	2769.6909	2628564.757	1104513.436	2769.6909	0.0	0.0
151	2628564.757	1104513.436	2769.6909	2628564.757	1104513.436	2769.6909	0.0	0.0
152	2628564.757	1104513.436	2769.6909	2628564.757	1104513.436	2769.6909	0.0	0.0
153	2628564.757	1104513.436	2769.6909	2628564.757	1104513.436	2769.6909	0.0	0.0
155	2628564.757	1104513.436	2769.6909	2628564.757	1104513.436	2769.6909	0.0	0.0
156	2628442.646	1104630.67	2666.2451	2628442.646	1104630.67	2666.2451	0.0	0.0
157	2628427.089	1104662.762	2642.6919	2628427.089	1104662.762	2642.6919	0.0	0.0
158	2628419.439	1104670.181	2637.4299	2628419.439	1104670.181	2637.4299	0.0	0.0
159	2628419.439	1104670.181	2637.4299	2628419.439	1104670.181	2637.4299	0.0	0.0
160	2628395.987	1104719.162	2600.8081	2628395.992	1104718.102	2601.6851	1.375773964035249	0.1965391377193213
161	2628397.009	1104733.501	2587.8831	2628397.009	1104733.501	2587.8831	0.0	0.0
162	2628397.009	1104733.501	2587.8831	2628397.009	1104733.501	2587.8831	0.0	0.0
163	2628397.009	1104733.501	2587.8831	2628397.009	1104733.501	2587.8831	0.0	0.0
164	2628397.009	1104733.501	2587.8831	2628397.009	1104733.501	2587.8831	0.0	0.0
165	2628397.009	1104733.501	2587.8831	2628397.009	1104733.501	2587.8831	0.0	0.0
166	2628397.009	1104733.501	2587.8831	2628397.009	1104733.501	2587.8831	0.0	0.0
167	2628397.009	1104733.501	2587.8831	2628397.009	1104733.501	2587.8831	0.0	0.0
168	2628373.755	1104923.795	2462.929	2628373.755	1104923.795	2462.929	0.0	0.0
190	2628632.103	1104505.282	2802.4541	2628632.103	1104505.282	2802.4541	0.0	0.0
191	2628632.103	1104505.282	2802.4541	2628632.103	1104505.282	2802.4541	0.0	0.0
192	2628632.103	1104505.282	2802.4541	2628632.103	1104505.282	2802.4541	0.0	0.0
193	2628564.757	1104513.436	2769.6909	2628564.757	1104513.436	2769.6909	0.0	0.0
194	2628564.757	1104513.436	2769.6909	2628564.757	1104513.436	2769.6909	0.0	0.0
195	2628564.757	1104513.436	2769.6909	2628564.757	1104513.436	2769.6909	0.0	0.0
196	2628564.757	1104513.436	2769.6909	2628564.757	1104513.436	2769.6909	0.0	0.0
197	2628564.757	1104513.436	2769.6909	2628564.757	1104513.436	2769.6909	0.0	0.0
198	2628564.757	1104513.436	2769.6909	2628564.757	1104513.436	2769.6909	0.0	0.0
200	2628564.757	1104513.436	2769.6909	2628564.757	1104513.436	2769.6909	0.0	0.0
201	2628442.646	1104630.67	2666.2451	2628442.646	1104630.67	2666.2451	0.0	0.0
202	2628427.089	1104662.762	2642.6919	2628427.089	1104662.762	2642.6919	0.0	0.0
203	2628419.439	1104670.181	2637.4299	2628419.439	1104670.181	2637.4299	0.0	0.0
204	2628419.439	1104670.181	2637.4299	2628419.439	1104670.181	2637.4299	0.0	0.0
205	2628399.492	1104728.371	2591.7991	2628399.423	1104728.827	2591.457	0.5742206980106247	0.0820315282872321
206	2628397.009	1104733.501	2587.8831	2628397.009	1104733.501	2587.8831	0.0	0.0
207	2628397.009	1104733.501	2587.8831	2628397.009	1104733.501	2587.8831	0.0	0.0
208	2628397.009	1104733.501	2587.8831	2628397.009	1104733.501	2587.8831	0.0	0.0
209	2628397.009	1104733.501	2587.8831	2628397.009	1104733.501	2587.8831	0.0	0.0
210	2628397.009	1104733.501	2587.8831	2628397.009	1104733.501	2587.8831	0.0	0.0
211	2628397.009	1104733.501	2587.8831	2628397.009	1104733.501	2587.8831	0.0	0.0
212	2628397.009	1104733.501	2587.8831	2628397.009	1104733.501	2587.8831	0.0	0.0
213	2628373.755	1104923.795	2462.929	2628373.755	1104923.795	2462.929	0.0	0.0
235	2628632.103	1104505.282	2802.4541	2628632.103	1104505.282	2802.4541	0.0	0.0
236	2628632.103	1104505.282	2802.4541	2628632.103	1104505.282	2802.4541	0.0	0.0
237	2628632.103	1104505.282	2802.4541	2628632.103	1104505.282	2802.4541	0.0	0.0
238	2628564.757	1104513.436	2769.6909	2628564.757	1104513.436	2769.6909	0.0	0.0
239	2628564.757	1104513.436	2769.6909	2628564.757	1104513.436	2769.6909	0.0	0.0
240	2628564.757	1104513.436	2769.6909	2628564.757	1104513.436	2769.6909	0.0	0.0
241	2628564.757	1104513.436	2769.6909	2628564.757	1104513.436	2769.6909	0.0	0.0
242	2628564.757	1104513.436	2769.6909	2628564.757	1104513.436	2769.6909	0.0	0.0
245	2628451.606	1104622.899	2670.5449	2628450.246	1104623.759	2669.917	1.727269061579029	0.2467527230827184
246	2628442.646	1104630.67	2666.2451	2628442.646	1104630.67	2666.2451	0.0	0.0
247	2628428.046	1104663.164	2643.2561	2628428.046	1104663.164	2643.2561	0.0	0.0
248	2628419.439	1104670.181	2637.4299	2628419.439	1104670.181	2637.4299	0.0	0.0
249	2628419.439	1104670.181	2637.4299	2628419.439	1104670.181	2637.4299	0.0	0.0
250	2628399.423	1104728.827	2591.457	2628399.423	1104728.827	2591.457	0.0	0.0
251	2628397.009	1104733.501	2587.8831	2628397.009	1104733.501	2587.8831	0.0	0.0
252	2628397.009	1104733.501	2587.8831	2628397.009	1104733.501	2587.8831	0.0	0.0
253	2628397.009	1104733.501	2587.8831	2628397.009	1104733.501	2587.8831	0.0	0.0
254	2628397.009	1104733.501	2587.8831	2628397.009	1104733.501	2587.8831	0.0	0.0
255	2628397.009	1104733.501	2587.8831	2628397.009	1104733.501	2587.8831	0.0	0.0
256	2628397.009	1104733.501	2587.8831	2628397.009	1104733.501	2587.8831	0.0	0.0
257	2628397.009	1104733.501	2587.8831	2628397.009	1104733.501	2587.8831	0.0	0.0
258	2628374.76	1104920.957	2465.821	2628397.009	1104733.501	2587.8831	224.79752265855944	32.113931808365635
280	2628632.103	1104505.282	2802.4541	2628632.103	1104505.282	2802.4541	0.0	0.0
281	2628632.103	1104505.282	2802.4541	2628632.103	1104505.282	2802.4541	0.0	0.0
282	2628581.953	1104515.039	2777.5691	2628581.953	1104515.039	2777.5691	0.0	0.0
283	2628564.757	1104513.436	2769.6909	2628564.757	1104513.436	2769.6909	0.0	0.0
284	2628564.757	1104513.436	2769.6909	2628564.757	1104513.436	2769.6909	0.0	0.0
285	2628564.757	1104513.436	2769.6909	2628564.757	1104513.436	2769.6909	0.0	0.0
286	2628564.757	1104513.436	2769.6909	2628564.757	1104513.436	2769.6909	0.0	0.0
287	2628564.757	1104513.436	2769.6909	2628564.757	1104513.436	2769.6909	0.0	0.0
290	2628449.926	1104622.86	2669.9399	2628450.246	1104623.759	2669.917	0.9545288941929266	0.1363612705989895
291	2628442.646	1104630.67	2666.2451	2628442.646	1104630.67	2666.2451	0.0	0.0
292	2628427.089	1104662.762	2642.6919	2628427.089	1104662.762	2642.6919	0.0	0.0
293	2628419.439	1104670.181	2637.4299	2628419.439	1104670.181	2637.4299	0.0	0.0
294	2628419.439	1104670.181	2637.4299	2628419.439	1104670.181	2637.4299	0.0	0.0
295	2628399.423	1104728.827	2591.457	2628399.423	1104728.827	2591.457	0.0	0.0
296	2628397.009	1104733.501	2587.8831	2628397.009	1104733.501	2587.8831	0.0	0.0
297	2628397.009	1104733.501	2587.8831	2628397.009	1104733.501	2587.8831	0.0	0.0
298	2628397.009	1104733.501	2587.8831	2628397.009	1104733.501	2587.8831	0.0	0.0
299	2628397.009	1104733.501	2587.8831	2628397.009	1104733.501	2587.8831	0.0	0.0
300	2628397.009	1104733.501	2587.8831	2628397.009	1104733.501	2587.8831	0.0	0.0
301	2628397.009	1104733.501	2587.8831	2628397.009	1104733.501	2587.8831	0.0	0.0
302	2628397.009	1104733.501	2587.8831	2628397.009	1104733.501	2587.8831	0.0	0.0
303	2628373.755	1104923.795	2462.929	2628373.755	1104923.795	2462.929	0.0	0.0
325	2628632.103	1104505.282	2802.4541	2628632.103	1104505.282	2802.4541	0.0	0.0
326	2628632.103	1104505.282	2802.4541	2628632.103	1104505.282	2802.4541	0.0	0.0
327	2628583.975	1104514.173	2778.7791	2628585.198	1104516.039	2778.8479	2.232133159111012	0.3188761655872874
328	2628564.757	1104513.436	2769.6909	2628564.757	1104513.436	2769.6909	0.0	0.0
329	2628564.757	1104513.436	2769.6909	2628564.757	1104513.436	2769.6909	0.0	0.0
330	2628564.757	1104513.436	2769.6909	2628564.757	1104513.436	2769.6909	0.0	0.0
331	2628564.757	1104513.436	2769.6909	2628564.757	1104513.436	2769.6909	0.0	0.0
335	2628450.246	1104623.759	2669.917	2628450.679	1104625.43	2669.752	1.734057380736988	0.2477224829624268
336	2628442.646	1104630.67	2666.2451	2628442.646	1104630.67	2666.2451	0.0	0.0
337	2628427.089	1104662.762	2642.6919	2628427.089	1104662.762	2642.6919	0.0	0.0
338	2628419.439	1104670.181	2637.4299	2628419.439	1104670.181	2637.4299	0.0	0.0
339	2628419.439	1104670.181	2637.4299	2628419.439	1104670.181	2637.4299	0.0	0.0
340	2628399.423	1104728.827	2591.457	2628399.423	1104728.827	2591.457	0.0	0.0
341	2628397.009	1104733.501	2587.8831	2628397.009	1104733.501	2587.8831	0.0	0.0
342	2628397.009	1104733.501	2587.8831	2628397.009	1104733.501	2587.8831	0.0	0.0
343	2628397.009	1104733.501	2587.8831	2628397.009	1104733.501	2587.8831	0.0	0.0
344	2628397.009	1104733.501	2587.8831	2628397.009	1104733.501	2587.8831	0.0	0.0
345	2628397.009	1104733.501	2587.8831	2628397.009	1104733.501	2587.8831	0.0	0.0
346	2628397.009	1104733.501	2587.8831	2628397.009	1104733.501	2587.8831	0.0	0.0
347	2628397.009	1104733.501	2587.8831	2628397.009	1104733.501	2587.8831	0.0	0.0
348	2628373.755	1104923.795	2462.929	2628373.755	1104923.795	2462.929	0.0	0.0
370	2628632.103	1104505.282	2802.4541	2628632.103	1104505.282	2802.4541	0.0	0.0
371	2628600.194	1104506.848	2786.3511	2628604.537	1104513.725	2787.05	8.1635310503629	1.1662187214804145
372	2628582.481	1104517.107	2777.4719	2628582.3621	1104518.007	2777.2649	0.931120942660139	0.133017277522877
373	2628564.757	1104513.436	2769.6909	2628564.757	1104513.436	2769.6909	0.0	0.0
374	2628564.757	1104513.436	2769.6909	2628564.757	1104513.436	2769.6909	0.0	0.0
375	2628535.0601	1104534.28	2746.2639	2628535.0601	1104534.28	2746.2639	0.0	0.0
380	2628449.926	1104622.86	2669.9399	2628450.246	1104623.759	2669.917	0.9545288941929266	0.1363612705989895
381	2628442.646	1104630.67	2666.2451	2628442.646	1104630.67	2666.2451	0.0	0.0
382	2628427.089	1104662.762	2642.6919	2628427.089	1104662.762	2642.6919	0.0	0.0
383	2628419.439	1104670.181	2637.4299	2628419.439	1104670.181	2637.4299	0.0	0.0
384	2628419.439	1104670.181	2637.4299	2628419.439	1104670.181	2637.4299	0.0	0.0
385	2628399.423	1104728.827	2591.457	2628399.492	1104728.371	2591.7991	0.5742206980106247	0.0820315282872321
386	2628397.009	1104733.501	2587.8831	2628397.009	1104733.501	2587.8831	0.0	0.0
387	2628397.009	1104733.501	2587.8831	2628397.009	1104733.501	2587.8831	0.0	0.0
388	2628397.009	1104733.501	2587.8831	2628397.009	1104733.501	2587.8831	0.0	0.0
389	2628397.009	1104733.501	2587.8831	2628397.009	1104733.501	2587.8831	0.0	0.0
390	2628397.009	1104733.501	2587.8831	2628397.009	1104733.501	2587.8831	0.0	0.0
391	2628397.009	1104733.501	2587.8831	2628397.009	1104733.501	2587.8831	0.0	0.0
392	2628397.009	1104733.501	2587.8831	2628397.009	1104733.501	2587.8831	0.0	0.0
393	2628373.755	1104923.795	2462.929	2628373.755	1104923.795	2462.929	0.0	0.0
405	2628899.851	1104640.525	2832.634	2628901.14	1104643.408	2832.7561	3.160398457745861	0.4514854939636944
415	2628628.933	1104513.157	2798.78	2628628.5601	1104513.268	2798.7151	0.394445712661416	0.0563493875230594
417	2628584.207	1104516.514	2778.25	2628581.953	1104515.039	2777.5691	2.77844665385984	0.3969209505514057
418	2628564.757	1104513.436	2769.6909	2628564.757	1104513.436	2769.6909	0.0	0.0
419	2628564.757	1104513.436	2769.6909	2628564.757	1104513.436	2769.6909	0.0	0.0
420	2628535.0601	1104534.28	2746.2639	2628535.0601	1104534.28	2746.2639	0.0	0.0
425	2628449.926	1104622.86	2669.9399	2628449.926	1104622.86	2669.9399	0.0	0.0
426	2628442.646	1104630.67	2666.2451	2628442.646	1104630.67	2666.2451	0.0	0.0
427	2628428.046	1104663.164	2643.2561	2628427.089	1104662.762	2642.6919	1.1814290668002765	0.168775580971468
428	2628419.439	1104670.181	2637.4299	2628419.439	1104670.181	2637.4299	0.0	0.0
429	2628419.439	1104670.181	2637.4299	2628419.439	1104670.181	2637.4299	0.0	0.0
430	2628397.569	1104723.089	2596.342	2628397.569	1104723.089	2596.342	0.0	0.0
431	2628397.009	1104733.501	2587.8831	2628397.009	1104733.501	2587.8831	0.0	0.0
432	2628397.009	1104733.501	2587.8831	2628397.009	1104733.501	2587.8831	0.0	0.0
433	2628397.009	1104733.501	2587.8831	2628397.009	1104733.501	2587.8831	0.0	0.0
434	2628397.009	1104733.501	2587.8831	2628397.009	1104733.501	2587.8831	0.0	0.0
435	2628397.009	1104733.501	2587.8831	2628397.009	1104733.501	2587.8831	0.0	0.0
436	2628397.009	1104733.501	2587.8831	2628397.009	1104733.501	2587.8831	0.0	0.0
437	2628397.009	1104733.501	2587.8831	2628397.009	1104733.501	2587.8831	0.0	0.0
438	2628373.755	1104923.795	2462.929	2628373.755	1104923.795	2462.929	0.0	0.0
450	2628918.561	1104679.655	2825.519	2628918.561	1104679.655	2825.519	0.0	0.0
451	2628895.533	1104665.049	2822.3911	2628895.351	1104665.053	2822.4009	0.1823075423851426	0.0260439346264489
452	2628876.431	1104659.65	2819.915	2628876.431	1104659.65	2819.915	0.0	0.0
453	2628856.649	1104653.718	2817.0969	2628856.649	1104653.718	2817.0969	0.0	0.0
461	2628619.749	1104532.201	2784.5249	2628619.947	1104532.258	2784.21	0.376317698403421	0.0537596712004887
462	2628582.7	1104516.278	2777.729	2628582.7	1104516.278	2777.729	0.0	0.0
463	2628564.757	1104513.436	2769.6909	2628565.949	1104527.364	2766.9331	14.248351092023276	2.035478727431897
464	2628547.439	1104535.12	2753.9551	2628547.134	1104535.938	2753.623	0.9340446508435792	0.1334349501205113
465	2628535.0601	1104534.28	2746.2639	2628535.0601	1104534.28	2746.2639	0.0	0.0
470	2628449.926	1104622.86	2669.9399	2628450.246	1104623.759	2669.917	0.9545288941929266	0.1363612705989895
471	2628442.646	1104630.67	2666.2451	2628442.646	1104630.67	2666.2451	0.0	0.0
472	2628428.046	1104663.164	2643.2561	2628427.089	1104662.762	2642.6919	1.1814290668002765	0.168775580971468
473	2628419.439	1104670.181	2637.4299	2628419.439	1104670.181	2637.4299	0.0	0.0
474	2628419.439	1104670.181	2637.4299	2628419.439	1104670.181	2637.4299	0.0	0.0
475	2628397.569	1104723.089	2596.342	2628397.569	1104723.089	2596.342	0.0	0.0
476	2628397.009	1104733.501	2587.8831	2628397.009	1104733.501	2587.8831	0.0	0.0
477	2628397.009	1104733.501	2587.8831	2628397.009	1104733.501	2587.8831	0.0	0.0
478	2628397.009	1104733.501	2587.8831	2628397.009	1104733.501	2587.8831	0.0	0.0
479	2628397.009	1104733.501	2587.8831	2628397.009	1104733.501	2587.8831	0.0	0.0
480	2628397.009	1104733.501	2587.8831	2628397.009	1104733.501	2587.8831	0.0	0.0
481	2628397.009	1104733.501	2587.8831	2628397.009	1104733.501	2587.8831	0.0	0.0
482	2628397.009	1104733.501	2587.8831	2628397.009	1104733.501	2587.8831	0.0	0.0
483	2628373.755	1104923.795	2462.929	2628373.755	1104923.795	2462.929	0.0	0.0
495	2628928.302	1104699.329	2817.1589	2628928.4561	1104699.623	2816.8069	0.4838251853449896	0.0691178836207127
496	2628911.718	1104697.648	2815.092	2628911.879	1104698.209	2814.8391	0.6360820781047909	0.0908688683006844
497	2628891.913	1104689.666	2812.1709	2628892.6639	1104691.07	2812.2209	1.592974202576394	0.2275677432251991
498	2628869.172	1104677.432	2808.3931	2628869.363	1104677.827	2808.324	0.4441630444509575	0.0634518634929939
507	2628610.2209	1104552.391	2768.679	2628610.2209	1104552.391	2768.679	0.0	0.0
508	2628571.2209	1104533.103	2763.5471	2628571.2209	1104533.103	2763.5471	0.0	0.0
509	2628547.134	1104535.938	2753.623	2628547.134	1104535.938	2753.623	0.0	0.0
510	2628535.0601	1104534.28	2746.2639	2628535.0601	1104534.28	2746.2639	0.0	0.0
515	2628450.679	1104625.43	2669.752	2628450.145	1104625.409	2669.5229	0.5814497484580942	0.0830642497797277
516	2628442.646	1104630.67	2666.2451	2628442.646	1104630.67	2666.2451	0.0	0.0
517	2628428.046	1104663.164	2643.2561	2628428.046	1104663.164	2643.2561	0.0	0.0
518	2628419.439	1104670.181	2637.4299	2628419.439	1104670.181	2637.4299	0.0	0.0
519	2628419.439	1104670.181	2637.4299	2628419.439	1104670.181	2637.4299	0.0	0.0
520	2628397.569	1104723.089	2596.342	2628399.492	1104728.371	2591.7991	7.227405717898482	1.0324865311283546
521	2628397.009	1104733.501	2587.8831	2628397.009	1104733.501	2587.8831	0.0	0.0
522	2628397.009	1104733.501	2587.8831	2628397.009	1104733.501	2587.8831	0.0	0.0
523	2628397.009	1104733.501	2587.8831	2628397.009	1104733.501	2587.8831	0.0	0.0
524	2628397.009	1104733.501	2587.8831	2628397.009	1104733.501	2587.8831	0.0	0.0
525	2628397.009	1104733.501	2587.8831	2628397.009	1104733.501	2587.8831	0.0	0.0
526	2628397.009	1104733.501	2587.8831	2628397.009	1104733.501	2587.8831	0.0	0.0
527	2628397.009	1104733.501	2587.8831	2628397.009	1104733.501	2587.8831	0.0	0.0
528	2628373.755	1104923.795	2462.929	2628373.755	1104923.795	2462.929	0.0	0.0
540	2628935.355	1104712.659	2807.3291	2628935.751	1104713.457	2806.9451	0.9700907174420802	0.1385843882060114
541	2628919.019	1104711.93	2805.719	2628919.4709	1104712.471	2805.678	0.7060988671305553	0.1008712667329364
542	2628902.799	1104711.248	2803.354	2628902.965	1104711.488	2803.1741	0.3428119162275218	0.0489731308896459
543	2628885.478	1104707.59	2801.26	2628885.4189	1104707.603	2801.2219	0.0715081814695031	0.0102154544956433
544	2628867.4659	1104704.983	2799.1101	2628868.281	1104706.765	2798.8081	1.9827042162763755	0.2832434594680536
554	2628558.392	1104551.723	2746.53	2628559.052	1104552.607	2746.199	1.151788609222671	0.164541229888953
560	2628449.926	1104622.86	2669.9399	2628450.246	1104623.759	2669.917	0.9545288941929266	0.1363612705989895
561	2628442.646	1104630.67	2666.2451	2628442.646	1104630.67	2666.2451	0.0	0.0
562	2628428.046	1104663.164	2643.2561	2628427.089	1104662.762	2642.6919	1.1814290668002765	0.168775580971468
563	2628419.439	1104670.181	2637.4299	2628419.439	1104670.181	2637.4299	0.0	0.0
564	2628419.439	1104670.181	2637.4299	2628419.439	1104670.181	2637.4299	0.0	0.0
565	2628397.569	1104723.089	2596.342	2628397.569	1104723.089	2596.342	0.0	0.0
566	2628397.009	1104733.501	2587.8831	2628397.009	1104733.501	2587.8831	0.0	0.0
567	2628397.009	1104733.501	2587.8831	2628397.009	1104733.501	2587.8831	0.0	0.0
568	2628397.009	1104733.501	2587.8831	2628397.009	1104733.501	2587.8831	0.0	0.0
569	2628397.009	1104733.501	2587.8831	2628397.009	1104733.501	2587.8831	0.0	0.0
570	2628397.009	1104733.501	2587.8831	2628397.009	1104733.501	2587.8831	0.0	0.0
571	2628397.009	1104733.501	2587.8831	2628397.009	1104733.501	2587.8831	0.0	0.0
572	2628397.009	1104733.501	2587.8831	2628397.009	1104733.501	2587.8831	0.0	0.0
573	2628373.755	1104923.795	2462.929	2628373.755	1104923.795	2462.929	0.0	0.0
585	2628933.653	1104721.39	2801.0249	2628933.653	1104721.39	2801.0249	0.0	0.0
586	2628928.219	1104729.509	2797.603	2628928.226	1104729.596	2797.53	0.1137848846113604	0.0162549835159086
587	2628914.243	1104731.88	2795.386	2628914.228	1104732.288	2795.2639	0.426142476214271	0.0608774966020387
588	2628898.1331	1104731.086	2793.3511	2628898.3199	1104731.507	2793.0859	0.5314755685800862	0.0759250812257266
589	2628879.535	1104725.231	2790.3301	2628879.3149	1104725.411	2790.23	0.301436593790115	0.043062370541445
590	2628859.524	1104720.249	2787.353	2628859.299	1104720.213	2787.179	0.2867001919212275	0.040957170274461
600	2628546.208	1104570.773	2730.708	2628545.808	1104570.827	2730.4709	0.4681158082419674	0.0668736868917096
605	2628449.926	1104622.86	2669.9399	2628450.246	1104623.759	2669.917	0.9545288941929266	0.1363612705989895
606	2628442.646	1104630.67	2666.2451	2628442.646	1104630.67	2666.2451	0.0	0.0
607	2628427.089	1104662.762	2642.6919	2628427.089	1104662.762	2642.6919	0.0	0.0
608	2628419.439	1104670.181	2637.4299	2628419.439	1104670.181	2637.4299	0.0	0.0
609	2628419.439	1104670.181	2637.4299	2628419.439	1104670.181	2637.4299	0.0	0.0
610	2628397.569	1104723.089	2596.342	2628397.839	1104723.888	2595.6021	1.1219416251279084	0.1602773750182726
611	2628397.009	1104733.501	2587.8831	2628397.009	1104733.501	2587.8831	0.0	0.0
612	2628397.009	1104733.501	2587.8831	2628397.009	1104733.501	2587.8831	0.0	0.0
613	2628397.009	1104733.501	2587.8831	2628397.009	1104733.501	2587.8831	0.0	0.0
614	2628397.009	1104733.501	2587.8831	2628397.009	1104733.501	2587.8831	0.0	0.0
615	2628397.009	1104733.501	2587.8831	2628397.009	1104733.501	2587.8831	0.0	0.0
616	2628397.009	1104733.501	2587.8831	2628397.009	1104733.501	2587.8831	0.0	0.0
617	2628397.009	1104733.501	2587.8831	2628397.009	1104733.501	2587.8831	0.0	0.0
618	2628373.755	1104923.795	2462.929	2628373.755	1104923.795	2462.929	0.0	0.0
630	2628933.653	1104721.39	2801.0249	2628933.653	1104721.39	2801.0249	0.0	0.0
631	2628928.219	1104729.509	2797.603	2628928.219	1104729.509	2797.603	0.0	0.0
632	2628918.066	1104744.928	2788.897	2628918.066	1104744.928	2788.897	0.0	0.0
633	2628908.0081	1104748.248	2785.145	2628907.791	1104748.35	2785.032	0.2651516736553276	0.0378788105221896
634	2628888.666	1104741.793	2782.344	2628888.981	1104742.423	2781.9839	0.7910733277161416	0.1130104753880202
635	2628870.059	1104737.336	2778.5569	2628870.059	1104737.336	2778.5569	0.0	0.0
636	2628847.16	1104726.924	2774.196	2628846.55	1104726.16	2773.9409	1.010382111239851	0.144340301605693
637	2628818.964	1104708.967	2767.8879	2628818.964	1104708.967	2767.8879	0.0	0.0
646	2628532.876	1104586.559	2714.605	2628533.3311	1104587.153	2714.54	0.7511171745885497	0.1073024535126499
650	2628451.4919	1104622.211	2670.699	2628451.4919	1104622.211	2670.699	0.0	0.0
651	2628442.646	1104630.67	2666.2451	2628442.646	1104630.67	2666.2451	0.0	0.0
652	2628427.089	1104662.762	2642.6919	2628427.089	1104662.762	2642.6919	0.0	0.0
653	2628419.439	1104670.181	2637.4299	2628419.439	1104670.181	2637.4299	0.0	0.0
654	2628419.439	1104670.181	2637.4299	2628419.439	1104670.181	2637.4299	0.0	0.0
655	2628397.839	1104723.888	2595.6021	2628399.492	1104728.371	2591.7991	6.106759124105374	0.872394160586482
656	2628397.009	1104733.501	2587.8831	2628397.009	1104733.501	2587.8831	0.0	0.0
657	2628397.009	1104733.501	2587.8831	2628397.009	1104733.501	2587.8831	0.0	0.0
658	2628397.009	1104733.501	2587.8831	2628397.009	1104733.501	2587.8831	0.0	0.0
659	2628397.009	1104733.501	2587.8831	2628397.009	1104733.501	2587.8831	0.0	0.0
660	2628397.009	1104733.501	2587.8831	2628397.009	1104733.501	2587.8831	0.0	0.0
661	2628397.009	1104733.501	2587.8831	2628397.009	1104733.501	2587.8831	0.0	0.0
662	2628397.009	1104733.501	2587.8831	2628397.009	1104733.501	2587.8831	0.0	0.0
663	2628373.755	1104923.795	2462.929	2628373.755	1104923.795	2462.929	0.0	0.0
675	2628933.653	1104721.39	2801.0249	2628933.653	1104721.39	2801.0249	0.0	0.0
676	2628919.934	1104742.132	2790.7839	2628919.934	1104742.132	2790.7839	0.0	0.0
677	2628919.36	1104742.907	2790.314	2628919.36	1104742.907	2790.314	0.0	0.0
678	2628911.276	1104754.943	2781.6379	2628911.276	1104754.943	2781.6379	0.0	0.0
679	2628899.548	1104761.686	2773.939	2628899.28	1104761.531	2773.7759	0.3499294358759294	0.049989919410847
680	2628878.641	1104750.908	2769.5779	2628878.564	1104751.131	2769.3579	0.3225802225908143	0.0460828889415449
681	2628857.9449	1104745.092	2765.698	2628857.9449	1104745.092	2765.698	0.0	0.0
682	2628832.766	1104729.805	2760.708	2628831.451	1104727.79	2760.3921	2.426776217421009	0.3466823167744298
683	2628810.517	1104723.023	2755.4609	2628810.344	1104723.26	2755.386	0.3028333039255743	0.0432619005607963
692	2628521.6331	1104605.641	2699.0891	2628522.392	1104605.98	2699.051	0.8320467652815585	0.1188638236116512
694	2628461.759	1104604.189	2677.7629	2628461.759	1104604.189	2677.7629	0.0	0.0
695	2628450.246	1104623.759	2669.917	2628450.246	1104623.759	2669.917	0.0	0.0
696	2628442.646	1104630.67	2666.2451	2628442.646	1104630.67	2666.2451	0.0	0.0
697	2628427.089	1104662.762	2642.6919	2628427.089	1104662.762	2642.6919	0.0	0.0
698	2628419.439	1104670.181	2637.4299	2628419.439	1104670.181	2637.4299	0.0	0.0
699	2628419.439	1104670.181	2637.4299	2628419.439	1104670.181	2637.4299	0.0	0.0
700	2628399.492	1104728.371	2591.7991	2628399.423	1104728.827	2591.457	0.5742206980106247	0.0820315282872321
701	2628397.009	1104733.501	2587.8831	2628397.009	1104733.501	2587.8831	0.0	0.0
702	2628397.009	1104733.501	2587.8831	2628397.009	1104733.501	2587.8831	0.0	0.0
703	2628397.009	1104733.501	2587.8831	2628397.009	1104733.501	2587.8831	0.0	0.0
704	2628397.009	1104733.501	2587.8831	2628397.009	1104733.501	2587.8831	0.0	0.0
705	2628397.009	1104733.501	2587.8831	2628397.009	1104733.501	2587.8831	0.0	0.0
706	2628397.009	1104733.501	2587.8831	2628397.009	1104733.501	2587.8831	0.0	0.0
707	2628397.009	1104733.501	2587.8831	2628397.009	1104733.501	2587.8831	0.0	0.0
708	2628373.755	1104923.795	2462.929	2628373.755	1104923.795	2462.929	0.0	0.0
720	2628933.653	1104721.39	2801.0249	2628933.653	1104721.39	2801.0249	0.0	0.0
721	2628919.934	1104742.132	2790.7839	2628919.934	1104742.132	2790.7839	0.0	0.0
722	2628918.066	1104744.928	2788.897	2628918.066	1104744.928	2788.897	0.0	0.0
723	2628911.027	1104755.516	2781.062	2628911.027	1104755.516	2781.062	0.0	0.0
724	2628903.082	1104767.526	2772.217	2628903.082	1104767.526	2772.217	0.0	0.0
725	2628889.353	1104768.816	2762.7781	2628889.476	1104768.955	2762.6331	0.2355313140752816	0.033647330582183
726	2628866.811	1104758.282	2756.9299	2628866.98	1104758.574	2756.7749	0.3712815643103078	0.0530402234729011
727	2628844.816	1104749.664	2752.1221	2628844.516	1104749.778	2752.448	0.4573913096332558	0.0653416156618937
729	2628798.228	1104731.942	2742.7019	2628798.249	1104732.461	2742.386	0.6079430975324394	0.0868490139332056
730	2628776.998	1104729.052	2738.896	2628777.39	1104729.148	2738.5471	0.5334896531522926	0.0762128075931846
738	2628514.838	1104630.949	2682.854	2628515.213	1104631.357	2682.7371	0.5663520195462135	0.0809074313637447
739	2628486.087	1104630.025	2678.51	2628485.722	1104630.176	2678.4141	0.4064760876664946	0.0580680125237849
740	2628450.577	1104622.966	2670.1699	2628449.926	1104622.86	2669.9399	0.6985248743413546	0.0997892677630506
741	2628442.646	1104630.67	2666.2451	2628430.493	1104634.48	2657.207	15.617258422018834	2.231036917431262
742	2628428.046	1104663.164	2643.2561	2628427.089	1104662.762	2642.6919	1.1814290668002765	0.168775580971468
743	2628419.439	1104670.181	2637.4299	2628419.439	1104670.181	2637.4299	0.0	0.0
744	2628419.439	1104670.181	2637.4299	2628419.439	1104670.181	2637.4299	0.0	0.0
745	2628399.423	1104728.827	2591.457	2628399.423	1104728.827	2591.457	0.0	0.0
746	2628397.009	1104733.501	2587.8831	2628397.009	1104733.501	2587.8831	0.0	0.0
747	2628397.009	1104733.501	2587.8831	2628397.009	1104733.501	2587.8831	0.0	0.0
748	2628397.009	1104733.501	2587.8831	2628397.009	1104733.501	2587.8831	0.0	0.0
749	2628397.009	1104733.501	2587.8831	2628397.009	1104733.501	2587.8831	0.0	0.0
750	2628397.009	1104733.501	2587.8831	2628397.009	1104733.501	2587.8831	0.0	0.0
751	2628397.009	1104733.501	2587.8831	2628397.009	1104733.501	2587.8831	0.0	0.0
752	2628397.009	1104733.501	2587.8831	2628397.009	1104733.501	2587.8831	0.0	0.0
753	2628373.755	1104923.795	2462.929	2628373.755	1104923.795	2462.929	0.0	0.0
765	2628919.934	1104742.132	2790.7839	2628919.934	1104742.132	2790.7839	0.0	0.0
766	2628919.934	1104742.132	2790.7839	2628919.934	1104742.132	2790.7839	0.0	0.0
767	2628919.36	1104742.907	2790.314	2628919.36	1104742.907	2790.314	0.0	0.0
768	2628911.027	1104755.516	2781.062	2628911.027	1104755.516	2781.062	0.0	0.0
769	2628903.179	1104767.432	2772.3159	2628903.179	1104767.432	2772.3159	0.0	0.0
770	2628892.024	1104784.272	2755.291	2628892.024	1104784.272	2755.291	0.0	0.0
771	2628879.6899	1104778.388	2751.0691	2628879.4189	1104777.99	2751.26	0.5179650665194918	0.0739950095027845
772	2628856.151	1104767.801	2744.45	2628855.788	1104767.549	2744.4451	0.441924212795364	0.0631320303993377
773	2628834.63	1104760.51	2739.8721	2628834.63	1104760.51	2739.8721	0.0	0.0
775	2628788.589	1104745.488	2730.1851	2628788.177	1104745.065	2730.3979	0.6276598122933696	0.0896656874704813
776	2628764.877	1104738.748	2725.8359	2628764.7371	1104738.949	2725.615	0.3298026985957009	0.0471146712279572
784	2628504.15	1104650.011	2668.572	2628504.0	1104650.261	2668.2029	0.4703560459609068	0.0671937208515581
785	2628477.225	1104653.137	2663.9121	2628477.225	1104653.137	2663.9121	0.0	0.0
786	2628439.688	1104644.371	2657.0879	2628439.104	1104644.333	2656.822	0.6428085331609059	0.091829790451558
787	2628428.046	1104663.164	2643.2561	2628427.089	1104662.762	2642.6919	1.1814290668002765	0.168775580971468
788	2628419.439	1104670.181	2637.4299	2628419.439	1104670.181	2637.4299	0.0	0.0
789	2628419.439	1104670.181	2637.4299	2628419.439	1104670.181	2637.4299	0.0	0.0
790	2628399.423	1104728.827	2591.457	2628399.423	1104728.827	2591.457	0.0	0.0
791	2628397.009	1104733.501	2587.8831	2628397.009	1104733.501	2587.8831	0.0	0.0
792	2628397.009	1104733.501	2587.8831	2628397.009	1104733.501	2587.8831	0.0	0.0
793	2628397.009	1104733.501	2587.8831	2628397.009	1104733.501	2587.8831	0.0	0.0
794	2628397.009	1104733.501	2587.8831	2628397.009	1104733.501	2587.8831	0.0	0.0
795	2628397.009	1104733.501	2587.8831	2628397.009	1104733.501	2587.8831	0.0	0.0
796	2628397.009	1104733.501	2587.8831	2628397.009	1104733.501	2587.8831	0.0	0.0
797	2628397.009	1104733.501	2587.8831	2628397.009	1104733.501	2587.8831	0.0	0.0
798	2628373.755	1104923.795	2462.929	2628373.755	1104923.795	2462.929	0.0	0.0
810	2628919.934	1104742.132	2790.7839	2628919.934	1104742.132	2790.7839	0.0	0.0
811	2628919.934	1104742.132	2790.7839	2628919.934	1104742.132	2790.7839	0.0	0.0
812	2628919.36	1104742.907	2790.314	2628919.36	1104742.907	2790.314	0.0	0.0
813	2628911.276	1104754.943	2781.6379	2628911.276	1104754.943	2781.6379	0.0	0.0
814	2628903.212	1104767.3	2772.3889	2628903.179	1104767.432	2772.3159	0.1544085489335127	0.0220583641333589
815	2628895.259	1104779.34	2760.2939	2628895.141	1104779.591	2760.0359	0.3787994192504056	0.0541142027500579
816	2628886.556	1104792.567	2749.3889	2628886.556	1104792.567	2749.3889	0.0	0.0
817	2628872.124	1104794.148	2739.563	2628871.468	1104793.248	2739.4419	1.1202683652579706	0.1600383378939958
822	2628751.2939	1104748.943	2711.8411	2628751.345	1104749.097	2711.3899	0.4794879039743877	0.0684982719963411
830	2628499.613	1104673.985	2654.1599	2628499.613	1104673.985	2654.1599	0.0	0.0
831	2628472.744	1104679.443	2651.2759	2628472.137	1104679.272	2651.4861	0.6647360677449345	0.0949622953921335
832	2628406.49	1104641.239	2633.241	2628437.483	1104673.494	2643.9209	45.98925241824876	6.569893202606965
833	2628416.589	1104684.857	2630.603	2628416.554	1104685.395	2630.3459	0.5973017746068031	0.085328824943829
834	2628405.465	1104704.869	2616.741	2628404.913	1104704.048	2617.0	1.0226563448373476	0.1460937635481925
835	2628399.423	1104728.827	2591.457	2628396.884	1104728.202	2590.4819	2.7906927472145964	0.398670392459228
836	2628397.009	1104733.501	2587.8831	2628397.009	1104733.501	2587.8831	0.0	0.0
837	2628397.009	1104733.501	2587.8831	2628397.009	1104733.501	2587.8831	0.0	0.0
838	2628397.009	1104733.501	2587.8831	2628397.009	1104733.501	2587.8831	0.0	0.0
839	2628397.009	1104733.501	2587.8831	2628397.009	1104733.501	2587.8831	0.0	0.0
840	2628397.009	1104733.501	2587.8831	2628397.009	1104733.501	2587.8831	0.0	0.0
841	2628397.009	1104733.501	2587.8831	2628397.009	1104733.501	2587.8831	0.0	0.0
842	2628397.009	1104733.501	2587.8831	2628397.009	1104733.501	2587.8831	0.0	0.0
843	2628373.755	1104923.795	2462.929	2628367.735	1104925.797	2458.054	8.000876764493041	1.1429823949275772
855	2628919.934	1104742.132	2790.7839	2628919.934	1104742.132	2790.7839	0.0	0.0
856	2628919.934	1104742.132	2790.7839	2628919.934	1104742.132	2790.7839	0.0	0.0
857	2628919.36	1104742.907	2790.314	2628919.36	1104742.907	2790.314	0.0	0.0
858	2628911.276	1104754.943	2781.6379	2628911.276	1104754.943	2781.6379	0.0	0.0
859	2628903.179	1104767.432	2772.3159	2628903.082	1104767.526	2772.217	0.1674103044041921	0.0239157577720274
860	2628894.8781	1104779.99	2759.6431	2628894.4	1104779.781	2759.3789	0.5848608808636372	0.083551554409091
861	2628886.556	1104792.567	2749.3889	2628886.556	1104792.567	2749.3889	0.0	0.0
862	2628875.307	1104809.465	2737.2881	2628875.307	1104809.465	2737.2881	0.0	0.0
863	2628867.281	1104814.348	2730.9641	2628867.421	1104814.616	2730.906	0.3078954530284541	0.0439850647183506
868	2628745.153	1104768.31	2698.9829	2628745.153	1104768.31	2698.9829	0.0	0.0
876	2628490.429	1104697.899	2640.217	2628491.533	1104698.487	2640.0769	1.2586453072982204	0.1798064724711743
877	2628462.259	1104700.067	2635.9451	2628461.533	1104699.881	2636.0359	0.7549282352438336	0.107846890749119
878	2628427.78	1104694.703	2627.2209	2628427.78	1104694.703	2627.2209	0.0	0.0
879	2628404.913	1104704.048	2617.0	2628404.913	1104704.048	2617.0	0.0	0.0
880	2628411.096	1104693.8	2623.249	2628410.815	1104693.393	2623.4761	0.544228270192819	0.0777468957418312
881	2628397.009	1104733.501	2587.8831	2628397.009	1104733.501	2587.8831	0.0	0.0
882	2628397.009	1104733.501	2587.8831	2628397.009	1104733.501	2587.8831	0.0	0.0
883	2628397.009	1104733.501	2587.8831	2628397.009	1104733.501	2587.8831	0.0	0.0
884	2628397.009	1104733.501	2587.8831	2628397.009	1104733.501	2587.8831	0.0	0.0
885	2628397.009	1104733.501	2587.8831	2628397.009	1104733.501	2587.8831	0.0	0.0
886	2628397.009	1104733.501	2587.8831	2628397.009	1104733.501	2587.8831	0.0	0.0
887	2628397.009	1104733.501	2587.8831	2628397.009	1104733.501	2587.8831	0.0	0.0
888	2628373.755	1104923.795	2462.929	2628373.755	1104923.795	2462.929	0.0	0.0
900	2628919.934	1104742.132	2790.7839	2628919.934	1104742.132	2790.7839	0.0	0.0
901	2628919.934	1104742.132	2790.7839	2628919.934	1104742.132	2790.7839	0.0	0.0
902	2628919.36	1104742.907	2790.314	2628919.36	1104742.907	2790.314	0.0	0.0
903	2628911.276	1104754.943	2781.6379	2628911.276	1104754.943	2781.6379	0.0	0.0
904	2628903.212	1104767.3	2772.3889	2628903.212	1104767.3	2772.3889	0.0	0.0
905	2628894.8781	1104779.99	2759.6431	2628894.8781	1104779.99	2759.6431	0.0	0.0
906	2628886.035	1104792.109	2749.1851	2628886.2111	1104793.076	2749.2271	0.9838008994851668	0.1405429856407381
907	2628875.307	1104809.465	2737.2881	2628875.307	1104809.465	2737.2881	0.0	0.0
908	2628863.7581	1104826.993	2721.531	2628863.7581	1104826.993	2721.531	0.0	0.0
909	2628858.656	1104825.557	2719.053	2628858.656	1104825.557	2719.053	0.0	0.0
914	2628736.786	1104784.883	2687.9209	2628735.951	1104784.1	2687.5049	1.2179367798280436	0.1739909685468633
922	2628485.092	1104720.828	2625.4729	2628485.092	1104720.828	2625.4729	0.0	0.0
923	2628451.95	1104718.709	2619.572	2628451.95	1104718.709	2619.572	0.0	0.0
924	2628412.853	1104712.08	2610.5029	2628412.853	1104712.08	2610.5029	0.0	0.0
925	2628397.593	1104713.24	2607.606	2628398.098	1104713.197	2607.845	0.5603525679094246	0.0800503668442035
926	2628397.009	1104733.501	2587.8831	2628397.009	1104733.501	2587.8831	0.0	0.0
927	2628397.009	1104733.501	2587.8831	2628397.009	1104733.501	2587.8831	0.0	0.0
928	2628397.617	1104771.839	2564.644	2628397.617	1104771.839	2564.644	0.0	0.0
929	2628397.009	1104733.501	2587.8831	2628397.009	1104733.501	2587.8831	0.0	0.0
930	2628397.009	1104733.501	2587.8831	2628397.009	1104733.501	2587.8831	0.0	0.0
931	2628397.009	1104733.501	2587.8831	2628397.009	1104733.501	2587.8831	0.0	0.0
932	2628397.009	1104733.501	2587.8831	2628397.009	1104733.501	2587.8831	0.0	0.0
933	2628373.755	1104923.795	2462.929	2628373.755	1104923.795	2462.929	0.0	0.0
945	2628919.934	1104742.132	2790.7839	2628919.934	1104742.132	2790.7839	0.0	0.0
946	2628919.934	1104742.132	2790.7839	2628919.934	1104742.132	2790.7839	0.0	0.0
947	2628919.105	1104743.349	2790.177	2628919.105	1104743.349	2790.177	0.0	0.0
948	2628911.027	1104755.516	2781.062	2628911.027	1104755.516	2781.062	0.0	0.0
949	2628903.179	1104767.432	2772.3159	2628903.082	1104767.526	2772.217	0.1674103044041921	0.0239157577720274
950	2628895.014	1104779.738	2759.8879	2628894.756	1104779.609	2759.7261	0.3307328830715753	0.0472475547245107
951	2628886.556	1104792.567	2749.3889	2628886.911	1104791.989	2749.7461	0.7666164881888683	0.1095166411698383
952	2628875.307	1104809.465	2737.2881	2628875.307	1104809.465	2737.2881	0.0	0.0
953	2628870.094	1104817.28	2732.6709	2628870.094	1104817.28	2732.6709	0.0	0.0
954	2628854.4	1104837.763	2710.4399	2628854.4	1104837.763	2710.4399	0.0	0.0
955	2628849.9771	1104835.607	2708.0549	2628850.406	1104836.34	2708.124	0.8520674974201251	0.121723928202875
960	2628730.424	1104801.889	2675.9819	2628730.212	1104801.608	2676.2109	0.4199357094843067	0.0599908156406152
968	2628468.079	1104735.077	2609.0129	2628468.386	1104735.248	2608.8459	0.3890745429469417	0.0555820775638488
969	2628444.75	1104741.096	2604.925	2628444.75	1104741.096	2604.925	0.0	0.0
970	2628397.745	1104725.296	2593.3201	2628397.745	1104725.296	2593.3201	0.0	0.0
971	2628397.009	1104733.501	2587.8831	2628397.009	1104733.501	2587.8831	0.0	0.0
972	2628397.617	1104771.839	2564.644	2628397.617	1104771.839	2564.644	0.0	0.0
973	2628397.617	1104771.839	2564.644	2628397.617	1104771.839	2564.644	0.0	0.0
975	2628397.009	1104733.501	2587.8831	2628397.009	1104733.501	2587.8831	0.0	0.0
976	2628397.009	1104733.501	2587.8831	2628397.009	1104733.501	2587.8831	0.0	0.0
978	2628373.755	1104923.795	2462.929	2628373.755	1104923.795	2462.929	0.0	0.0
990	2628933.653	1104721.39	2801.0249	2628933.653	1104721.39	2801.0249	0.0	0.0
991	2628928.442	1104729.155	2797.9961	2628928.3101	1104729.347	2797.7871	0.3129578406014458	0.0447082629430636
992	2628919.36	1104742.907	2790.314	2628919.36	1104742.907	2790.314	0.0	0.0
993	2628911.276	1104754.943	2781.6379	2628911.333	1104755.088	2781.334	0.3415101901978997	0.0487871700282713
994	2628902.958	1104767.725	2772.1179	2628902.958	1104767.725	2772.1179	0.0	0.0
995	2628895.141	1104779.591	2760.0359	2628895.141	1104779.591	2760.0359	0.0	0.0
996	2628886.556	1104792.567	2749.3889	2628886.556	1104792.567	2749.3889	0.0	0.0
997	2628875.307	1104809.465	2737.2881	2628875.307	1104809.465	2737.2881	0.0	0.0
998	2628854.4	1104837.763	2710.4399	2628854.4	1104837.763	2710.4399	0.0	0.0
999	2628854.4	1104837.763	2710.4399	2628854.4	1104837.763	2710.4399	0.0	0.0
1000	2628851.274	1104839.582	2707.79	2628851.4771	1104840.295	2707.843	0.7432547408608638	0.1061792486944091
1001	2628840.7159	1104847.65	2697.4331	2628840.7159	1104847.65	2697.4331	0.0	0.0
1006	2628722.069	1104817.494	2664.3311	2628721.896	1104817.376	2664.4141	0.2252598499227365	0.0321799785603909
1014	2628459.738	1104755.788	2594.957	2628459.9969	1104755.997	2594.7529	0.3903421834002495	0.0557631690571785
1015	2628429.287	1104756.97	2589.321	2628429.287	1104756.97	2589.321	0.0	0.0
1016	2628401.734	1104760.564	2576.7639	2628401.6	1104760.624	2576.738	0.1490865856731457	0.0212980836675922
1017	2628397.617	1104771.839	2564.644	2628397.617	1104771.839	2564.644	0.0	0.0
1018	2628397.617	1104771.839	2564.644	2628397.617	1104771.839	2564.644	0.0	0.0
1021	2628395.053	1104891.663	2492.647	2628395.053	1104891.663	2492.647	0.0	0.0
1022	2628390.671	1104891.002	2490.071	2628390.671	1104891.002	2490.071	0.0	0.0
1023	2628390.671	1104891.002	2490.071	2628390.671	1104891.002	2490.071	0.0	0.0
1024	2628390.671	1104891.002	2490.071	2628390.671	1104891.002	2490.071	0.0	0.0
1035	2628933.653	1104721.39	2801.0249	2628933.653	1104721.39	2801.0249	0.0	0.0
1036	2628928.629	1104728.996	2798.0959	2628928.442	1104729.155	2797.9961	0.2649717723433176	0.0378531103347596
1037	2628919.36	1104742.907	2790.314	2628919.36	1104742.907	2790.314	0.0	0.0
1038	2628911.276	1104754.943	2781.6379	2628911.276	1104754.943	2781.6379	0.0	0.0
1039	2628903.472	1104766.996	2772.844	2628903.53	1104766.87	2773.0149	0.2201063605421531	0.0314437657917361
1040	2628895.014	1104779.738	2759.8879	2628895.014	1104779.738	2759.8879	0.0	0.0
1041	2628854.4	1104837.763	2710.4399	2628854.4	1104837.763	2710.4399	0.0	0.0
1042	2628854.4	1104837.763	2710.4399	2628854.4	1104837.763	2710.4399	0.0	0.0
1043	2628854.4	1104837.763	2710.4399	2628854.4	1104837.763	2710.4399	0.0	0.0
1044	2628854.4	1104837.763	2710.4399	2628854.4	1104837.763	2710.4399	0.0	0.0
1045	2628851.551	1104840.004	2707.9409	2628852.176	1104841.122	2708.197	1.306191490570014	0.1865987843671448
1046	2628840.7159	1104847.65	2697.4331	2628840.7159	1104847.65	2697.4331	0.0	0.0
1047	2628834.3051	1104863.705	2691.0879	2628834.3051	1104863.705	2691.0879	0.0	0.0
1052	2628712.118	1104831.394	2650.9319	2628712.118	1104831.394	2650.9319	0.0	0.0
1053	2628690.829	1104831.368	2646.2671	2628690.312	1104831.125	2646.198	0.5754240262627776	0.0822034323232539
1060	2628443.45	1104770.56	2578.606	2628443.45	1104770.56	2578.606	0.0	0.0
1061	2628417.327	1104775.117	2570.2129	2628417.327	1104775.117	2570.2129	0.0	0.0
1062	2628397.617	1104771.839	2564.644	2628397.617	1104771.839	2564.644	0.0	0.0
1063	2628397.617	1104771.839	2564.644	2628397.617	1104771.839	2564.644	0.0	0.0
1066	2628396.664	1104770.557	2565.4341	2628395.053	1104891.663	2492.647	141.30541561946202	20.18648794563743
1067	2628390.671	1104891.002	2490.071	2628390.671	1104891.002	2490.071	0.0	0.0
1068	2628390.671	1104891.002	2490.071	2628390.671	1104891.002	2490.071	0.0	0.0
1069	2628390.671	1104891.002	2490.071	2628390.671	1104891.002	2490.071	0.0	0.0
1080	2628933.653	1104721.39	2801.0249	2628933.653	1104721.39	2801.0249	0.0	0.0
1081	2628928.219	1104729.509	2797.603	2628927.952	1104730.021	2797.491	0.5881980957674313	0.0840282993953473
1082	2628919.36	1104742.907	2790.314	2628919.36	1104742.907	2790.314	0.0	0.0
1083	2628911.276	1104754.943	2781.6379	2628911.333	1104755.088	2781.334	0.3415101901978997	0.0487871700282713
1084	2628854.4	1104837.763	2710.4399	2628854.4	1104837.763	2710.4399	0.0	0.0
1085	2628854.4	1104837.763	2710.4399	2628854.4	1104837.763	2710.4399	0.0	0.0
1086	2628854.4	1104837.763	2710.4399	2628854.4	1104837.763	2710.4399	0.0	0.0
1087	2628854.4	1104837.763	2710.4399	2628854.4	1104837.763	2710.4399	0.0	0.0
1088	2628854.4	1104837.763	2710.4399	2628854.4	1104837.763	2710.4399	0.0	0.0
1089	2628854.4	1104837.763	2710.4399	2628854.4	1104837.763	2710.4399	0.0	0.0
1090	2628852.176	1104841.122	2708.197	2628852.176	1104841.122	2708.197	0.0	0.0
1091	2628840.7159	1104847.65	2697.4331	2628840.7159	1104847.65	2697.4331	0.0	0.0
1094	2628817.1021	1104888.62	2675.0701	2628816.631	1104888.254	2674.8059	0.65245141570993	0.0932073451014185
1098	2628700.998	1104844.571	2638.53	2628700.9611	1104844.877	2638.2981	0.3857139096193988	0.0551019870884855
1099	2628680.254	1104845.212	2633.311	2628680.5179	1104845.523	2633.23	0.4158427705492768	0.0594061100784681
1100	2628648.681	1104836.968	2623.8701	2628648.413	1104836.7	2623.8779	0.3790894880079516	0.054155641143993
1106	2628440.119	1104793.839	2564.561	2628440.119	1104793.839	2564.561	0.0	0.0
1107	2628387.513	1104777.295	2547.7251	2628387.269	1104777.581	2547.344	0.5353215949505572	0.0764745135643653
1108	2628387.269	1104777.581	2547.344	2628387.269	1104777.581	2547.344	0.0	0.0
1111	2628395.053	1104891.663	2492.647	2628395.053	1104891.663	2492.647	0.0	0.0
1112	2628390.671	1104891.002	2490.071	2628390.671	1104891.002	2490.071	0.0	0.0
1113	2628390.671	1104891.002	2490.071	2628390.671	1104891.002	2490.071	0.0	0.0
1114	2628390.671	1104891.002	2490.071	2628390.671	1104891.002	2490.071	0.0	0.0
1125	2628933.653	1104721.39	2801.0249	2628933.653	1104721.39	2801.0249	0.0	0.0
1126	2628928.442	1104729.155	2797.9961	2628928.3101	1104729.347	2797.7871	0.3129578406014458	0.0447082629430636
1127	2628854.4	1104837.763	2710.4399	2628854.4	1104837.763	2710.4399	0.0	0.0
1128	2628854.4	1104837.763	2710.4399	2628854.4	1104837.763	2710.4399	0.0	0.0
1129	2628854.4	1104837.763	2710.4399	2628854.4	1104837.763	2710.4399	0.0	0.0
1130	2628854.4	1104837.763	2710.4399	2628854.4	1104837.763	2710.4399	0.0	0.0
1131	2628854.4	1104837.763	2710.4399	2628854.4	1104837.763	2710.4399	0.0	0.0
1132	2628854.4	1104837.763	2710.4399	2628854.4	1104837.763	2710.4399	0.0	0.0
1133	2628854.4	1104837.763	2710.4399	2628854.4	1104837.763	2710.4399	0.0	0.0
1134	2628854.4	1104837.763	2710.4399	2628854.4	1104837.763	2710.4399	0.0	0.0
1139	2628815.298	1104888.582	2673.176	2628815.298	1104888.582	2673.176	0.0	0.0
1140	2628799.856	1104890.507	2660.76	2628799.7889	1104890.755	2660.54	0.3382401661049331	0.0483200237292761
1144	2628691.62	1104858.221	2626.335	2628691.5439	1104858.009	2626.5039	0.2815358235700134	0.0402194033671447
1145	2628666.646	1104856.439	2619.124	2628666.135	1104856.3	2619.104	0.5299452805768426	0.0757064686538346
1146	2628640.972	1104854.549	2611.989	2628640.722	1104854.331	2612.083	0.3447607867027865	0.0492515409575409
1147	2628613.094	1104850.987	2604.5879	2628612.264	1104851.035	2604.0759	0.9763954117667728	0.1394850588238246
1151	2628460.97	1104812.798	2557.5901	2628460.717	1104813.093	2557.2581	0.5111340334066271	0.0730191476295181
1152	2628430.885	1104814.792	2550.519	2628430.934	1104815.222	2550.301	0.4845874535678978	0.0692267790811282
1156	2628395.053	1104891.663	2492.647	2628395.053	1104891.663	2492.647	0.0	0.0
1157	2628390.671	1104891.002	2490.071	2628390.671	1104891.002	2490.071	0.0	0.0
1158	2628390.671	1104891.002	2490.071	2628390.671	1104891.002	2490.071	0.0	0.0
1159	2628390.671	1104891.002	2490.071	2628390.671	1104891.002	2490.071	0.0	0.0
1170	2628932.5129	1104722.419	2800.6831	2628932.5129	1104722.419	2800.6831	0.0	0.0
1171	2628854.4	1104837.763	2710.4399	2628854.4	1104837.763	2710.4399	0.0	0.0
1172	2628854.4	1104837.763	2710.4399	2628854.4	1104837.763	2710.4399	0.0	0.0
1173	2628854.4	1104837.763	2710.4399	2628854.4	1104837.763	2710.4399	0.0	0.0
1174	2628854.4	1104837.763	2710.4399	2628854.4	1104837.763	2710.4399	0.0	0.0
1175	2628854.4	1104837.763	2710.4399	2628854.4	1104837.763	2710.4399	0.0	0.0
1176	2628854.4	1104837.763	2710.4399	2628854.4	1104837.763	2710.4399	0.0	0.0
1177	2628854.4	1104837.763	2710.4399	2628854.4	1104837.763	2710.4399	0.0	0.0
1178	2628854.4	1104837.763	2710.4399	2628854.4	1104837.763	2710.4399	0.0	0.0
1179	2628854.4	1104837.763	2710.4399	2628854.4	1104837.763	2710.4399	0.0	0.0
1184	2628809.6689	1104908.719	2658.116	2628809.6689	1104908.719	2658.116	0.0	0.0
1185	2628809.6689	1104908.719	2658.116	2628809.6689	1104908.719	2658.116	0.0	0.0
1186	2628789.701	1104899.572	2647.748	2628789.701	1104899.572	2647.748	0.0	0.0
1187	2628767.5291	1104896.479	2640.7529	2628767.67	1104896.634	2640.6211	0.2474854541347247	0.0353550648763892
1190	2628684.259	1104874.187	2614.051	2628684.259	1104874.187	2614.051	0.0	0.0
1191	2628657.224	1104870.703	2605.5371	2628657.224	1104870.703	2605.5371	0.0	0.0
1192	2628633.7271	1104870.653	2600.061	2628633.783	1104871.153	2599.635	0.6592426032986183	0.0941775147569454
1197	2628449.912	1104832.551	2542.5559	2628449.912	1104832.551	2542.5559	0.0	0.0
1198	2628407.231	1104823.368	2529.7539	2628407.76	1104823.783	2529.7739	0.6726559296109155	0.0960937042301307
1203	2628390.671	1104891.002	2490.071	2628390.671	1104891.002	2490.071	0.0	0.0
1204	2628390.671	1104891.002	2490.071	2628390.671	1104891.002	2490.071	0.0	0.0
1215	2628933.653	1104721.39	2801.0249	2628933.653	1104721.39	2801.0249	0.0	0.0
1216	2628854.4	1104837.763	2710.4399	2628854.4	1104837.763	2710.4399	0.0	0.0
1217	2628854.4	1104837.763	2710.4399	2628854.4	1104837.763	2710.4399	0.0	0.0
1218	2628854.4	1104837.763	2710.4399	2628854.4	1104837.763	2710.4399	0.0	0.0
1219	2628854.4	1104837.763	2710.4399	2628854.4	1104837.763	2710.4399	0.0	0.0
1220	2628854.4	1104837.763	2710.4399	2628854.4	1104837.763	2710.4399	0.0	0.0
1221	2628854.4	1104837.763	2710.4399	2628854.4	1104837.763	2710.4399	0.0	0.0
1222	2628854.4	1104837.763	2710.4399	2628854.4	1104837.763	2710.4399	0.0	0.0
1223	2628854.4	1104837.763	2710.4399	2628854.4	1104837.763	2710.4399	0.0	0.0
1229	2628815.298	1104888.582	2673.176	2628815.298	1104888.582	2673.176	0.0	0.0
1230	2628810.2419	1104907.786	2659.196	2628810.2419	1104907.786	2659.196	0.0	0.0
1231	2628802.103	1104920.144	2646.354	2628802.103	1104920.144	2646.354	0.0	0.0
1232	2628773.957	1104904.617	2632.55	2628774.5129	1104904.909	2632.5701	0.6282458276670126	0.0897494039524303
1237	2628647.1021	1104884.118	2592.7939	2628646.877	1104884.342	2592.5959	0.3742325612956044	0.0534617944708006
1238	2628622.104	1104885.454	2585.958	2628621.819	1104885.577	2585.8811	0.3197930734919392	0.0456847247845627
1243	2628443.359	1104853.562	2530.406	2628443.828	1104854.068	2530.1931	0.722027291791116	0.1031467559701594
1244	2628401.834	1104845.431	2516.5471	2628401.868	1104845.914	2516.4021	0.5054404020319099	0.0722057717188442
1247	2628390.671	1104891.002	2490.071	2628390.671	1104891.002	2490.071	0.0	0.0
1248	2628390.671	1104891.002	2490.071	2628390.671	1104891.002	2490.071	0.0	0.0
1249	2628390.671	1104891.002	2490.071	2628390.671	1104891.002	2490.071	0.0	0.0
1260	2628854.4	1104837.763	2710.4399	2628854.4	1104837.763	2710.4399	0.0	0.0
1261	2628854.4	1104837.763	2710.4399	2628854.4	1104837.763	2710.4399	0.0	0.0
1262	2628854.4	1104837.763	2710.4399	2628854.4	1104837.763	2710.4399	0.0	0.0
1263	2628854.4	1104837.763	2710.4399	2628854.4	1104837.763	2710.4399	0.0	0.0
1264	2628854.4	1104837.763	2710.4399	2628854.4	1104837.763	2710.4399	0.0	0.0
1265	2628854.4	1104837.763	2710.4399	2628854.4	1104837.763	2710.4399	0.0	0.0
1266	2628854.4	1104837.763	2710.4399	2628854.4	1104837.763	2710.4399	0.0	0.0
1267	2628854.4	1104837.763	2710.4399	2628854.4	1104837.763	2710.4399	0.0	0.0
1268	2628854.4	1104837.763	2710.4399	2628854.4	1104837.763	2710.4399	0.0	0.0
1274	2628815.298	1104888.582	2673.176	2628815.298	1104888.582	2673.176	0.0	0.0
1275	2628799.37	1104922.815	2642.4641	2628799.37	1104922.815	2642.4641	0.0	0.0
1276	2628799.37	1104922.815	2642.4641	2628799.37	1104922.815	2642.4641	0.0	0.0
1277	2628795.204	1104930.541	2636.0891	2628795.204	1104930.541	2636.0891	0.0	0.0
1278	2628767.665	1104919.859	2621.561	2628768.528	1104921.202	2621.9419	1.641189449793924	0.2344556356848462
1284	2628614.189	1104901.184	2572.395	2628614.189	1104901.184	2572.395	0.0	0.0
1291	2628395.053	1104891.663	2492.647	2628395.053	1104891.663	2492.647	0.0	0.0
1292	2628390.671	1104891.002	2490.071	2628390.671	1104891.002	2490.071	0.0	0.0
1293	2628390.671	1104891.002	2490.071	2628390.671	1104891.002	2490.071	0.0	0.0
1305	2628854.4	1104837.763	2710.4399	2628854.4	1104837.763	2710.4399	0.0	0.0
1306	2628854.4	1104837.763	2710.4399	2628854.4	1104837.763	2710.4399	0.0	0.0
1307	2628854.4	1104837.763	2710.4399	2628854.4	1104837.763	2710.4399	0.0	0.0
1308	2628854.4	1104837.763	2710.4399	2628854.4	1104837.763	2710.4399	0.0	0.0
1309	2628854.4	1104837.763	2710.4399	2628854.4	1104837.763	2710.4399	0.0	0.0
1310	2628854.4	1104837.763	2710.4399	2628854.4	1104837.763	2710.4399	0.0	0.0
1311	2628854.4	1104837.763	2710.4399	2628854.4	1104837.763	2710.4399	0.0	0.0
1312	2628854.4	1104837.763	2710.4399	2628854.4	1104837.763	2710.4399	0.0	0.0
1313	2628854.4	1104837.763	2710.4399	2628854.4	1104837.763	2710.4399	0.0	0.0
1319	2628815.298	1104888.582	2673.176	2628815.298	1104888.582	2673.176	0.0	0.0
1320	2628799.37	1104922.815	2642.4641	2628799.37	1104922.815	2642.4641	0.0	0.0
1321	2628799.37	1104922.815	2642.4641	2628799.37	1104922.815	2642.4641	0.0	0.0
1322	2628795.204	1104930.541	2636.0891	2628795.204	1104930.541	2636.0891	0.0	0.0
1323	2628785.127	1104944.916	2622.812	2628785.127	1104944.916	2622.812	0.0	0.0
1324	2628759.292	1104933.038	2610.9541	2628759.91	1104933.386	2611.147	0.7350091226013497	0.1050013032287642
1330	2628606.561	1104916.359	2561.291	2628606.551	1104916.029	2561.7051	0.5296025017881969	0.0756575002554567
1335	2628438.069	1104899.755	2508.884	2628438.095	1104900.214	2508.5549	0.565388194104458	0.0807697420149225
1336	2628395.053	1104891.663	2492.647	2628395.053	1104891.663	2492.647	0.0	0.0
1338	2628373.755	1104923.795	2462.929	2628373.755	1104923.795	2462.929	0.0	0.0
1350	2628854.4	1104837.763	2710.4399	2628854.4	1104837.763	2710.4399	0.0	0.0
1351	2628854.4	1104837.763	2710.4399	2628854.4	1104837.763	2710.4399	0.0	0.0
1352	2628854.4	1104837.763	2710.4399	2628854.4	1104837.763	2710.4399	0.0	0.0
1353	2628854.4	1104837.763	2710.4399	2628854.4	1104837.763	2710.4399	0.0	0.0
1354	2628854.4	1104837.763	2710.4399	2628854.4	1104837.763	2710.4399	0.0	0.0
1355	2628854.4	1104837.763	2710.4399	2628854.4	1104837.763	2710.4399	0.0	0.0
1356	2628854.4	1104837.763	2710.4399	2628854.4	1104837.763	2710.4399	0.0	0.0
1357	2628854.4	1104837.763	2710.4399	2628854.4	1104837.763	2710.4399	0.0	0.0
1364	2628815.298	1104888.582	2673.176	2628815.298	1104888.582	2673.176	0.0	0.0
1365	2628799.37	1104922.815	2642.4641	2628799.37	1104922.815	2642.4641	0.0	0.0
1366	2628799.37	1104922.815	2642.4641	2628799.37	1104922.815	2642.4641	0.0	0.0
1367	2628795.204	1104930.541	2636.0891	2628795.204	1104930.541	2636.0891	0.0	0.0
1368	2628785.127	1104944.916	2622.812	2628785.127	1104944.916	2622.812	0.0	0.0
1369	2628777.434	1104957.45	2613.1531	2628777.434	1104957.45	2613.1531	0.0	0.0
1370	2628754.848	1104949.977	2601.668	2628754.884	1104949.879	2601.717	0.1153299613657948	0.0164757087665421
1376	2628596.704	1104932.255	2549.45	2628596.861	1104932.392	2549.3669	0.2243292447879986	0.032047034969714
1381	2628428.351	1104917.713	2494.1311	2628428.812	1104918.02	2494.199	0.5580147042283744	0.0797163863183392
1383	2628373.755	1104923.795	2462.929	2628373.755	1104923.795	2462.929	0.0	0.0
1395	2628854.4	1104837.763	2710.4399	2628854.4	1104837.763	2710.4399	0.0	0.0
1396	2628854.4	1104837.763	2710.4399	2628854.4	1104837.763	2710.4399	0.0	0.0
1397	2628854.4	1104837.763	2710.4399	2628854.4	1104837.763	2710.4399	0.0	0.0
1398	2628854.4	1104837.763	2710.4399	2628854.4	1104837.763	2710.4399	0.0	0.0
1399	2628854.4	1104837.763	2710.4399	2628854.4	1104837.763	2710.4399	0.0	0.0
1400	2628854.4	1104837.763	2710.4399	2628854.4	1104837.763	2710.4399	0.0	0.0
1401	2628854.4	1104837.763	2710.4399	2628854.4	1104837.763	2710.4399	0.0	0.0
1402	2628854.4	1104837.763	2710.4399	2628854.4	1104837.763	2710.4399	0.0	0.0
1409	2628815.298	1104888.582	2673.176	2628815.298	1104888.582	2673.176	0.0	0.0
1410	2628799.37	1104922.815	2642.4641	2628799.37	1104922.815	2642.4641	0.0	0.0
1411	2628799.37	1104922.815	2642.4641	2628799.37	1104922.815	2642.4641	0.0	0.0
1412	2628795.204	1104930.541	2636.0891	2628795.204	1104930.541	2636.0891	0.0	0.0
1413	2628785.127	1104944.916	2622.812	2628785.127	1104944.916	2622.812	0.0	0.0
1414	2628779.0341	1104954.956	2615.22	2628778.855	1104955.219	2614.998	0.3879817134337535	0.0554259590619647
1415	2628770.7629	1104967.491	2606.1399	2628770.575	1104967.261	2606.125	0.2973691643581722	0.0424813091940246
1416	2628745.151	1104961.889	2589.855	2628744.933	1104961.731	2589.8401	0.2696479370651174	0.0385211338664453
1422	2628588.266	1104948.159	2535.7351	2628588.688	1104948.106	2535.6299	0.4381324459812298	0.0625903494258899
1427	2628414.785	1104932.943	2478.4529	2628415.662	1104933.855	2478.283	1.276612317729518	0.182373188247074
1428	2628367.959	1104924.676	2458.4131	2628367.439	1104925.241	2457.9221	0.9114307433681728	0.1302043919097389
1437	2628236.817	1105065.895	2338.406	2628236.817	1105065.895	2338.406	0.0	0.0
1438	2628232.674	1105083.348	2325.905	2628232.674	1105083.348	2325.905	0.0	0.0
1440	2628854.4	1104837.763	2710.4399	2628854.4	1104837.763	2710.4399	0.0	0.0
1441	2628854.4	1104837.763	2710.4399	2628854.4	1104837.763	2710.4399	0.0	0.0
1442	2628854.4	1104837.763	2710.4399	2628854.4	1104837.763	2710.4399	0.0	0.0
1443	2628854.4	1104837.763	2710.4399	2628854.4	1104837.763	2710.4399	0.0	0.0
1444	2628854.4	1104837.763	2710.4399	2628854.4	1104837.763	2710.4399	0.0	0.0
1445	2628854.4	1104837.763	2710.4399	2628854.4	1104837.763	2710.4399	0.0	0.0
1446	2628854.4	1104837.763	2710.4399	2628854.4	1104837.763	2710.4399	0.0	0.0
1454	2628815.298	1104888.582	2673.176	2628815.298	1104888.582	2673.176	0.0	0.0
1455	2628810.2419	1104907.786	2659.196	2628799.37	1104922.815	2642.4641	24.98050296148792	3.56864328021256
1456	2628799.37	1104922.815	2642.4641	2628799.37	1104922.815	2642.4641	0.0	0.0
1457	2628795.204	1104930.541	2636.0891	2628795.204	1104930.541	2636.0891	0.0	0.0
1458	2628780.269	1104951.186	2617.572	2628780.269	1104951.186	2617.572	0.0	0.0
1459	2628778.859	1104955.271	2614.9619	2628778.859	1104955.271	2614.9619	0.0	0.0
1460	2628763.744	1104977.947	2596.0569	2628763.744	1104977.947	2596.0569	0.0	0.0
1461	2628762.431	1104979.861	2593.5649	2628762.431	1104979.861	2593.5649	0.0	0.0
1462	2628738.542	1104975.92	2579.7141	2628738.3101	1104976.04	2579.5281	0.3205832341734321	0.0457976048819188
1468	2628583.568	1104967.031	2525.8279	2628583.568	1104967.031	2525.8279	0.0	0.0
1469	2628557.62	1104968.954	2519.8611	2628557.4449	1104969.269	2519.603	0.443283904681685	0.0633262720973835
1473	2628402.3	1104949.218	2462.9131	2628402.755	1104949.551	2462.9331	0.5641932292926977	0.0805990327560996
1481	2628241.918	1105048.145	2348.521	2628241.918	1105048.145	2348.521	0.0	0.0
1482	2628236.817	1105065.895	2338.406	2628236.817	1105065.895	2338.406	0.0	0.0
1483	2628232.674	1105083.348	2325.905	2628232.674	1105083.348	2325.905	0.0	0.0
1484	2628223.708	1105109.57	2304.2971	2628223.708	1105109.57	2304.2971	0.0	0.0
1485	2628854.4	1104837.763	2710.4399	2628854.4	1104837.763	2710.4399	0.0	0.0
1486	2628854.4	1104837.763	2710.4399	2628854.4	1104837.763	2710.4399	0.0	0.0
1487	2628854.4	1104837.763	2710.4399	2628854.4	1104837.763	2710.4399	0.0	0.0
1488	2628854.4	1104837.763	2710.4399	2628854.4	1104837.763	2710.4399	0.0	0.0
1489	2628854.4	1104837.763	2710.4399	2628854.4	1104837.763	2710.4399	0.0	0.0
1490	2628854.4	1104837.763	2710.4399	2628854.4	1104837.763	2710.4399	0.0	0.0
1491	2628854.4	1104837.763	2710.4399	2628854.4	1104837.763	2710.4399	0.0	0.0
1499	2628815.298	1104888.582	2673.176	2628815.298	1104888.582	2673.176	0.0	0.0
1500	2628799.37	1104922.815	2642.4641	2628799.37	1104922.815	2642.4641	0.0	0.0
1501	2628799.37	1104922.815	2642.4641	2628799.37	1104922.815	2642.4641	0.0	0.0
1502	2628795.204	1104930.541	2636.0891	2628795.204	1104930.541	2636.0891	0.0	0.0
1503	2628785.127	1104944.916	2622.812	2628785.127	1104944.916	2622.812	0.0	0.0
1504	2628778.855	1104955.219	2614.998	2628778.855	1104955.219	2614.998	0.0	0.0
1505	2628763.744	1104977.947	2596.0569	2628763.744	1104977.947	2596.0569	0.0	0.0
1506	2628757.032	1104988.28	2585.636	2628757.032	1104988.28	2585.636	0.0	0.0
1507	2628752.902	1104994.469	2579.9529	2628752.902	1104994.469	2579.9529	0.0	0.0
1514	2628578.261	1104986.088	2516.426	2628578.1379	1104986.417	2516.2539	0.3911687870129778	0.0558812552875682
1515	2628558.0179	1104992.957	2510.3521	2628558.2939	1104993.424	2510.1489	0.5792713010378231	0.0827530430054033
1519	2628388.422	1104965.665	2446.9741	2628389.324	1104966.158	2447.0161	1.02879395431734	0.1469705649024771
1520	2628351.245	1104965.769	2433.5371	2628351.951	1104966.554	2433.613	1.0584997919449537	0.1512142559921362
1525	2628250.073	1105028.778	2354.488	2628250.073	1105028.778	2354.488	0.0	0.0
1526	2628241.918	1105048.145	2348.521	2628241.97	1105047.709	2348.771	0.505272203869709	0.0721817434099584
1527	2628236.817	1105065.895	2338.406	2628236.817	1105065.895	2338.406	0.0	0.0
1528	2628232.674	1105083.348	2325.905	2628232.674	1105083.348	2325.905	0.0	0.0
1529	2628223.784	1105108.826	2304.8799	2628223.871	1105108.156	2305.249	0.7698725932708704	0.1099817990386957
1530	2628854.4	1104837.763	2710.4399	2628854.4	1104837.763	2710.4399	0.0	0.0
1531	2628854.4	1104837.763	2710.4399	2628854.4	1104837.763	2710.4399	0.0	0.0
1532	2628854.4	1104837.763	2710.4399	2628854.4	1104837.763	2710.4399	0.0	0.0
1533	2628854.4	1104837.763	2710.4399	2628854.4	1104837.763	2710.4399	0.0	0.0
1534	2628854.4	1104837.763	2710.4399	2628854.4	1104837.763	2710.4399	0.0	0.0
1535	2628854.4	1104837.763	2710.4399	2628854.4	1104837.763	2710.4399	0.0	0.0
1544	2628815.298	1104888.582	2673.176	2628815.298	1104888.582	2673.176	0.0	0.0
1545	2628799.37	1104922.815	2642.4641	2628799.37	1104922.815	2642.4641	0.0	0.0
1546	2628799.37	1104922.815	2642.4641	2628799.37	1104922.815	2642.4641	0.0	0.0
1547	2628795.204	1104930.541	2636.0891	2628795.204	1104930.541	2636.0891	0.0	0.0
1548	2628780.269	1104951.186	2617.572	2628780.269	1104951.186	2617.572	0.0	0.0
1549	2628778.855	1104955.219	2614.998	2628778.855	1104955.219	2614.998	0.0	0.0
1550	2628763.744	1104977.947	2596.0569	2628763.744	1104977.947	2596.0569	0.0	0.0
1551	2628761.991	1104980.412	2592.9619	2628761.991	1104980.412	2592.9619	0.0	0.0
1552	2628747.616	1105002.507	2572.6851	2628747.616	1105002.507	2572.6851	0.0	0.0
1553	2628745.775	1105005.287	2570.0171	2628744.744	1105006.841	2568.675	2.297631260652297	0.3282330372360425
1559	2628587.004	1104992.866	2507.0029	2628587.163	1104992.986	2506.749	0.3227169193304927	0.0461024170472132
1560	2628575.494	1105004.906	2507.595	2628575.691	1105004.833	2507.3291	0.338881705086567	0.0484116721552238
1561	2628554.1331	1105010.952	2500.6851	2628554.2271	1105011.032	2500.564	0.1729196631239475	0.0247028090177067
1565	2628374.942	1104981.054	2429.0549	2628374.157	1104981.064	2428.6931	0.8644213321657099	0.1234887617379585
1570	2628250.233	1105029.651	2354.7009	2628250.233	1105029.651	2354.7009	0.0	0.0
1571	2628241.614	1105048.745	2348.304	2628242.042	1105048.539	2348.438	0.4935341932077104	0.0705048847439586
1572	2628236.817	1105065.895	2338.406	2628236.817	1105065.895	2338.406	0.0	0.0
1573	2628234.41	1105085.582	2325.761	2628234.41	1105085.582	2325.761	0.0	0.0
1574	2628223.387	1105109.953	2304.2351	2628223.387	1105109.953	2304.2351	0.0	0.0
1575	2628854.4	1104837.763	2710.4399	2628854.4	1104837.763	2710.4399	0.0	0.0
1576	2628854.4	1104837.763	2710.4399	2628854.4	1104837.763	2710.4399	0.0	0.0
1577	2628854.4	1104837.763	2710.4399	2628854.4	1104837.763	2710.4399	0.0	0.0
1578	2628854.4	1104837.763	2710.4399	2628854.4	1104837.763	2710.4399	0.0	0.0
1579	2628854.4	1104837.763	2710.4399	2628854.4	1104837.763	2710.4399	0.0	0.0
1580	2628854.4	1104837.763	2710.4399	2628854.4	1104837.763	2710.4399	0.0	0.0
1589	2628815.298	1104888.582	2673.176	2628815.298	1104888.582	2673.176	0.0	0.0
1590	2628799.37	1104922.815	2642.4641	2628799.37	1104922.815	2642.4641	0.0	0.0
1591	2628799.37	1104922.815	2642.4641	2628799.37	1104922.815	2642.4641	0.0	0.0
1592	2628795.204	1104930.541	2636.0891	2628795.204	1104930.541	2636.0891	0.0	0.0
1593	2628785.127	1104944.916	2622.812	2628785.127	1104944.916	2622.812	0.0	0.0
1594	2628779.0341	1104954.956	2615.22	2628779.0341	1104954.956	2615.22	0.0	0.0
1595	2628763.744	1104977.947	2596.0569	2628763.744	1104977.947	2596.0569	0.0	0.0
1596	2628762.431	1104979.861	2593.5649	2628762.358	1104980.135	2593.3081	0.3825588058924884	0.0546512579846412
1597	2628747.616	1105002.507	2572.6851	2628747.616	1105002.507	2572.6851	0.0	0.0
1598	2628745.775	1105005.287	2570.0171	2628745.775	1105005.287	2570.0171	0.0	0.0
1599	2628735.358	1105015.115	2559.02	2628735.358	1105015.115	2559.02	0.0	0.0
1602	2628711.653	1105052.683	2557.7261	2628711.2111	1105052.342	2557.365	0.664793065539306	0.0949704379341865
1605	2628579.407	1105009.25	2495.3069	2628579.6591	1105009.252	2495.2141	0.2686452118412202	0.0383778874058886
1606	2628562.936	1105018.612	2493.981	2628562.936	1105018.612	2493.981	0.0	0.0
1607	2628545.765	1105026.003	2489.7129	2628546.058	1105026.164	2489.5969	0.3538728586129461	0.0505532655161351
1615	2628250.073	1105028.778	2354.488	2628250.073	1105028.778	2354.488	0.0	0.0
1616	2628249.355	1105033.625	2354.8679	2628249.355	1105033.625	2354.8679	0.0	0.0
1617	2628236.817	1105065.895	2338.406	2628235.64	1105069.017	2335.761	4.257726858204286	0.6082466940291837
1618	2628249.355	1105033.625	2354.8679	2628249.355	1105033.625	2354.8679	0.0	0.0
1619	2628223.387	1105109.953	2304.2351	2628223.387	1105109.953	2304.2351	0.0	0.0
1620	2628854.4	1104837.763	2710.4399	2628854.4	1104837.763	2710.4399	0.0	0.0
1621	2628854.4	1104837.763	2710.4399	2628854.4	1104837.763	2710.4399	0.0	0.0
1622	2628854.4	1104837.763	2710.4399	2628854.4	1104837.763	2710.4399	0.0	0.0
1623	2628854.4	1104837.763	2710.4399	2628854.4	1104837.763	2710.4399	0.0	0.0
1624	2628854.4	1104837.763	2710.4399	2628854.4	1104837.763	2710.4399	0.0	0.0
1625	2628854.4	1104837.763	2710.4399	2628854.4	1104837.763	2710.4399	0.0	0.0
1634	2628815.298	1104888.582	2673.176	2628815.298	1104888.582	2673.176	0.0	0.0
1635	2628799.37	1104922.815	2642.4641	2628799.37	1104922.815	2642.4641	0.0	0.0
1636	2628799.37	1104922.815	2642.4641	2628799.37	1104922.815	2642.4641	0.0	0.0
1637	2628795.204	1104930.541	2636.0891	2628795.204	1104930.541	2636.0891	0.0	0.0
1638	2628785.127	1104944.916	2622.812	2628785.127	1104944.916	2622.812	0.0	0.0
1639	2628763.744	1104977.947	2596.0569	2628763.744	1104977.947	2596.0569	0.0	0.0
1640	2628763.744	1104977.947	2596.0569	2628763.744	1104977.947	2596.0569	0.0	0.0
1641	2628761.991	1104980.412	2592.9619	2628761.991	1104980.412	2592.9619	0.0	0.0
1642	2628753.824	1104993.114	2581.3301	2628753.731	1104993.016	2581.3291	0.1351073646281708	0.0193010520897386
1643	2628745.743	1105005.324	2569.9919	2628745.743	1105005.324	2569.9919	0.0	0.0
1645	2628722.469	1105025.003	2548.0281	2628722.469	1105025.003	2548.0281	0.0	0.0
1651	2628572.573	1105024.606	2484.9561	2628573.611	1105024.996	2485.0081	1.1100666648743212	0.158580952124903
1652	2628554.004	1105034.016	2480.8521	2628554.004	1105034.016	2480.8521	0.0	0.0
1653	2628536.358	1105041.84	2476.947	2628537.025	1105042.146	2476.999	0.7356826760116848	0.1050975251445264
1660	2628250.332	1105028.453	2354.917	2628250.332	1105028.453	2354.917	0.0	0.0
1661	2628241.918	1105048.145	2348.521	2628241.918	1105048.145	2348.521	0.0	0.0
1662	2628236.817	1105065.895	2338.406	2628236.817	1105065.895	2338.406	0.0	0.0
1663	2628230.368	1105086.962	2321.436	2628230.368	1105086.962	2321.436	0.0	0.0
1664	2628224.613	1105106.068	2306.644	2628224.613	1105106.068	2306.644	0.0	0.0
1665	2628854.4	1104837.763	2710.4399	2628854.4	1104837.763	2710.4399	0.0	0.0
1666	2628854.4	1104837.763	2710.4399	2628854.4	1104837.763	2710.4399	0.0	0.0
1667	2628854.4	1104837.763	2710.4399	2628854.4	1104837.763	2710.4399	0.0	0.0
1668	2628854.4	1104837.763	2710.4399	2628854.4	1104837.763	2710.4399	0.0	0.0
1669	2628854.4	1104837.763	2710.4399	2628854.4	1104837.763	2710.4399	0.0	0.0
1679	2628815.298	1104888.582	2673.176	2628815.298	1104888.582	2673.176	0.0	0.0
1680	2628799.37	1104922.815	2642.4641	2628799.37	1104922.815	2642.4641	0.0	0.0
1681	2628799.37	1104922.815	2642.4641	2628799.37	1104922.815	2642.4641	0.0	0.0
1682	2628795.204	1104930.541	2636.0891	2628795.057	1104930.785	2635.99	0.3016053877827335	0.0430864839689619
1683	2628785.127	1104944.916	2622.812	2628785.127	1104944.916	2622.812	0.0	0.0
1684	2628763.744	1104977.947	2596.0569	2628763.744	1104977.947	2596.0569	0.0	0.0
1685	2628763.744	1104977.947	2596.0569	2628763.744	1104977.947	2596.0569	0.0	0.0
1686	2628762.238	1104980.386	2593.0991	2628762.238	1104980.386	2593.0991	0.0	0.0
1687	2628753.292	1104993.211	2580.7981	2628753.618	1104993.223	2581.1079	0.4498844739788262	0.0642692105684037
1688	2628745.8831	1105005.124	2570.2009	2628745.743	1105005.324	2569.9919	0.3214171901139037	0.0459167414448433
1697	2628565.3669	1105041.246	2472.75	2628565.8199	1105041.511	2472.573	0.5538618962684948	0.0791231280383564
1698	2628549.543	1105051.251	2470.8611	2628549.718	1105051.512	2470.637	0.3859621872997276	0.0551374553285325
1699	2628525.541	1105055.192	2463.3899	2628525.541	1105055.192	2463.3899	0.0	0.0
1705	2628260.971	1105034.677	2355.0271	2628261.68	1105034.993	2355.1509	0.7860428998746866	0.1122918428392409
1706	2628241.918	1105048.145	2348.521	2628241.918	1105048.145	2348.521	0.0	0.0
1707	2628235.667	1105069.478	2335.085	2628235.667	1105069.478	2335.085	0.0	0.0
1708	2628229.799	1105088.381	2319.936	2628229.799	1105088.381	2319.936	0.0	0.0
1709	2628224.613	1105106.068	2306.644	2628224.613	1105106.068	2306.644	0.0	0.0
1710	2628854.4	1104837.763	2710.4399	2628854.4	1104837.763	2710.4399	0.0	0.0
1711	2628854.4	1104837.763	2710.4399	2628854.4	1104837.763	2710.4399	0.0	0.0
1712	2628854.4	1104837.763	2710.4399	2628854.4	1104837.763	2710.4399	0.0	0.0
1713	2628854.4	1104837.763	2710.4399	2628854.4	1104837.763	2710.4399	0.0	0.0
1714	2628854.4	1104837.763	2710.4399	2628854.4	1104837.763	2710.4399	0.0	0.0
1724	2628815.298	1104888.582	2673.176	2628815.298	1104888.582	2673.176	0.0	0.0
1725	2628799.37	1104922.815	2642.4641	2628799.37	1104922.815	2642.4641	0.0	0.0
1726	2628799.37	1104922.815	2642.4641	2628799.37	1104922.815	2642.4641	0.0	0.0
1727	2628795.204	1104930.541	2636.0891	2628795.204	1104930.541	2636.0891	0.0	0.0
1728	2628785.127	1104944.916	2622.812	2628785.127	1104944.916	2622.812	0.0	0.0
1729	2628763.744	1104977.947	2596.0569	2628763.744	1104977.947	2596.0569	0.0	0.0
1730	2628763.744	1104977.947	2596.0569	2628763.744	1104977.947	2596.0569	0.0	0.0
1731	2628762.238	1104980.386	2593.0991	2628762.238	1104980.386	2593.0991	0.0	0.0
1743	2628558.4449	1105057.66	2462.3269	2628558.806	1105057.705	2462.176	0.3939403760923832	0.0562771965846261
1744	2628541.0551	1105065.99	2459.3359	2628541.339	1105066.16	2459.3259	0.331057714096297	0.0472939591566138
1745	2628515.681	1105069.55	2449.887	2628516.025	1105069.745	2449.688	0.4426759537784333	0.0632394219683476
1751	2628256.031	1105056.072	2343.1189	2628256.318	1105056.258	2342.6709	0.5636213267801743	0.0805173323971677
1752	2628236.817	1105065.895	2338.406	2628236.817	1105065.895	2338.406	0.0	0.0
1753	2628229.799	1105088.381	2319.936	2628229.799	1105088.381	2319.936	0.0	0.0
1754	2628224.613	1105106.068	2306.644	2628224.613	1105106.068	2306.644	0.0	0.0
1755	2628854.4	1104837.763	2710.4399	2628854.4	1104837.763	2710.4399	0.0	0.0
1756	2628854.4	1104837.763	2710.4399	2628854.4	1104837.763	2710.4399	0.0	0.0
1757	2628854.4	1104837.763	2710.4399	2628854.4	1104837.763	2710.4399	0.0	0.0
1758	2628854.4	1104837.763	2710.4399	2628854.4	1104837.763	2710.4399	0.0	0.0
1769	2628815.298	1104888.582	2673.176	2628815.298	1104888.582	2673.176	0.0	0.0
1770	2628799.37	1104922.815	2642.4641	2628799.37	1104922.815	2642.4641	0.0	0.0
1771	2628799.37	1104922.815	2642.4641	2628799.37	1104922.815	2642.4641	0.0	0.0
1772	2628795.057	1104930.785	2635.99	2628795.204	1104930.541	2636.0891	0.3016053877827335	0.0430864839689619
1773	2628785.127	1104944.916	2622.812	2628785.127	1104944.916	2622.812	0.0	0.0
1774	2628778.855	1104955.219	2614.998	2628778.855	1104955.219	2614.998	0.0	0.0
1775	2628763.744	1104977.947	2596.0569	2628763.744	1104977.947	2596.0569	0.0	0.0
1789	2628555.204	1105074.848	2453.8159	2628555.204	1105074.848	2453.8159	0.0	0.0
1790	2628534.11	1105081.621	2448.0601	2628533.516	1105081.675	2447.877	0.6239211569174072	0.0891315938453438
1791	2628507.095	1105084.455	2437.9939	2628507.095	1105084.455	2437.9939	0.0	0.0
1794	2628376.551	1105073.073	2381.426	2628376.551	1105073.073	2381.426	0.0	0.0
1797	2628247.712	1105074.851	2329.73	2628247.712	1105074.851	2329.73	0.0	0.0
1798	2628229.799	1105088.381	2319.936	2628229.799	1105088.381	2319.936	0.0	0.0
1799	2628224.613	1105106.068	2306.644	2628224.613	1105106.068	2306.644	0.0	0.0
1800	2628854.4	1104837.763	2710.4399	2628854.4	1104837.763	2710.4399	0.0	0.0
1801	2628854.4	1104837.763	2710.4399	2628854.4	1104837.763	2710.4399	0.0	0.0
1802	2628854.4	1104837.763	2710.4399	2628854.4	1104837.763	2710.4399	0.0	0.0
1803	2628854.4	1104837.763	2710.4399	2628854.4	1104837.763	2710.4399	0.0	0.0
1814	2628815.298	1104888.582	2673.176	2628815.298	1104888.582	2673.176	0.0	0.0
1815	2628799.37	1104922.815	2642.4641	2628799.37	1104922.815	2642.4641	0.0	0.0
1816	2628799.37	1104922.815	2642.4641	2628799.37	1104922.815	2642.4641	0.0	0.0
1817	2628795.204	1104930.541	2636.0891	2628795.204	1104930.541	2636.0891	0.0	0.0
1818	2628785.127	1104944.916	2622.812	2628785.127	1104944.916	2622.812	0.0	0.0
1819	2628763.744	1104977.947	2596.0569	2628763.744	1104977.947	2596.0569	0.0	0.0
1820	2628763.744	1104977.947	2596.0569	2628763.744	1104977.947	2596.0569	0.0	0.0
1835	2628547.868	1105091.676	2443.199	2628547.548	1105091.841	2443.137	0.3653340935431464	0.052190584791878
1836	2628530.752	1105099.327	2439.0491	2628530.094	1105099.012	2438.8899	0.7466817526426466	0.1066688218060923
1837	2628497.249	1105099.392	2425.2971	2628497.249	1105099.392	2425.2971	0.0	0.0
1838	2628466.886	1105102.442	2413.415	2628466.886	1105102.442	2413.415	0.0	0.0
1839	2628407.421	1105090.927	2384.489	2628407.829	1105091.106	2384.563	0.4516425576220997	0.0645203653745856
1840	2628360.305	1105087.075	2363.7361	2628360.305	1105087.075	2363.7361	0.0	0.0
1842	2628269.676	1105086.2	2325.5591	2628270.085	1105086.363	2325.6089	0.4430914577928693	0.0632987796846956
1843	2628237.686	1105093.79	2314.6321	2628237.838	1105093.858	2314.4199	0.269734758467845	0.0385335369239778
1844	2628224.613	1105106.068	2306.644	2628224.613	1105106.068	2306.644	0.0	0.0
1845	2628854.4	1104837.763	2710.4399	2628854.4	1104837.763	2710.4399	0.0	0.0
1846	2628854.4	1104837.763	2710.4399	2628854.4	1104837.763	2710.4399	0.0	0.0
1847	2628854.4	1104837.763	2710.4399	2628854.4	1104837.763	2710.4399	0.0	0.0
1860	2628799.37	1104922.815	2642.4641	2628799.37	1104922.815	2642.4641	0.0	0.0
1861	2628799.37	1104922.815	2642.4641	2628799.37	1104922.815	2642.4641	0.0	0.0
1864	2628763.744	1104977.947	2596.0569	2628763.744	1104977.947	2596.0569	0.0	0.0
1881	2628543.274	1105107.561	2433.1379	2628543.274	1105107.561	2433.1379	0.0	0.0
1882	2628524.511	1105115.703	2429.271	2628525.505	1105115.887	2429.5161	1.0401759514342108	0.1485965644906015
1883	2628494.8719	1105117.677	2416.8621	2628495.2469	1105117.805	2416.9131	0.3995122025754846	0.0570731717964978
1884	2628460.158	1105119.089	2402.293	2628460.158	1105119.089	2402.293	0.0	0.0
1885	2628391.097	1105103.89	2367.0371	2628391.824	1105104.189	2367.0779	0.7871433414595326	0.1124490487799332
1888	2628259.019	1105105.11	2310.918	2628259.929	1105105.427	2310.9839	0.9658839527336568	0.1379834218190938
1889	2628228.794	1105113.193	2302.0439	2628228.794	1105113.495	2301.771	0.4070361287225839	0.0581480183889405
1890	2628854.4	1104837.763	2710.4399	2628854.4	1104837.763	2710.4399	0.0	0.0
1891	2628854.4	1104837.763	2710.4399	2628854.4	1104837.763	2710.4399	0.0	0.0
1892	2628854.4	1104837.763	2710.4399	2628854.4	1104837.763	2710.4399	0.0	0.0
1905	2628799.37	1104922.815	2642.4641	2628799.37	1104922.815	2642.4641	0.0	0.0
1909	2628763.744	1104977.947	2596.0569	2628763.744	1104977.947	2596.0569	0.0	0.0
1927	2628534.359	1105122.078	2420.8279	2628534.359	1105122.078	2420.8279	0.0	0.0
1928	2628517.4399	1105131.945	2417.3049	2628517.4399	1105131.945	2417.3049	0.0	0.0
1929	2628489.175	1105134.55	2406.4709	2628489.175	1105134.55	2406.4709	0.0	0.0
1930	2628451.905	1105134.711	2390.9939	2628452.104	1105134.997	2390.9839	0.3485641978957461	0.049794885413678
1934	2628252.508	1105124.237	2297.4241	2628252.181	1105124.092	2297.5171	0.3695984307827154	0.0527997758261022
1935	2628854.4	1104837.763	2710.4399	2628854.4	1104837.763	2710.4399	0.0	0.0
1936	2628854.4	1104837.763	2710.4399	2628854.4	1104837.763	2710.4399	0.0	0.0
1973	2628520.9611	1105133.986	2406.6479	2628519.7581	1105134.646	2405.4519	1.820226634043042	0.2600323762918631
1974	2628510.691	1105146.43	2406.6841	2628510.057	1105146.458	2406.3589	0.7130883816949547	0.1018697688135649
1975	2628478.049	1105147.993	2392.7939	2628477.54	1105148.098	2392.4221	0.639015837108899	0.0912879767298427
1976	2628454.311	1105154.987	2385.2151	2628454.191	1105155.372	2385.2019	0.403483878282627	0.0576405540403752
1977	2628373.094	1105137.045	2341.0591	2628373.015	1105137.01	2340.5139	0.5520045651804258	0.0788577950257751
1980	2628854.4	1104837.763	2710.4399	2628854.4	1104837.763	2710.4399	0.0	0.0
1981	2628854.4	1104837.763	2710.4399	2628854.4	1104837.763	2710.4399	0.0	0.0
2019	2628517.095	1105150.276	2400.6709	2628517.095	1105150.276	2400.6709	0.0	0.0
2020	2628495.1071	1105157.406	2391.042	2628494.201	1105157.316	2391.165	0.9188287165924648	0.1312612452274949
2021	2628465.6949	1105161.435	2378.656	2628465.5861	1105161.275	2378.8101	0.2473545028044456	0.0353363575434922
2022	2628449.3149	1105172.152	2374.9829	2628449.188	1105172.343	2374.97	0.2296759021956903	0.0328108431708129
2023	2628380.052	1105160.436	2338.5959	2628380.052	1105160.436	2338.5959	0.0	0.0
