ID	X_x	Y_x	Z_x	X_y	Y_y	Z_y	Distances	Velocity
10	2628632.103	1104505.282	2802.4541	2628632.103	1104505.282	2802.4541	0.0	0.0
11	2628632.103	1104505.282	2802.4541	2628632.103	1104505.282	2802.4541	0.0	0.0
12	2628632.103	1104505.282	2802.4541	2628632.103	1104505.282	2802.4541	0.0	0.0
13	2628632.103	1104505.282	2802.4541	2628632.103	1104505.282	2802.4541	0.0	0.0
14	2628564.757	1104513.436	2769.6909	2628564.757	1104513.436	2769.6909	0.0	0.0
15	2628564.757	1104513.436	2769.6909	2628564.757	1104513.436	2769.6909	0.0	0.0
16	2628564.757	1104513.436	2769.6909	2628564.757	1104513.436	2769.6909	0.0	0.0
17	2628564.757	1104513.436	2769.6909	2628564.757	1104513.436	2769.6909	0.0	0.0
18	2628564.757	1104513.436	2769.6909	2628564.757	1104513.436	2769.6909	0.0	0.0
19	2628564.757	1104513.436	2769.6909	2628564.757	1104513.436	2769.6909	0.0	0.0
20	2628564.757	1104513.436	2769.6909	2628564.757	1104513.436	2769.6909	0.0	0.0
21	2628442.646	1104630.67	2666.2451	2628430.671	1104638.576	2655.021	18.2177353645172	2.6025336235024565
22	2628425.899	1104658.338	2643.72	2628426.071	1104659.034	2643.5779	0.7308846762120872	0.1044120966017267
23	2628419.439	1104670.181	2637.4299	2628419.439	1104670.181	2637.4299	0.0	0.0
24	2628419.439	1104670.181	2637.4299	2628419.439	1104670.181	2637.4299	0.0	0.0
25	2628396.415	1104727.809	2590.585	2628397.832	1104730.56	2588.79	3.577417364610545	0.5110596235157921
26	2628397.009	1104733.501	2587.8831	2628397.009	1104733.501	2587.8831	0.0	0.0
27	2628397.009	1104733.501	2587.8831	2628397.009	1104733.501	2587.8831	0.0	0.0
28	2628397.009	1104733.501	2587.8831	2628397.009	1104733.501	2587.8831	0.0	0.0
29	2628397.009	1104733.501	2587.8831	2628397.009	1104733.501	2587.8831	0.0	0.0
30	2628397.009	1104733.501	2587.8831	2628397.009	1104733.501	2587.8831	0.0	0.0
31	2628397.009	1104733.501	2587.8831	2628397.009	1104733.501	2587.8831	0.0	0.0
32	2628397.009	1104733.501	2587.8831	2628397.009	1104733.501	2587.8831	0.0	0.0
33	2628373.755	1104923.795	2462.929	2628373.755	1104923.795	2462.929	0.0	0.0
55	2628632.103	1104505.282	2802.4541	2628632.103	1104505.282	2802.4541	0.0	0.0
56	2628632.103	1104505.282	2802.4541	2628632.103	1104505.282	2802.4541	0.0	0.0
57	2628632.103	1104505.282	2802.4541	2628632.103	1104505.282	2802.4541	0.0	0.0
58	2628632.103	1104505.282	2802.4541	2628632.103	1104505.282	2802.4541	0.0	0.0
59	2628564.757	1104513.436	2769.6909	2628564.757	1104513.436	2769.6909	0.0	0.0
60	2628564.757	1104513.436	2769.6909	2628564.757	1104513.436	2769.6909	0.0	0.0
61	2628564.757	1104513.436	2769.6909	2628564.757	1104513.436	2769.6909	0.0	0.0
62	2628564.757	1104513.436	2769.6909	2628564.757	1104513.436	2769.6909	0.0	0.0
63	2628564.757	1104513.436	2769.6909	2628564.757	1104513.436	2769.6909	0.0	0.0
64	2628564.757	1104513.436	2769.6909	2628564.757	1104513.436	2769.6909	0.0	0.0
65	2628564.757	1104513.436	2769.6909	2628564.757	1104513.436	2769.6909	0.0	0.0
66	2628564.757	1104513.436	2769.6909	2628564.757	1104513.436	2769.6909	0.0	0.0
67	2628427.089	1104662.762	2642.6919	2628427.089	1104662.762	2642.6919	0.0	0.0
68	2628419.439	1104670.181	2637.4299	2628419.439	1104670.181	2637.4299	0.0	0.0
69	2628419.439	1104670.181	2637.4299	2628419.439	1104670.181	2637.4299	0.0	0.0
70	2628395.987	1104719.162	2600.8081	2628395.992	1104718.102	2601.6851	1.375773964035249	0.1965391377193213
71	2628397.009	1104733.501	2587.8831	2628397.009	1104733.501	2587.8831	0.0	0.0
72	2628397.009	1104733.501	2587.8831	2628397.009	1104733.501	2587.8831	0.0	0.0
73	2628397.009	1104733.501	2587.8831	2628397.009	1104733.501	2587.8831	0.0	0.0
74	2628397.009	1104733.501	2587.8831	2628397.009	1104733.501	2587.8831	0.0	0.0
75	2628397.009	1104733.501	2587.8831	2628397.009	1104733.501	2587.8831	0.0	0.0
76	2628397.009	1104733.501	2587.8831	2628397.009	1104733.501	2587.8831	0.0	0.0
77	2628397.009	1104733.501	2587.8831	2628397.009	1104733.501	2587.8831	0.0	0.0
78	2628362.306	1104925.207	2455.061	2628362.306	1104925.207	2455.061	0.0	0.0
100	2628632.103	1104505.282	2802.4541	2628632.103	1104505.282	2802.4541	0.0	0.0
101	2628632.103	1104505.282	2802.4541	2628632.103	1104505.282	2802.4541	0.0	0.0
102	2628632.103	1104505.282	2802.4541	2628632.103	1104505.282	2802.4541	0.0	0.0
103	2628632.103	1104505.282	2802.4541	2628632.103	1104505.282	2802.4541	0.0	0.0
104	2628564.757	1104513.436	2769.6909	2628564.757	1104513.436	2769.6909	0.0	0.0
105	2628564.757	1104513.436	2769.6909	2628564.757	1104513.436	2769.6909	0.0	0.0
106	2628564.757	1104513.436	2769.6909	2628564.757	1104513.436	2769.6909	0.0	0.0
107	2628564.757	1104513.436	2769.6909	2628564.757	1104513.436	2769.6909	0.0	0.0
108	2628564.757	1104513.436	2769.6909	2628564.757	1104513.436	2769.6909	0.0	0.0
109	2628564.757	1104513.436	2769.6909	2628564.757	1104513.436	2769.6909	0.0	0.0
110	2628564.757	1104513.436	2769.6909	2628564.757	1104513.436	2769.6909	0.0	0.0
111	2628564.757	1104513.436	2769.6909	2628564.757	1104513.436	2769.6909	0.0	0.0
112	2628425.335	1104659.413	2642.979	2628426.201	1104659.689	2643.46	1.028344786491276	0.1469063980701823
113	2628419.439	1104670.181	2637.4299	2628419.439	1104670.181	2637.4299	0.0	0.0
114	2628419.439	1104670.181	2637.4299	2628419.439	1104670.181	2637.4299	0.0	0.0
115	2628396.415	1104727.809	2590.585	2628399.423	1104728.827	2591.457	3.2931401427517204	0.4704485918216743
116	2628397.009	1104733.501	2587.8831	2628397.009	1104733.501	2587.8831	0.0	0.0
117	2628397.009	1104733.501	2587.8831	2628397.009	1104733.501	2587.8831	0.0	0.0
118	2628397.009	1104733.501	2587.8831	2628397.009	1104733.501	2587.8831	0.0	0.0
119	2628397.009	1104733.501	2587.8831	2628397.009	1104733.501	2587.8831	0.0	0.0
120	2628397.009	1104733.501	2587.8831	2628397.009	1104733.501	2587.8831	0.0	0.0
121	2628397.009	1104733.501	2587.8831	2628397.009	1104733.501	2587.8831	0.0	0.0
122	2628397.009	1104733.501	2587.8831	2628397.009	1104733.501	2587.8831	0.0	0.0
123	2628373.882	1104923.436	2463.2261	2628374.258	1104922.794	2464.001	1.0742485791305711	0.1534640827329387
144	2628633.343	1104504.229	2802.907	2628633.96	1104503.701	2803.342	0.9212480666360948	0.1316068666622992
145	2628632.103	1104505.282	2802.4541	2628632.103	1104505.282	2802.4541	0.0	0.0
146	2628632.103	1104505.282	2802.4541	2628632.103	1104505.282	2802.4541	0.0	0.0
147	2628632.103	1104505.282	2802.4541	2628632.103	1104505.282	2802.4541	0.0	0.0
148	2628632.103	1104505.282	2802.4541	2628632.103	1104505.282	2802.4541	0.0	0.0
149	2628564.757	1104513.436	2769.6909	2628564.757	1104513.436	2769.6909	0.0	0.0
150	2628564.757	1104513.436	2769.6909	2628564.757	1104513.436	2769.6909	0.0	0.0
151	2628564.757	1104513.436	2769.6909	2628564.757	1104513.436	2769.6909	0.0	0.0
152	2628564.757	1104513.436	2769.6909	2628564.757	1104513.436	2769.6909	0.0	0.0
153	2628564.757	1104513.436	2769.6909	2628564.757	1104513.436	2769.6909	0.0	0.0
155	2628564.757	1104513.436	2769.6909	2628564.757	1104513.436	2769.6909	0.0	0.0
156	2628442.646	1104630.67	2666.2451	2628442.646	1104630.67	2666.2451	0.0	0.0
157	2628427.089	1104662.762	2642.6919	2628427.089	1104662.762	2642.6919	0.0	0.0
158	2628419.439	1104670.181	2637.4299	2628419.439	1104670.181	2637.4299	0.0	0.0
159	2628419.439	1104670.181	2637.4299	2628419.439	1104670.181	2637.4299	0.0	0.0
160	2628419.439	1104670.181	2637.4299	2628419.439	1104670.181	2637.4299	0.0	0.0
161	2628397.009	1104733.501	2587.8831	2628397.009	1104733.501	2587.8831	0.0	0.0
162	2628397.009	1104733.501	2587.8831	2628397.009	1104733.501	2587.8831	0.0	0.0
163	2628397.009	1104733.501	2587.8831	2628397.009	1104733.501	2587.8831	0.0	0.0
164	2628397.009	1104733.501	2587.8831	2628397.009	1104733.501	2587.8831	0.0	0.0
165	2628397.009	1104733.501	2587.8831	2628397.009	1104733.501	2587.8831	0.0	0.0
166	2628397.009	1104733.501	2587.8831	2628397.009	1104733.501	2587.8831	0.0	0.0
167	2628397.009	1104733.501	2587.8831	2628397.009	1104733.501	2587.8831	0.0	0.0
168	2628373.755	1104923.795	2462.929	2628374.392	1104922.461	2464.2749	1.9991927896570747	0.2855989699510107
190	2628632.103	1104505.282	2802.4541	2628632.103	1104505.282	2802.4541	0.0	0.0
191	2628632.103	1104505.282	2802.4541	2628632.103	1104505.282	2802.4541	0.0	0.0
192	2628632.103	1104505.282	2802.4541	2628632.103	1104505.282	2802.4541	0.0	0.0
193	2628564.757	1104513.436	2769.6909	2628564.757	1104513.436	2769.6909	0.0	0.0
194	2628564.757	1104513.436	2769.6909	2628564.757	1104513.436	2769.6909	0.0	0.0
195	2628564.757	1104513.436	2769.6909	2628564.757	1104513.436	2769.6909	0.0	0.0
196	2628564.757	1104513.436	2769.6909	2628564.757	1104513.436	2769.6909	0.0	0.0
197	2628564.757	1104513.436	2769.6909	2628564.757	1104513.436	2769.6909	0.0	0.0
198	2628564.757	1104513.436	2769.6909	2628564.757	1104513.436	2769.6909	0.0	0.0
200	2628564.757	1104513.436	2769.6909	2628564.757	1104513.436	2769.6909	0.0	0.0
201	2628442.646	1104630.67	2666.2451	2628442.646	1104630.67	2666.2451	0.0	0.0
202	2628427.089	1104662.762	2642.6919	2628425.335	1104659.413	2642.979	3.791403884018676	0.5416291262883822
203	2628419.439	1104670.181	2637.4299	2628419.439	1104670.181	2637.4299	0.0	0.0
204	2628419.439	1104670.181	2637.4299	2628419.439	1104670.181	2637.4299	0.0	0.0
205	2628396.415	1104727.809	2590.585	2628397.976	1104731.185	2588.207	4.414632600833265	0.6306618001190378
206	2628397.009	1104733.501	2587.8831	2628397.009	1104733.501	2587.8831	0.0	0.0
207	2628397.009	1104733.501	2587.8831	2628397.009	1104733.501	2587.8831	0.0	0.0
208	2628397.009	1104733.501	2587.8831	2628397.009	1104733.501	2587.8831	0.0	0.0
209	2628397.009	1104733.501	2587.8831	2628397.009	1104733.501	2587.8831	0.0	0.0
210	2628397.009	1104733.501	2587.8831	2628397.009	1104733.501	2587.8831	0.0	0.0
211	2628397.009	1104733.501	2587.8831	2628397.009	1104733.501	2587.8831	0.0	0.0
212	2628397.009	1104733.501	2587.8831	2628397.009	1104733.501	2587.8831	0.0	0.0
213	2628374.258	1104922.794	2464.001	2628397.009	1104733.501	2587.8831	227.36803326422427	32.4811476091749
214	2628362.306	1104925.207	2455.061	2628362.306	1104925.207	2455.061	0.0	0.0
235	2628632.103	1104505.282	2802.4541	2628632.103	1104505.282	2802.4541	0.0	0.0
236	2628632.103	1104505.282	2802.4541	2628632.103	1104505.282	2802.4541	0.0	0.0
237	2628632.103	1104505.282	2802.4541	2628632.103	1104505.282	2802.4541	0.0	0.0
238	2628564.757	1104513.436	2769.6909	2628564.757	1104513.436	2769.6909	0.0	0.0
239	2628564.757	1104513.436	2769.6909	2628564.757	1104513.436	2769.6909	0.0	0.0
240	2628564.757	1104513.436	2769.6909	2628564.757	1104513.436	2769.6909	0.0	0.0
241	2628564.757	1104513.436	2769.6909	2628564.757	1104513.436	2769.6909	0.0	0.0
242	2628564.757	1104513.436	2769.6909	2628564.757	1104513.436	2769.6909	0.0	0.0
245	2628450.246	1104623.759	2669.917	2628450.577	1104622.966	2670.1699	0.8957501941156648	0.1279643134450949
246	2628442.646	1104630.67	2666.2451	2628442.646	1104630.67	2666.2451	0.0	0.0
247	2628425.375	1104659.975	2642.7649	2628425.335	1104659.413	2642.979	0.6027294668194262	0.0861042095456323
248	2628419.439	1104670.181	2637.4299	2628419.439	1104670.181	2637.4299	0.0	0.0
249	2628419.439	1104670.181	2637.4299	2628419.439	1104670.181	2637.4299	0.0	0.0
250	2628399.492	1104728.371	2591.7991	2628396.891	1104721.998	2596.9529	8.598952520109323	1.228421788587046
251	2628397.009	1104733.501	2587.8831	2628397.009	1104733.501	2587.8831	0.0	0.0
252	2628397.009	1104733.501	2587.8831	2628397.009	1104733.501	2587.8831	0.0	0.0
253	2628397.009	1104733.501	2587.8831	2628397.009	1104733.501	2587.8831	0.0	0.0
254	2628397.009	1104733.501	2587.8831	2628397.009	1104733.501	2587.8831	0.0	0.0
255	2628397.009	1104733.501	2587.8831	2628397.009	1104733.501	2587.8831	0.0	0.0
256	2628397.009	1104733.501	2587.8831	2628397.009	1104733.501	2587.8831	0.0	0.0
257	2628397.009	1104733.501	2587.8831	2628397.009	1104733.501	2587.8831	0.0	0.0
258	2628397.009	1104733.501	2587.8831	2628397.009	1104733.501	2587.8831	0.0	0.0
279	2628634.98	1104503.46	2803.562	2628632.868	1104503.342	2802.9109	2.213232751166944	0.3161761073095634
280	2628632.103	1104505.282	2802.4541	2628632.103	1104505.282	2802.4541	0.0	0.0
281	2628632.103	1104505.282	2802.4541	2628632.103	1104505.282	2802.4541	0.0	0.0
282	2628582.079	1104515.862	2777.4021	2628582.079	1104515.862	2777.4021	0.0	0.0
283	2628564.757	1104513.436	2769.6909	2628564.757	1104513.436	2769.6909	0.0	0.0
284	2628564.757	1104513.436	2769.6909	2628564.757	1104513.436	2769.6909	0.0	0.0
285	2628564.757	1104513.436	2769.6909	2628564.757	1104513.436	2769.6909	0.0	0.0
286	2628564.757	1104513.436	2769.6909	2628564.757	1104513.436	2769.6909	0.0	0.0
287	2628564.757	1104513.436	2769.6909	2628564.757	1104513.436	2769.6909	0.0	0.0
290	2628451.4919	1104622.211	2670.699	2628451.606	1104622.899	2670.5449	0.714219588217751	0.102031369745393
291	2628442.646	1104630.67	2666.2451	2628442.646	1104630.67	2666.2451	0.0	0.0
292	2628428.046	1104663.164	2643.2561	2628425.335	1104659.413	2642.979	4.636410940794243	0.6623444201134633
293	2628419.439	1104670.181	2637.4299	2628419.439	1104670.181	2637.4299	0.0	0.0
294	2628419.439	1104670.181	2637.4299	2628419.439	1104670.181	2637.4299	0.0	0.0
295	2628399.423	1104728.827	2591.457	2628397.839	1104723.888	2595.6021	6.639625818485032	0.9485179740692904
296	2628397.009	1104733.501	2587.8831	2628397.009	1104733.501	2587.8831	0.0	0.0
297	2628397.009	1104733.501	2587.8831	2628397.009	1104733.501	2587.8831	0.0	0.0
298	2628397.009	1104733.501	2587.8831	2628397.009	1104733.501	2587.8831	0.0	0.0
299	2628397.009	1104733.501	2587.8831	2628397.009	1104733.501	2587.8831	0.0	0.0
300	2628397.009	1104733.501	2587.8831	2628397.009	1104733.501	2587.8831	0.0	0.0
301	2628397.009	1104733.501	2587.8831	2628397.009	1104733.501	2587.8831	0.0	0.0
302	2628397.009	1104733.501	2587.8831	2628397.009	1104733.501	2587.8831	0.0	0.0
303	2628397.009	1104733.501	2587.8831	2628397.009	1104733.501	2587.8831	0.0	0.0
325	2628632.103	1104505.282	2802.4541	2628632.103	1104505.282	2802.4541	0.0	0.0
327	2628584.207	1104516.514	2778.25	2628582.079	1104515.862	2777.4021	2.381684783953109	0.3402406834218727
328	2628564.757	1104513.436	2769.6909	2628564.757	1104513.436	2769.6909	0.0	0.0
329	2628564.757	1104513.436	2769.6909	2628564.757	1104513.436	2769.6909	0.0	0.0
330	2628564.757	1104513.436	2769.6909	2628564.757	1104513.436	2769.6909	0.0	0.0
331	2628564.757	1104513.436	2769.6909	2628564.757	1104513.436	2769.6909	0.0	0.0
335	2628449.926	1104622.86	2669.9399	2628449.926	1104622.86	2669.9399	0.0	0.0
336	2628442.646	1104630.67	2666.2451	2628442.646	1104630.67	2666.2451	0.0	0.0
337	2628427.089	1104662.762	2642.6919	2628425.375	1104659.975	2642.7649	3.272689108452852	0.4675270154932645
338	2628419.439	1104670.181	2637.4299	2628419.439	1104670.181	2637.4299	0.0	0.0
339	2628419.439	1104670.181	2637.4299	2628419.439	1104670.181	2637.4299	0.0	0.0
340	2628397.839	1104723.888	2595.6021	2628399.492	1104728.371	2591.7991	6.106759124105374	0.872394160586482
341	2628397.009	1104733.501	2587.8831	2628397.009	1104733.501	2587.8831	0.0	0.0
342	2628397.009	1104733.501	2587.8831	2628397.009	1104733.501	2587.8831	0.0	0.0
343	2628397.009	1104733.501	2587.8831	2628397.009	1104733.501	2587.8831	0.0	0.0
344	2628397.009	1104733.501	2587.8831	2628397.009	1104733.501	2587.8831	0.0	0.0
345	2628397.009	1104733.501	2587.8831	2628397.009	1104733.501	2587.8831	0.0	0.0
346	2628397.009	1104733.501	2587.8831	2628397.009	1104733.501	2587.8831	0.0	0.0
347	2628397.009	1104733.501	2587.8831	2628397.009	1104733.501	2587.8831	0.0	0.0
348	2628373.755	1104923.795	2462.929	2628373.755	1104923.795	2462.929	0.0	0.0
370	2628632.103	1104505.282	2802.4541	2628632.103	1104505.282	2802.4541	0.0	0.0
372	2628580.688	1104517.852	2776.6931	2628580.688	1104517.852	2776.6931	0.0	0.0
373	2628564.757	1104513.436	2769.6909	2628564.757	1104513.436	2769.6909	0.0	0.0
374	2628564.757	1104513.436	2769.6909	2628564.757	1104513.436	2769.6909	0.0	0.0
375	2628535.0601	1104534.28	2746.2639	2628535.0601	1104534.28	2746.2639	0.0	0.0
380	2628450.246	1104623.759	2669.917	2628450.577	1104622.966	2670.1699	0.8957501941156648	0.1279643134450949
381	2628442.646	1104630.67	2666.2451	2628442.646	1104630.67	2666.2451	0.0	0.0
382	2628425.375	1104659.975	2642.7649	2628425.375	1104659.975	2642.7649	0.0	0.0
383	2628419.439	1104670.181	2637.4299	2628419.439	1104670.181	2637.4299	0.0	0.0
384	2628419.439	1104670.181	2637.4299	2628419.439	1104670.181	2637.4299	0.0	0.0
385	2628399.423	1104728.827	2591.457	2628397.569	1104723.089	2596.342	7.760488708889421	1.10864124412706
386	2628397.009	1104733.501	2587.8831	2628397.009	1104733.501	2587.8831	0.0	0.0
387	2628397.009	1104733.501	2587.8831	2628397.009	1104733.501	2587.8831	0.0	0.0
388	2628397.009	1104733.501	2587.8831	2628397.009	1104733.501	2587.8831	0.0	0.0
389	2628397.009	1104733.501	2587.8831	2628397.009	1104733.501	2587.8831	0.0	0.0
390	2628397.009	1104733.501	2587.8831	2628397.009	1104733.501	2587.8831	0.0	0.0
391	2628397.009	1104733.501	2587.8831	2628397.009	1104733.501	2587.8831	0.0	0.0
392	2628397.009	1104733.501	2587.8831	2628397.009	1104733.501	2587.8831	0.0	0.0
393	2628373.755	1104923.795	2462.929	2628373.755	1104923.795	2462.929	0.0	0.0
415	2628627.969	1104517.251	2797.2151	2628628.285	1104518.609	2796.489	1.5720181964876585	0.2245740280696654
417	2628581.953	1104515.039	2777.5691	2628582.079	1104515.862	2777.4021	0.8491725382341765	0.1213103626048823
418	2628564.757	1104513.436	2769.6909	2628564.757	1104513.436	2769.6909	0.0	0.0
419	2628564.757	1104513.436	2769.6909	2628564.757	1104513.436	2769.6909	0.0	0.0
420	2628535.0601	1104534.28	2746.2639	2628535.0601	1104534.28	2746.2639	0.0	0.0
425	2628449.479	1104623.568	2669.603	2628450.679	1104625.43	2669.752	2.220190307229362	0.3171700438899089
426	2628442.646	1104630.67	2666.2451	2628442.646	1104630.67	2666.2451	0.0	0.0
427	2628425.375	1104659.975	2642.7649	2628427.089	1104662.762	2642.6919	3.272689108452852	0.4675270154932645
428	2628419.439	1104670.181	2637.4299	2628419.439	1104670.181	2637.4299	0.0	0.0
429	2628419.439	1104670.181	2637.4299	2628419.439	1104670.181	2637.4299	0.0	0.0
430	2628397.569	1104723.089	2596.342	2628399.423	1104728.827	2591.457	7.760488708889421	1.10864124412706
431	2628397.009	1104733.501	2587.8831	2628397.009	1104733.501	2587.8831	0.0	0.0
432	2628397.009	1104733.501	2587.8831	2628397.009	1104733.501	2587.8831	0.0	0.0
433	2628397.009	1104733.501	2587.8831	2628397.009	1104733.501	2587.8831	0.0	0.0
434	2628397.009	1104733.501	2587.8831	2628397.009	1104733.501	2587.8831	0.0	0.0
435	2628397.009	1104733.501	2587.8831	2628397.009	1104733.501	2587.8831	0.0	0.0
436	2628397.009	1104733.501	2587.8831	2628397.009	1104733.501	2587.8831	0.0	0.0
437	2628397.009	1104733.501	2587.8831	2628397.009	1104733.501	2587.8831	0.0	0.0
438	2628373.755	1104923.795	2462.929	2628373.755	1104923.795	2462.929	0.0	0.0
450	2628919.111	1104680.182	2825.198	2628918.908	1104680.152	2825.342	0.2506890505944647	0.0358127215134949
451	2628895.533	1104665.049	2822.3911	2628894.1219	1104663.63	2821.8069	2.084719129699296	0.2978170185284708
452	2628875.459	1104658.155	2820.46	2628875.817	1104658.271	2820.123	0.5051623501283302	0.0721660500183328
461	2628621.278	1104533.029	2783.655	2628620.973	1104532.78	2783.8821	0.4545331779445253	0.0649333111349321
462	2628582.7	1104516.278	2777.729	2628583.714	1104517.102	2777.866	1.3137507373809114	0.1876786767687016
463	2628565.949	1104527.364	2766.9331	2628564.757	1104513.436	2769.6909	14.248351092023276	2.035478727431897
464	2628547.134	1104535.938	2753.623	2628548.324	1104538.394	2753.8899	2.742129028673614	0.3917327183819448
465	2628535.0601	1104534.28	2746.2639	2628535.0601	1104534.28	2746.2639	0.0	0.0
470	2628450.246	1104623.759	2669.917	2628450.246	1104623.759	2669.917	0.0	0.0
471	2628442.646	1104630.67	2666.2451	2628442.646	1104630.67	2666.2451	0.0	0.0
472	2628428.046	1104663.164	2643.2561	2628426.993	1104664.973	2642.1311	2.376323841620174	0.3394748345171677
473	2628419.439	1104670.181	2637.4299	2628419.439	1104670.181	2637.4299	0.0	0.0
474	2628419.439	1104670.181	2637.4299	2628419.439	1104670.181	2637.4299	0.0	0.0
475	2628396.415	1104727.809	2590.585	2628396.415	1104727.809	2590.585	0.0	0.0
476	2628397.009	1104733.501	2587.8831	2628397.009	1104733.501	2587.8831	0.0	0.0
477	2628397.009	1104733.501	2587.8831	2628397.009	1104733.501	2587.8831	0.0	0.0
478	2628397.009	1104733.501	2587.8831	2628397.009	1104733.501	2587.8831	0.0	0.0
479	2628397.009	1104733.501	2587.8831	2628397.009	1104733.501	2587.8831	0.0	0.0
480	2628397.009	1104733.501	2587.8831	2628397.009	1104733.501	2587.8831	0.0	0.0
481	2628397.009	1104733.501	2587.8831	2628397.009	1104733.501	2587.8831	0.0	0.0
482	2628397.009	1104733.501	2587.8831	2628397.009	1104733.501	2587.8831	0.0	0.0
483	2628373.755	1104923.795	2462.929	2628367.316	1104925.994	2457.8611	8.48409879758999	1.212014113941427
495	2628928.624	1104699.627	2817.2009	2628928.761	1104699.957	2816.9709	0.4249341124505002	0.0607048732072143
496	2628912.504	1104697.967	2815.4819	2628912.483	1104698.299	2814.8469	0.7168612139880999	0.1024087448554428
497	2628891.7159	1104689.236	2812.4729	2628891.917	1104690.237	2812.1111	1.0832088670922844	0.1547441238703263
498	2628869.381	1104678.684	2808.033	2628869.235	1104678.702	2807.9939	0.1522130416847752	0.0217447202406821
499	2628842.6169	1104661.949	2803.7271	2628842.817	1104663.142	2803.0359	1.393214430708977	0.1990306329584253
507	2628611.379	1104552.902	2768.7319	2628611.058	1104552.514	2769.4719	0.8950893810255757	0.1278699115750822
508	2628571.386	1104533.907	2763.002	2628571.386	1104533.907	2763.002	0.0	0.0
509	2628546.499	1104533.209	2753.925	2628546.499	1104533.209	2753.925	0.0	0.0
510	2628535.0601	1104534.28	2746.2639	2628535.0601	1104534.28	2746.2639	0.0	0.0
515	2628450.145	1104625.409	2669.5229	2628450.145	1104625.409	2669.5229	0.0	0.0
516	2628442.646	1104630.67	2666.2451	2628442.646	1104630.67	2666.2451	0.0	0.0
517	2628427.089	1104662.762	2642.6919	2628427.089	1104662.762	2642.6919	0.0	0.0
518	2628419.439	1104670.181	2637.4299	2628419.439	1104670.181	2637.4299	0.0	0.0
519	2628419.439	1104670.181	2637.4299	2628419.439	1104670.181	2637.4299	0.0	0.0
520	2628399.423	1104728.827	2591.457	2628399.423	1104728.827	2591.457	0.0	0.0
521	2628397.009	1104733.501	2587.8831	2628397.009	1104733.501	2587.8831	0.0	0.0
522	2628397.009	1104733.501	2587.8831	2628397.009	1104733.501	2587.8831	0.0	0.0
523	2628397.009	1104733.501	2587.8831	2628397.009	1104733.501	2587.8831	0.0	0.0
524	2628397.009	1104733.501	2587.8831	2628397.009	1104733.501	2587.8831	0.0	0.0
525	2628397.009	1104733.501	2587.8831	2628397.009	1104733.501	2587.8831	0.0	0.0
526	2628397.009	1104733.501	2587.8831	2628397.009	1104733.501	2587.8831	0.0	0.0
527	2628397.009	1104733.501	2587.8831	2628397.009	1104733.501	2587.8831	0.0	0.0
528	2628373.755	1104923.795	2462.929	2628373.755	1104923.795	2462.929	0.0	0.0
540	2628936.34	1104714.344	2806.7959	2628936.1071	1104713.736	2806.9141	0.6617232426586857	0.0945318918083836
541	2628918.804	1104711.016	2806.301	2628918.647	1104711.217	2806.0911	0.330315016298241	0.0471878594711773
542	2628903.826	1104713.994	2802.9839	2628903.629	1104713.982	2802.7739	0.2881891737671178	0.0411698819667311
543	2628884.47	1104705.718	2801.3511	2628884.47	1104705.718	2801.3511	0.0	0.0
544	2628868.131	1104705.033	2799.51	2628868.894	1104706.282	2799.1321	1.511614504193963	0.2159449291705661
545	2628848.026	1104699.63	2794.918	2628849.111	1104701.178	2794.533	1.929184802057656	0.2755978288653794
554	2628561.1479	1104554.627	2745.1321	2628561.463	1104555.014	2744.844	0.5762452774280368	0.0823207539182909
560	2628449.926	1104622.86	2669.9399	2628449.926	1104622.86	2669.9399	0.0	0.0
561	2628442.646	1104630.67	2666.2451	2628442.646	1104630.67	2666.2451	0.0	0.0
562	2628425.375	1104659.975	2642.7649	2628428.046	1104663.164	2643.2561	4.188703790023915	0.5983862557177021
563	2628419.439	1104670.181	2637.4299	2628419.439	1104670.181	2637.4299	0.0	0.0
564	2628419.439	1104670.181	2637.4299	2628419.439	1104670.181	2637.4299	0.0	0.0
565	2628399.492	1104728.371	2591.7991	2628399.423	1104728.827	2591.457	0.5742206980106247	0.0820315282872321
566	2628397.009	1104733.501	2587.8831	2628397.009	1104733.501	2587.8831	0.0	0.0
567	2628397.009	1104733.501	2587.8831	2628397.009	1104733.501	2587.8831	0.0	0.0
568	2628397.009	1104733.501	2587.8831	2628397.009	1104733.501	2587.8831	0.0	0.0
569	2628397.009	1104733.501	2587.8831	2628397.009	1104733.501	2587.8831	0.0	0.0
570	2628397.009	1104733.501	2587.8831	2628397.009	1104733.501	2587.8831	0.0	0.0
571	2628397.009	1104733.501	2587.8831	2628397.009	1104733.501	2587.8831	0.0	0.0
572	2628397.009	1104733.501	2587.8831	2628397.009	1104733.501	2587.8831	0.0	0.0
573	2628373.755	1104923.795	2462.929	2628373.755	1104923.795	2462.929	0.0	0.0
585	2628933.653	1104721.39	2801.0249	2628933.653	1104721.39	2801.0249	0.0	0.0
586	2628928.532	1104729.089	2798.0339	2628928.219	1104729.509	2797.603	0.6782652948398272	0.0968950421199753
587	2628914.057	1104731.493	2795.749	2628913.984	1104731.767	2795.4551	0.4083897770094971	0.0583413967156424
588	2628897.252	1104728.264	2792.77	2628897.374	1104729.086	2792.908	0.842384710137945	0.1203406728768492
589	2628878.2581	1104724.728	2790.1531	2628878.145	1104725.161	2789.7129	0.6277393170823967	0.0896770452974852
590	2628859.365	1104720.772	2786.8879	2628859.811	1104721.283	2785.8569	1.2340980511838011	0.1762997215976859
591	2628834.243	1104709.152	2781.5791	2628834.151	1104710.939	2779.7981	2.524637399704556	0.3606624856720794
600	2628545.98	1104570.973	2729.96	2628546.464	1104571.054	2729.771	0.5258688050899469	0.0751241150128495
605	2628449.926	1104622.86	2669.9399	2628451.606	1104622.899	2670.5449	1.786041992942329	0.2551488561346184
606	2628442.646	1104630.67	2666.2451	2628442.646	1104630.67	2666.2451	0.0	0.0
607	2628426.993	1104664.973	2642.1311	2628426.993	1104664.973	2642.1311	0.0	0.0
608	2628419.439	1104670.181	2637.4299	2628419.439	1104670.181	2637.4299	0.0	0.0
609	2628419.439	1104670.181	2637.4299	2628419.439	1104670.181	2637.4299	0.0	0.0
610	2628397.839	1104723.888	2595.6021	2628399.492	1104728.371	2591.7991	6.106759124105374	0.872394160586482
611	2628397.009	1104733.501	2587.8831	2628397.009	1104733.501	2587.8831	0.0	0.0
612	2628397.009	1104733.501	2587.8831	2628397.009	1104733.501	2587.8831	0.0	0.0
613	2628397.009	1104733.501	2587.8831	2628397.009	1104733.501	2587.8831	0.0	0.0
614	2628397.009	1104733.501	2587.8831	2628397.009	1104733.501	2587.8831	0.0	0.0
615	2628397.009	1104733.501	2587.8831	2628397.009	1104733.501	2587.8831	0.0	0.0
616	2628397.009	1104733.501	2587.8831	2628397.009	1104733.501	2587.8831	0.0	0.0
617	2628397.009	1104733.501	2587.8831	2628397.009	1104733.501	2587.8831	0.0	0.0
618	2628367.316	1104925.994	2457.8611	2628364.768	1104925.403	2456.301	3.045570063185426	0.435081437597918
630	2628933.653	1104721.39	2801.0249	2628933.653	1104721.39	2801.0249	0.0	0.0
631	2628928.219	1104729.509	2797.603	2628928.226	1104729.596	2797.53	0.1137848846113604	0.0162549835159086
632	2628918.066	1104744.928	2788.897	2628918.066	1104744.928	2788.897	0.0	0.0
633	2628907.755	1104747.641	2785.4939	2628907.999	1104748.145	2785.291	0.5955840914021066	0.0850834416288723
634	2628888.933	1104740.96	2782.908	2628889.225	1104742.475	2782.1331	1.7265453977049527	0.2466493425292789
635	2628869.53	1104736.808	2778.634	2628870.308	1104737.796	2778.3899	1.2810202226640053	0.1830028889520007
636	2628847.16	1104726.924	2774.196	2628848.203	1104728.234	2773.2839	1.9067971600745872	0.2723995942963696
637	2628818.512	1104708.234	2768.283	2628819.225	1104709.583	2767.624	1.6620622733283532	0.2374374676183361
638	2628799.7531	1104706.15	2766.98	2628800.843	1104707.456	2766.4121	1.7933288656304345	0.2561898379472049
646	2628532.6169	1104586.221	2714.821	2628532.436	1104587.178	2714.271	1.1185141081669856	0.1597877297381408
650	2628451.348	1104621.237	2670.7939	2628451.642	1104618.978	2671.8779	2.522810535932672	0.3604015051332388
651	2628442.646	1104630.67	2666.2451	2628442.646	1104630.67	2666.2451	0.0	0.0
652	2628426.993	1104664.973	2642.1311	2628426.993	1104664.973	2642.1311	0.0	0.0
653	2628419.439	1104670.181	2637.4299	2628419.439	1104670.181	2637.4299	0.0	0.0
654	2628419.439	1104670.181	2637.4299	2628419.439	1104670.181	2637.4299	0.0	0.0
655	2628399.492	1104728.371	2591.7991	2628396.415	1104727.809	2590.585	3.3552662801136903	0.4793237543019558
656	2628397.009	1104733.501	2587.8831	2628397.009	1104733.501	2587.8831	0.0	0.0
657	2628397.009	1104733.501	2587.8831	2628397.009	1104733.501	2587.8831	0.0	0.0
658	2628397.009	1104733.501	2587.8831	2628397.009	1104733.501	2587.8831	0.0	0.0
659	2628397.009	1104733.501	2587.8831	2628397.009	1104733.501	2587.8831	0.0	0.0
660	2628397.009	1104733.501	2587.8831	2628397.009	1104733.501	2587.8831	0.0	0.0
661	2628397.009	1104733.501	2587.8831	2628397.009	1104733.501	2587.8831	0.0	0.0
662	2628397.009	1104733.501	2587.8831	2628397.009	1104733.501	2587.8831	0.0	0.0
663	2628373.755	1104923.795	2462.929	2628373.755	1104923.795	2462.929	0.0	0.0
675	2628933.653	1104721.39	2801.0249	2628933.653	1104721.39	2801.0249	0.0	0.0
676	2628919.934	1104742.132	2790.7839	2628919.934	1104742.132	2790.7839	0.0	0.0
677	2628919.36	1104742.907	2790.314	2628919.36	1104742.907	2790.314	0.0	0.0
678	2628911.276	1104754.943	2781.6379	2628911.276	1104754.943	2781.6379	0.0	0.0
679	2628899.2679	1104763.041	2773.083	2628898.99	1104763.233	2772.7991	0.4412387333556485	0.0630341047650926
680	2628877.974	1104750.519	2769.678	2628878.024	1104751.176	2769.1189	0.8641422393816156	0.1234488913402308
681	2628859.415	1104746.505	2767.1021	2628857.9449	1104745.092	2765.698	2.4757341981602825	0.3536763140228975
682	2628833.285	1104730.29	2760.5811	2628833.2271	1104730.878	2759.324	1.3890272927586709	0.1984324703940958
683	2628810.674	1104723.611	2755.074	2628810.494	1104723.909	2755.084	0.3482872378245884	0.0497553196892269
692	2628521.661	1104605.005	2699.7109	2628520.5601	1104605.13	2699.7461	1.108532746433177	0.1583618209190252
694	2628462.046	1104604.817	2677.656	2628462.046	1104604.817	2677.656	0.0	0.0
695	2628450.246	1104623.759	2669.917	2628450.679	1104625.43	2669.752	1.734057380736988	0.2477224829624268
696	2628442.646	1104630.67	2666.2451	2628442.646	1104630.67	2666.2451	0.0	0.0
697	2628427.089	1104662.762	2642.6919	2628426.993	1104664.973	2642.1311	2.2830316773100274	0.326147382472861
698	2628419.439	1104670.181	2637.4299	2628419.439	1104670.181	2637.4299	0.0	0.0
699	2628419.439	1104670.181	2637.4299	2628419.439	1104670.181	2637.4299	0.0	0.0
700	2628399.423	1104728.827	2591.457	2628399.423	1104728.827	2591.457	0.0	0.0
701	2628397.009	1104733.501	2587.8831	2628397.009	1104733.501	2587.8831	0.0	0.0
702	2628397.009	1104733.501	2587.8831	2628397.009	1104733.501	2587.8831	0.0	0.0
703	2628397.009	1104733.501	2587.8831	2628397.009	1104733.501	2587.8831	0.0	0.0
704	2628397.009	1104733.501	2587.8831	2628397.009	1104733.501	2587.8831	0.0	0.0
705	2628397.009	1104733.501	2587.8831	2628397.009	1104733.501	2587.8831	0.0	0.0
706	2628397.009	1104733.501	2587.8831	2628397.009	1104733.501	2587.8831	0.0	0.0
707	2628397.009	1104733.501	2587.8831	2628397.009	1104733.501	2587.8831	0.0	0.0
708	2628373.755	1104923.795	2462.929	2628373.755	1104923.795	2462.929	0.0	0.0
720	2628933.653	1104721.39	2801.0249	2628933.653	1104721.39	2801.0249	0.0	0.0
721	2628919.934	1104742.132	2790.7839	2628919.934	1104742.132	2790.7839	0.0	0.0
722	2628919.36	1104742.907	2790.314	2628919.36	1104742.907	2790.314	0.0	0.0
723	2628910.819	1104755.868	2780.8401	2628910.844	1104755.727	2780.9131	0.1607326973976481	0.0229618139139497
724	2628902.958	1104767.725	2772.1179	2628902.958	1104767.725	2772.1179	0.0	0.0
725	2628889.353	1104768.816	2762.7781	2628889.0811	1104769.546	2762.0681	1.0540064563371554	0.1505723509053079
726	2628866.582	1104757.872	2757.146	2628866.365	1104757.973	2757.0339	0.264303631985001	0.037757661712143
727	2628844.459	1104749.712	2752.5449	2628844.337	1104749.99	2752.0061	0.6184443709470965	0.0883491958495852
729	2628798.478	1104731.9	2742.5701	2628799.1071	1104731.33	2742.5649	0.8489368939056683	0.1212766991293811
730	2628778.609	1104730.105	2738.896	2628777.803	1104729.719	2738.3101	1.0686022695505046	0.1526574670786435
738	2628516.9041	1104632.138	2682.4319	2628515.386	1104632.187	2682.2529	1.529401716341332	0.2184859594773331
739	2628484.723	1104630.257	2678.0371	2628485.608	1104630.616	2678.115	0.9582141772903412	0.1368877396129058
740	2628450.246	1104623.759	2669.917	2628450.145	1104625.409	2669.5229	1.699416314400479	0.2427737592000684
741	2628442.646	1104630.67	2666.2451	2628442.646	1104630.67	2666.2451	0.0	0.0
742	2628427.089	1104662.762	2642.6919	2628426.993	1104664.973	2642.1311	2.2830316773100274	0.326147382472861
743	2628419.439	1104670.181	2637.4299	2628419.439	1104670.181	2637.4299	0.0	0.0
744	2628419.439	1104670.181	2637.4299	2628419.439	1104670.181	2637.4299	0.0	0.0
745	2628399.423	1104728.827	2591.457	2628399.423	1104728.827	2591.457	0.0	0.0
746	2628397.009	1104733.501	2587.8831	2628397.009	1104733.501	2587.8831	0.0	0.0
747	2628397.009	1104733.501	2587.8831	2628397.009	1104733.501	2587.8831	0.0	0.0
748	2628397.009	1104733.501	2587.8831	2628397.009	1104733.501	2587.8831	0.0	0.0
749	2628397.009	1104733.501	2587.8831	2628397.009	1104733.501	2587.8831	0.0	0.0
750	2628397.009	1104733.501	2587.8831	2628397.009	1104733.501	2587.8831	0.0	0.0
751	2628397.009	1104733.501	2587.8831	2628397.009	1104733.501	2587.8831	0.0	0.0
752	2628397.009	1104733.501	2587.8831	2628397.009	1104733.501	2587.8831	0.0	0.0
753	2628373.755	1104923.795	2462.929	2628373.755	1104923.795	2462.929	0.0	0.0
765	2628919.934	1104742.132	2790.7839	2628919.934	1104742.132	2790.7839	0.0	0.0
766	2628919.934	1104742.132	2790.7839	2628919.934	1104742.132	2790.7839	0.0	0.0
767	2628919.36	1104742.907	2790.314	2628919.36	1104742.907	2790.314	0.0	0.0
768	2628910.514	1104756.33	2780.7151	2628910.428	1104756.449	2780.6169	0.1766358967179502	0.0252336995311357
769	2628903.212	1104767.3	2772.3889	2628903.082	1104767.526	2772.217	0.312290906018454	0.0446129865740648
770	2628892.024	1104784.272	2755.291	2628892.024	1104784.272	2755.291	0.0	0.0
771	2628879.092	1104777.3	2751.5959	2628878.678	1104777.034	2751.479	0.5057841538773142	0.0722548791253306
772	2628855.542	1104768.06	2744.0149	2628855.2371	1104768.358	2743.646	0.5637865020492651	0.0805409288641807
773	2628834.662	1104760.361	2739.969	2628834.0129	1104760.473	2739.8511	0.6691600855119899	0.0955942979302842
775	2628789.974	1104745.862	2730.7539	2628790.366	1104746.461	2730.3091	0.8428001185984456	0.1204000169426351
776	2628764.527	1104738.719	2725.9409	2628764.645	1104738.998	2725.6011	0.4552241645422223	0.0650320235060317
784	2628503.079	1104649.818	2668.469	2628502.86	1104649.532	2668.8469	0.5220779731646676	0.0745825675949525
785	2628478.033	1104653.989	2663.7041	2628477.59	1104654.044	2663.5471	0.4732050295236431	0.0676007185033775
786	2628442.876	1104645.469	2657.8459	2628442.8669	1104647.663	2656.8469	2.410750880861234	0.3443929829801763
787	2628428.046	1104663.164	2643.2561	2628428.046	1104663.164	2643.2561	0.0	0.0
788	2628419.439	1104670.181	2637.4299	2628419.439	1104670.181	2637.4299	0.0	0.0
789	2628419.439	1104670.181	2637.4299	2628419.439	1104670.181	2637.4299	0.0	0.0
790	2628396.415	1104727.809	2590.585	2628396.415	1104727.809	2590.585	0.0	0.0
791	2628397.009	1104733.501	2587.8831	2628397.009	1104733.501	2587.8831	0.0	0.0
792	2628397.009	1104733.501	2587.8831	2628397.009	1104733.501	2587.8831	0.0	0.0
793	2628397.009	1104733.501	2587.8831	2628397.009	1104733.501	2587.8831	0.0	0.0
794	2628397.009	1104733.501	2587.8831	2628397.009	1104733.501	2587.8831	0.0	0.0
795	2628397.009	1104733.501	2587.8831	2628397.009	1104733.501	2587.8831	0.0	0.0
796	2628397.009	1104733.501	2587.8831	2628397.009	1104733.501	2587.8831	0.0	0.0
797	2628397.009	1104733.501	2587.8831	2628397.009	1104733.501	2587.8831	0.0	0.0
798	2628367.735	1104925.797	2458.054	2628367.316	1104925.994	2457.8611	0.5015779199402494	0.0716539885628927
810	2628919.934	1104742.132	2790.7839	2628919.934	1104742.132	2790.7839	0.0	0.0
811	2628919.934	1104742.132	2790.7839	2628919.934	1104742.132	2790.7839	0.0	0.0
812	2628919.105	1104743.349	2790.177	2628919.36	1104742.907	2790.314	0.528354047942763	0.075479149706109
813	2628911.276	1104754.943	2781.6379	2628911.276	1104754.943	2781.6379	0.0	0.0
814	2628903.391	1104767.036	2772.635	2628903.082	1104767.526	2772.217	0.7143563535968647	0.1020509076566949
815	2628895.259	1104779.34	2760.2939	2628895.014	1104779.738	2759.8879	0.6190840006856673	0.0884405715265238
816	2628886.556	1104792.567	2749.3889	2628886.931	1104791.909	2749.832	0.8774546199496867	0.1253506599928124
817	2628873.7629	1104797.637	2740.4741	2628874.843	1104799.652	2740.2981	2.292993024276591	0.327570432039513
830	2628500.3669	1104674.041	2654.1069	2628499.478	1104674.051	2654.1709	0.8912570950150747	0.1273224421450106
831	2628470.3929	1104677.627	2653.0481	2628469.702	1104676.868	2653.355	1.0712662693557289	0.1530380384793898
832	2628439.229	1104675.745	2643.387	2628405.882	1104641.778	2632.2271	48.89092825868175	6.984418322668821
833	2628416.589	1104684.857	2630.603	2628416.554	1104685.395	2630.3459	0.5973017746068031	0.085328824943829
834	2628404.913	1104704.048	2617.0	2628404.336	1104704.659	2616.542	0.957086203064768	0.136726600437824
835	2628396.884	1104728.202	2590.4819	2628396.415	1104727.809	2590.585	0.6205156002562533	0.0886450857508933
836	2628397.009	1104733.501	2587.8831	2628397.009	1104733.501	2587.8831	0.0	0.0
837	2628397.009	1104733.501	2587.8831	2628397.009	1104733.501	2587.8831	0.0	0.0
838	2628397.009	1104733.501	2587.8831	2628397.009	1104733.501	2587.8831	0.0	0.0
839	2628397.009	1104733.501	2587.8831	2628397.009	1104733.501	2587.8831	0.0	0.0
840	2628397.009	1104733.501	2587.8831	2628397.009	1104733.501	2587.8831	0.0	0.0
841	2628397.009	1104733.501	2587.8831	2628397.009	1104733.501	2587.8831	0.0	0.0
842	2628397.009	1104733.501	2587.8831	2628397.009	1104733.501	2587.8831	0.0	0.0
843	2628373.755	1104923.795	2462.929	2628367.316	1104925.994	2457.8611	8.48409879758999	1.212014113941427
855	2628919.934	1104742.132	2790.7839	2628919.934	1104742.132	2790.7839	0.0	0.0
856	2628919.934	1104742.132	2790.7839	2628919.934	1104742.132	2790.7839	0.0	0.0
857	2628919.36	1104742.907	2790.314	2628919.36	1104742.907	2790.314	0.0	0.0
858	2628911.027	1104755.516	2781.062	2628911.027	1104755.516	2781.062	0.0	0.0
859	2628902.958	1104767.725	2772.1179	2628902.652	1104768.249	2771.676	0.7506581180389392	0.1072368740055627
860	2628894.675	1104779.909	2759.554	2628893.62	1104779.514	2758.769	1.373053166991858	0.1961504524274082
861	2628886.035	1104792.109	2749.1851	2628886.035	1104792.109	2749.1851	0.0	0.0
862	2628875.307	1104809.465	2737.2881	2628875.307	1104809.465	2737.2881	0.0	0.0
863	2628870.235	1104817.21	2732.7581	2628870.094	1104817.28	2732.6709	0.1799578838528388	0.0257082691218341
868	2628746.667	1104769.118	2699.176	2628746.577	1104769.376	2698.748	0.5077873569998238	0.0725410509999748
876	2628492.001	1104697.898	2640.4819	2628493.171	1104699.58	2639.585	2.2366165540669343	0.3195166505809906
877	2628457.55	1104698.644	2636.386	2628458.918	1104698.963	2636.2771	1.4089159700350995	0.2012737100050142
878	2628428.179	1104695.577	2626.843	2628427.901	1104696.363	2626.175	1.0683183044964493	0.1526169006423499
879	2628404.913	1104704.048	2617.0	2628404.948	1104704.531	2616.7939	0.5262995439718542	0.0751856491388363
880	2628396.415	1104727.809	2590.585	2628396.415	1104727.809	2590.585	0.0	0.0
881	2628397.009	1104733.501	2587.8831	2628397.009	1104733.501	2587.8831	0.0	0.0
882	2628397.009	1104733.501	2587.8831	2628397.009	1104733.501	2587.8831	0.0	0.0
883	2628397.009	1104733.501	2587.8831	2628397.009	1104733.501	2587.8831	0.0	0.0
884	2628397.009	1104733.501	2587.8831	2628397.009	1104733.501	2587.8831	0.0	0.0
885	2628397.009	1104733.501	2587.8831	2628397.009	1104733.501	2587.8831	0.0	0.0
886	2628397.009	1104733.501	2587.8831	2628397.009	1104733.501	2587.8831	0.0	0.0
887	2628397.009	1104733.501	2587.8831	2628397.009	1104733.501	2587.8831	0.0	0.0
888	2628373.755	1104923.795	2462.929	2628373.755	1104923.795	2462.929	0.0	0.0
900	2628919.934	1104742.132	2790.7839	2628919.934	1104742.132	2790.7839	0.0	0.0
901	2628919.934	1104742.132	2790.7839	2628919.934	1104742.132	2790.7839	0.0	0.0
902	2628919.36	1104742.907	2790.314	2628919.36	1104742.907	2790.314	0.0	0.0
903	2628911.276	1104754.943	2781.6379	2628911.276	1104754.943	2781.6379	0.0	0.0
904	2628903.53	1104766.87	2773.0149	2628903.391	1104767.036	2772.635	0.4372653770653421	0.062466482437906
905	2628894.616	1104780.311	2759.457	2628893.62	1104779.514	2758.769	1.44933398485454	0.2070477121220771
906	2628885.444	1104792.271	2748.897	2628886.074	1104793.085	2749.176	1.0664600320126434	0.1523514331446633
907	2628875.307	1104809.465	2737.2881	2628875.307	1104809.465	2737.2881	0.0	0.0
908	2628863.7581	1104826.993	2721.531	2628863.7581	1104826.993	2721.531	0.0	0.0
909	2628858.849	1104825.856	2719.0439	2628858.7841	1104826.155	2718.8979	0.3390118140771941	0.0484302591538848
914	2628735.73	1104784.263	2687.355	2628737.158	1104785.302	2687.426	1.7674122324119217	0.2524874617731317
922	2628485.7419	1104720.524	2625.896	2628485.153	1104720.433	2626.0959	0.628525432925409	0.0897893475607727
923	2628451.6801	1104718.458	2619.7881	2628450.821	1104718.099	2620.094	0.980055416864526	0.1400079166949323
924	2628412.853	1104712.08	2610.5029	2628412.003	1104711.824	2610.699	0.9091156198114038	0.1298736599730577
925	2628398.591	1104713.111	2608.0959	2628398.098	1104713.197	2607.845	0.5598176576070976	0.0799739510867282
926	2628397.009	1104733.501	2587.8831	2628397.009	1104733.501	2587.8831	0.0	0.0
927	2628397.009	1104733.501	2587.8831	2628397.009	1104733.501	2587.8831	0.0	0.0
928	2628397.617	1104771.839	2564.644	2628397.617	1104771.839	2564.644	0.0	0.0
929	2628397.009	1104733.501	2587.8831	2628397.009	1104733.501	2587.8831	0.0	0.0
930	2628397.009	1104733.501	2587.8831	2628397.009	1104733.501	2587.8831	0.0	0.0
931	2628397.009	1104733.501	2587.8831	2628397.009	1104733.501	2587.8831	0.0	0.0
932	2628397.009	1104733.501	2587.8831	2628397.009	1104733.501	2587.8831	0.0	0.0
933	2628373.755	1104923.795	2462.929	2628373.755	1104923.795	2462.929	0.0	0.0
945	2628919.934	1104742.132	2790.7839	2628919.934	1104742.132	2790.7839	0.0	0.0
946	2628919.934	1104742.132	2790.7839	2628919.934	1104742.132	2790.7839	0.0	0.0
947	2628919.36	1104742.907	2790.314	2628919.36	1104742.907	2790.314	0.0	0.0
948	2628911.027	1104755.516	2781.062	2628911.027	1104755.516	2781.062	0.0	0.0
949	2628903.082	1104767.526	2772.217	2628902.702	1104768.115	2771.7981	0.8165771303562296	0.1166538757651756
950	2628895.014	1104779.738	2759.8879	2628895.007	1104779.635	2759.9241	0.1094003655071602	0.01562862364388
951	2628886.931	1104791.909	2749.832	2628886.931	1104791.909	2749.832	0.0	0.0
952	2628875.307	1104809.465	2737.2881	2628875.307	1104809.465	2737.2881	0.0	0.0
953	2628870.094	1104817.28	2732.6709	2628870.094	1104817.28	2732.6709	0.0	0.0
954	2628854.4	1104837.763	2710.4399	2628854.4	1104837.763	2710.4399	0.0	0.0
955	2628849.137	1104834.089	2707.6851	2628847.832	1104833.183	2706.8469	1.7962294509231058	0.2566042072747294
960	2628729.615	1104801.56	2676.606	2628730.111	1104801.537	2676.2949	0.585942155689284	0.0837060222413262
961	2628709.865	1104802.912	2671.7571	2628710.449	1104804.521	2671.0229	1.8625215809667957	0.266074511566685
968	2628468.6591	1104735.533	2608.6311	2628469.575	1104735.36	2608.5811	0.9334354882170116	0.1333479268881445
969	2628445.212	1104740.917	2605.0769	2628444.108	1104740.488	2605.2451	1.1963060810679569	0.1709008687239938
970	2628397.745	1104725.296	2593.3201	2628397.395	1104725.007	2593.449	0.4718434169579988	0.0674062024225712
971	2628397.009	1104733.501	2587.8831	2628397.009	1104733.501	2587.8831	0.0	0.0
972	2628397.617	1104771.839	2564.644	2628397.617	1104771.839	2564.644	0.0	0.0
973	2628397.617	1104771.839	2564.644	2628397.617	1104771.839	2564.644	0.0	0.0
975	2628397.009	1104733.501	2587.8831	2628397.009	1104733.501	2587.8831	0.0	0.0
976	2628397.009	1104733.501	2587.8831	2628397.009	1104733.501	2587.8831	0.0	0.0
978	2628367.735	1104925.797	2458.054	2628373.755	1104923.795	2462.929	8.000876764493041	1.1429823949275772
990	2628933.653	1104721.39	2801.0249	2628933.653	1104721.39	2801.0249	0.0	0.0
991	2628928.7321	1104728.746	2798.1941	2628928.092	1104729.769	2797.407	1.4407579324927993	0.2058225617846856
992	2628919.36	1104742.907	2790.314	2628919.36	1104742.907	2790.314	0.0	0.0
993	2628911.276	1104754.943	2781.6379	2628911.027	1104755.516	2781.062	0.8497004238289997	0.1213857748327142
994	2628902.702	1104768.115	2771.7981	2628902.785	1104767.962	2771.9939	0.2619840453084182	0.0374262921869168
995	2628895.141	1104779.591	2760.0359	2628895.014	1104779.738	2759.8879	0.2442171163736246	0.0348881594819463
996	2628886.556	1104792.567	2749.3889	2628886.911	1104791.989	2749.7461	0.7666164881888683	0.1095166411698383
997	2628875.307	1104809.465	2737.2881	2628875.307	1104809.465	2737.2881	0.0	0.0
998	2628854.4	1104837.763	2710.4399	2628854.4	1104837.763	2710.4399	0.0	0.0
999	2628854.4	1104837.763	2710.4399	2628854.4	1104837.763	2710.4399	0.0	0.0
1000	2628851.954	1104841.137	2708.0591	2628851.163	1104841.105	2707.499	0.9697510039126546	0.1385358577018078
1001	2628840.7159	1104847.65	2697.4331	2628839.1899	1104845.936	2696.7981	2.381112555076248	0.340158936439464
1006	2628721.567	1104816.895	2664.616	2628722.073	1104818.127	2663.9419	1.49273936447097	0.21324848063871
1014	2628460.396	1104755.424	2595.136	2628460.1331	1104755.632	2595.072	0.341286404549714	0.0487552006499591
1015	2628429.287	1104756.97	2589.321	2628429.287	1104756.97	2589.321	0.0	0.0
1016	2628402.024	1104758.957	2577.533	2628401.734	1104760.564	2576.7639	1.8050107507344728	0.2578586786763532
1017	2628397.617	1104771.839	2564.644	2628397.617	1104771.839	2564.644	0.0	0.0
1018	2628397.617	1104771.839	2564.644	2628397.617	1104771.839	2564.644	0.0	0.0
1021	2628400.313	1104893.338	2495.519	2628395.053	1104891.663	2492.647	6.222668961362355	0.8889527087660507
1022	2628390.671	1104891.002	2490.071	2628390.671	1104891.002	2490.071	0.0	0.0
1023	2628390.671	1104891.002	2490.071	2628390.671	1104891.002	2490.071	0.0	0.0
1024	2628390.671	1104891.002	2490.071	2628390.671	1104891.002	2490.071	0.0	0.0
1035	2628933.653	1104721.39	2801.0249	2628933.653	1104721.39	2801.0249	0.0	0.0
1036	2628928.629	1104728.996	2798.0959	2628928.3101	1104729.347	2797.7871	0.5659113448330496	0.0808444778332928
1037	2628919.36	1104742.907	2790.314	2628919.36	1104742.907	2790.314	0.0	0.0
1038	2628911.276	1104754.943	2781.6379	2628911.276	1104754.943	2781.6379	0.0	0.0
1039	2628903.649	1104766.732	2773.1509	2628903.212	1104767.3	2772.3889	1.046057837933335	0.1494368339904764
1040	2628895.141	1104779.591	2760.0359	2628895.141	1104779.591	2760.0359	0.0	0.0
1041	2628854.4	1104837.763	2710.4399	2628854.4	1104837.763	2710.4399	0.0	0.0
1042	2628854.4	1104837.763	2710.4399	2628854.4	1104837.763	2710.4399	0.0	0.0
1043	2628854.4	1104837.763	2710.4399	2628854.4	1104837.763	2710.4399	0.0	0.0
1044	2628854.4	1104837.763	2710.4399	2628854.4	1104837.763	2710.4399	0.0	0.0
1045	2628851.05	1104841.702	2707.2671	2628849.996	1104841.212	2706.5549	1.3631745449496329	0.1947392207070904
1046	2628841.1331	1104847.517	2697.927	2628840.7159	1104847.65	2697.4331	0.6600621561628011	0.094294593737543
1052	2628712.496	1104832.271	2650.3279	2628713.469	1104832.909	2649.9761	1.215539485370541	0.1736484979100772
1053	2628691.916	1104832.543	2645.8931	2628692.7	1104833.826	2645.3811	1.588360475307009	0.2269086393295727
1054	2628653.3669	1104820.72	2634.127	2628652.796	1104821.366	2633.376	1.1433476328714125	0.1633353761244875
1060	2628443.3459	1104771.486	2578.0449	2628445.121	1104773.412	2577.8169	2.6291519562361185	0.3755931366051598
1061	2628419.848	1104776.165	2569.405	2628419.717	1104777.068	2568.783	1.104288911423516	0.157755558774788
1062	2628397.617	1104771.839	2564.644	2628397.617	1104771.839	2564.644	0.0	0.0
1063	2628397.617	1104771.839	2564.644	2628397.617	1104771.839	2564.644	0.0	0.0
1066	2628400.313	1104893.338	2495.519	2628395.291	1104893.102	2492.3491	5.943437221744474	0.8490624602492105
1067	2628390.671	1104891.002	2490.071	2628390.671	1104891.002	2490.071	0.0	0.0
1068	2628390.671	1104891.002	2490.071	2628390.671	1104891.002	2490.071	0.0	0.0
1069	2628390.671	1104891.002	2490.071	2628390.671	1104891.002	2490.071	0.0	0.0
1080	2628933.653	1104721.39	2801.0249	2628933.653	1104721.39	2801.0249	0.0	0.0
1081	2628927.392	1104730.812	2797.2539	2628927.392	1104730.812	2797.2539	0.0	0.0
1082	2628919.36	1104742.907	2790.314	2628919.36	1104742.907	2790.314	0.0	0.0
1083	2628910.819	1104755.868	2780.8401	2628911.027	1104755.516	2781.062	0.4651963132019195	0.0664566161717027
1084	2628854.4	1104837.763	2710.4399	2628854.4	1104837.763	2710.4399	0.0	0.0
1085	2628854.4	1104837.763	2710.4399	2628854.4	1104837.763	2710.4399	0.0	0.0
1086	2628854.4	1104837.763	2710.4399	2628854.4	1104837.763	2710.4399	0.0	0.0
1087	2628854.4	1104837.763	2710.4399	2628854.4	1104837.763	2710.4399	0.0	0.0
1088	2628854.4	1104837.763	2710.4399	2628854.4	1104837.763	2710.4399	0.0	0.0
1089	2628854.4	1104837.763	2710.4399	2628854.4	1104837.763	2710.4399	0.0	0.0
1090	2628852.078	1104841.96	2708.051	2628851.163	1104841.105	2707.499	1.368559096289404	0.1955084423270577
1091	2628838.908	1104845.947	2696.623	2628838.826	1104846.585	2696.208	0.7655017962322112	0.1093573994617444
1094	2628814.699	1104886.049	2673.675	2628819.4091	1104893.475	2676.2009	9.149354557438194	1.3070506510625992
1098	2628699.726	1104845.272	2638.1001	2628700.663	1104845.878	2637.686	1.190245273299973	0.1700350390428533
1099	2628680.785	1104845.774	2633.2219	2628682.271	1104847.009	2633.0979	1.9361810350152264	0.2765972907164609
1100	2628647.151	1104835.789	2623.676	2628649.02	1104836.893	2624.0449	2.201832012075843	0.314547430296549
1101	2628611.0031	1104843.898	2606.7649	2628607.59	1104842.237	2604.4309	4.4559767291025	0.6365681041575
1106	2628442.978	1104795.682	2565.178	2628442.978	1104795.682	2565.178	0.0	0.0
1108	2628387.269	1104777.581	2547.344	2628387.269	1104777.581	2547.344	0.0	0.0
1111	2628395.053	1104891.663	2492.647	2628395.839	1104893.55	2492.467	2.052063595721516	0.2931519422459309
1112	2628390.671	1104891.002	2490.071	2628390.671	1104891.002	2490.071	0.0	0.0
1113	2628390.671	1104891.002	2490.071	2628390.671	1104891.002	2490.071	0.0	0.0
1114	2628390.671	1104891.002	2490.071	2628390.671	1104891.002	2490.071	0.0	0.0
1125	2628933.653	1104721.39	2801.0249	2628933.653	1104721.39	2801.0249	0.0	0.0
1126	2628928.442	1104729.155	2797.9961	2628928.442	1104729.155	2797.9961	0.0	0.0
1127	2628854.4	1104837.763	2710.4399	2628854.4	1104837.763	2710.4399	0.0	0.0
1128	2628854.4	1104837.763	2710.4399	2628854.4	1104837.763	2710.4399	0.0	0.0
1129	2628854.4	1104837.763	2710.4399	2628854.4	1104837.763	2710.4399	0.0	0.0
1130	2628854.4	1104837.763	2710.4399	2628854.4	1104837.763	2710.4399	0.0	0.0
1131	2628854.4	1104837.763	2710.4399	2628854.4	1104837.763	2710.4399	0.0	0.0
1132	2628854.4	1104837.763	2710.4399	2628854.4	1104837.763	2710.4399	0.0	0.0
1133	2628854.4	1104837.763	2710.4399	2628854.4	1104837.763	2710.4399	0.0	0.0
1134	2628854.4	1104837.763	2710.4399	2628854.4	1104837.763	2710.4399	0.0	0.0
1139	2628815.298	1104888.582	2673.176	2628815.298	1104888.582	2673.176	0.0	0.0
1140	2628799.0601	1104890.215	2660.5649	2628799.418	1104890.641	2660.51	0.5590907083004014	0.0798701011857716
1144	2628690.575	1104858.106	2626.907	2628691.34	1104857.831	2626.6479	0.8532190864226592	0.1218884409175227
1145	2628665.793	1104856.036	2619.429	2628666.135	1104856.3	2619.104	0.5406338870125246	0.0772334124303606
1146	2628641.33	1104854.134	2612.2981	2628641.947	1104853.833	2612.5371	0.7269188400999737	0.1038455485857105
1152	2628432.035	1104816.164	2549.646	2628432.7209	1104816.18	2549.606	0.6872516350582676	0.0981788050083239
1156	2628400.313	1104893.338	2495.519	2628400.313	1104893.338	2495.519	0.0	0.0
1157	2628390.671	1104891.002	2490.071	2628390.671	1104891.002	2490.071	0.0	0.0
1158	2628390.671	1104891.002	2490.071	2628390.671	1104891.002	2490.071	0.0	0.0
1159	2628390.671	1104891.002	2490.071	2628390.671	1104891.002	2490.071	0.0	0.0
1170	2628932.5129	1104722.419	2800.6831	2628932.5129	1104722.419	2800.6831	0.0	0.0
1171	2628854.4	1104837.763	2710.4399	2628854.4	1104837.763	2710.4399	0.0	0.0
1172	2628854.4	1104837.763	2710.4399	2628854.4	1104837.763	2710.4399	0.0	0.0
1173	2628854.4	1104837.763	2710.4399	2628854.4	1104837.763	2710.4399	0.0	0.0
1174	2628854.4	1104837.763	2710.4399	2628854.4	1104837.763	2710.4399	0.0	0.0
1175	2628854.4	1104837.763	2710.4399	2628854.4	1104837.763	2710.4399	0.0	0.0
1176	2628854.4	1104837.763	2710.4399	2628854.4	1104837.763	2710.4399	0.0	0.0
1177	2628854.4	1104837.763	2710.4399	2628854.4	1104837.763	2710.4399	0.0	0.0
1178	2628854.4	1104837.763	2710.4399	2628854.4	1104837.763	2710.4399	0.0	0.0
1179	2628854.4	1104837.763	2710.4399	2628854.4	1104837.763	2710.4399	0.0	0.0
1184	2628809.6689	1104908.719	2658.116	2628809.6689	1104908.719	2658.116	0.0	0.0
1185	2628809.6689	1104908.719	2658.116	2628809.6689	1104908.719	2658.116	0.0	0.0
1186	2628789.1689	1104899.026	2647.9231	2628788.449	1104898.228	2647.312	1.2363265022491137	0.1766180717498733
1187	2628769.619	1104899.188	2640.8979	2628768.828	1104897.987	2640.3711	1.5315352558343325	0.218790750833476
1190	2628684.386	1104873.926	2614.2839	2628685.004	1104874.189	2614.012	0.7245844397494114	0.1035120628213445
1191	2628657.7	1104871.053	2605.312	2628658.261	1104871.189	2605.4419	0.5916848905523092	0.0845264129360441
1192	2628635.115	1104870.795	2599.9331	2628635.796	1104871.859	2599.5659	1.315557995622082	0.1879368565174402
1197	2628449.532	1104833.157	2542.2471	2628450.325	1104833.782	2541.7581	1.1218712047737358	0.1602673149676765
1198	2628406.711	1104823.446	2529.491	2628409.316	1104825.922	2529.52	3.5940843061930066	0.5134406151704295
1203	2628390.671	1104891.002	2490.071	2628390.671	1104891.002	2490.071	0.0	0.0
1204	2628390.671	1104891.002	2490.071	2628390.671	1104891.002	2490.071	0.0	0.0
1215	2628933.653	1104721.39	2801.0249	2628933.653	1104721.39	2801.0249	0.0	0.0
1216	2628854.4	1104837.763	2710.4399	2628854.4	1104837.763	2710.4399	0.0	0.0
1217	2628854.4	1104837.763	2710.4399	2628854.4	1104837.763	2710.4399	0.0	0.0
1218	2628854.4	1104837.763	2710.4399	2628854.4	1104837.763	2710.4399	0.0	0.0
1219	2628854.4	1104837.763	2710.4399	2628854.4	1104837.763	2710.4399	0.0	0.0
1220	2628854.4	1104837.763	2710.4399	2628854.4	1104837.763	2710.4399	0.0	0.0
1221	2628854.4	1104837.763	2710.4399	2628854.4	1104837.763	2710.4399	0.0	0.0
1222	2628854.4	1104837.763	2710.4399	2628854.4	1104837.763	2710.4399	0.0	0.0
1223	2628854.4	1104837.763	2710.4399	2628854.4	1104837.763	2710.4399	0.0	0.0
1229	2628815.298	1104888.582	2673.176	2628815.298	1104888.582	2673.176	0.0	0.0
1230	2628810.2419	1104907.786	2659.196	2628810.2419	1104907.786	2659.196	0.0	0.0
1231	2628802.103	1104920.144	2646.354	2628802.103	1104920.144	2646.354	0.0	0.0
1232	2628775.094	1104905.191	2632.5911	2628775.476	1104905.347	2632.6331	0.4147577603813069	0.0592511086259009
1237	2628646.53	1104884.782	2592.239	2628647.004	1104885.21	2591.855	0.7451952767137892	0.1064564681019698
1238	2628621.141	1104885.727	2585.5549	2628623.244	1104887.275	2585.4771	2.612463557707832	0.3732090796725474
1243	2628448.8	1104859.423	2533.377	2628438.788	1104852.044	2528.6799	13.294831078360144	1.8992615826228776
1244	2628402.342	1104846.263	2516.385	2628402.951	1104847.089	2516.3459	1.026978972253472	0.146711281750496
1247	2628390.671	1104891.002	2490.071	2628390.671	1104891.002	2490.071	0.0	0.0
1248	2628390.671	1104891.002	2490.071	2628390.671	1104891.002	2490.071	0.0	0.0
1249	2628390.671	1104891.002	2490.071	2628390.671	1104891.002	2490.071	0.0	0.0
1260	2628854.4	1104837.763	2710.4399	2628854.4	1104837.763	2710.4399	0.0	0.0
1261	2628854.4	1104837.763	2710.4399	2628854.4	1104837.763	2710.4399	0.0	0.0
1262	2628854.4	1104837.763	2710.4399	2628854.4	1104837.763	2710.4399	0.0	0.0
1263	2628854.4	1104837.763	2710.4399	2628854.4	1104837.763	2710.4399	0.0	0.0
1264	2628854.4	1104837.763	2710.4399	2628854.4	1104837.763	2710.4399	0.0	0.0
1265	2628854.4	1104837.763	2710.4399	2628854.4	1104837.763	2710.4399	0.0	0.0
1266	2628854.4	1104837.763	2710.4399	2628854.4	1104837.763	2710.4399	0.0	0.0
1267	2628854.4	1104837.763	2710.4399	2628854.4	1104837.763	2710.4399	0.0	0.0
1268	2628854.4	1104837.763	2710.4399	2628854.4	1104837.763	2710.4399	0.0	0.0
1274	2628815.298	1104888.582	2673.176	2628815.298	1104888.582	2673.176	0.0	0.0
1275	2628799.37	1104922.815	2642.4641	2628799.37	1104922.815	2642.4641	0.0	0.0
1276	2628799.37	1104922.815	2642.4641	2628799.37	1104922.815	2642.4641	0.0	0.0
1277	2628795.204	1104930.541	2636.0891	2628795.204	1104930.541	2636.0891	0.0	0.0
1278	2628771.957	1104925.255	2623.2939	2628768.808	1104922.309	2622.0471	4.488833616693768	0.6412619452419668
1284	2628615.329	1104902.582	2571.7539	2628615.217	1104902.502	2571.9719	0.2578138861941302	0.03683055517059
1290	2628396.952	1104866.493	2502.6111	2628396.23	1104866.473	2502.137	0.8639761629220364	0.1234251661317194
1291	2628400.313	1104893.338	2495.519	2628400.313	1104893.338	2495.519	0.0	0.0
1292	2628390.671	1104891.002	2490.071	2628390.671	1104891.002	2490.071	0.0	0.0
1293	2628390.671	1104891.002	2490.071	2628390.671	1104891.002	2490.071	0.0	0.0
1305	2628854.4	1104837.763	2710.4399	2628854.4	1104837.763	2710.4399	0.0	0.0
1306	2628854.4	1104837.763	2710.4399	2628854.4	1104837.763	2710.4399	0.0	0.0
1307	2628854.4	1104837.763	2710.4399	2628854.4	1104837.763	2710.4399	0.0	0.0
1308	2628854.4	1104837.763	2710.4399	2628854.4	1104837.763	2710.4399	0.0	0.0
1309	2628854.4	1104837.763	2710.4399	2628854.4	1104837.763	2710.4399	0.0	0.0
1310	2628854.4	1104837.763	2710.4399	2628854.4	1104837.763	2710.4399	0.0	0.0
1311	2628854.4	1104837.763	2710.4399	2628854.4	1104837.763	2710.4399	0.0	0.0
1312	2628854.4	1104837.763	2710.4399	2628854.4	1104837.763	2710.4399	0.0	0.0
1313	2628854.4	1104837.763	2710.4399	2628854.4	1104837.763	2710.4399	0.0	0.0
1319	2628815.298	1104888.582	2673.176	2628815.298	1104888.582	2673.176	0.0	0.0
1320	2628799.37	1104922.815	2642.4641	2628799.37	1104922.815	2642.4641	0.0	0.0
1321	2628799.37	1104922.815	2642.4641	2628799.37	1104922.815	2642.4641	0.0	0.0
1322	2628795.204	1104930.541	2636.0891	2628795.204	1104930.541	2636.0891	0.0	0.0
1323	2628785.127	1104944.916	2622.812	2628785.127	1104944.916	2622.812	0.0	0.0
1324	2628759.142	1104932.519	2611.207	2628759.017	1104933.056	2610.865	0.6488127619059832	0.0926875374151404
1330	2628607.674	1104915.78	2561.9761	2628608.7791	1104915.923	2562.2229	1.141317330790043	0.1630453329700061
1336	2628395.053	1104891.663	2492.647	2628395.053	1104891.663	2492.647	0.0	0.0
1338	2628373.755	1104923.795	2462.929	2628373.755	1104923.795	2462.929	0.0	0.0
1350	2628854.4	1104837.763	2710.4399	2628854.4	1104837.763	2710.4399	0.0	0.0
1351	2628854.4	1104837.763	2710.4399	2628854.4	1104837.763	2710.4399	0.0	0.0
1352	2628854.4	1104837.763	2710.4399	2628854.4	1104837.763	2710.4399	0.0	0.0
1353	2628854.4	1104837.763	2710.4399	2628854.4	1104837.763	2710.4399	0.0	0.0
1354	2628854.4	1104837.763	2710.4399	2628854.4	1104837.763	2710.4399	0.0	0.0
1355	2628854.4	1104837.763	2710.4399	2628854.4	1104837.763	2710.4399	0.0	0.0
1356	2628854.4	1104837.763	2710.4399	2628854.4	1104837.763	2710.4399	0.0	0.0
1357	2628854.4	1104837.763	2710.4399	2628854.4	1104837.763	2710.4399	0.0	0.0
1364	2628815.298	1104888.582	2673.176	2628815.298	1104888.582	2673.176	0.0	0.0
1365	2628799.37	1104922.815	2642.4641	2628799.37	1104922.815	2642.4641	0.0	0.0
1366	2628799.37	1104922.815	2642.4641	2628799.37	1104922.815	2642.4641	0.0	0.0
1367	2628795.204	1104930.541	2636.0891	2628795.204	1104930.541	2636.0891	0.0	0.0
1368	2628785.127	1104944.916	2622.812	2628785.127	1104944.916	2622.812	0.0	0.0
1369	2628778.855	1104955.219	2614.998	2628778.985	1104955.106	2615.1101	0.2055125543609201	0.0293589363372743
1370	2628756.075	1104949.886	2602.0139	2628755.707	1104950.162	2601.7781	0.5169155058834449	0.0738450722690635
1376	2628596.876	1104932.035	2549.7451	2628597.379	1104932.843	2549.1799	1.1069435578832745	0.1581347939833249
1377	2628572.5439	1104934.845	2539.1951	2628573.808	1104935.853	2538.9939	1.629261872901438	0.2327516961287768
1381	2628428.351	1104917.713	2494.1311	2628428.351	1104917.713	2494.1311	0.0	0.0
1383	2628373.755	1104923.795	2462.929	2628373.755	1104923.795	2462.929	0.0	0.0
1395	2628854.4	1104837.763	2710.4399	2628854.4	1104837.763	2710.4399	0.0	0.0
1396	2628854.4	1104837.763	2710.4399	2628854.4	1104837.763	2710.4399	0.0	0.0
1397	2628854.4	1104837.763	2710.4399	2628854.4	1104837.763	2710.4399	0.0	0.0
1398	2628854.4	1104837.763	2710.4399	2628854.4	1104837.763	2710.4399	0.0	0.0
1399	2628854.4	1104837.763	2710.4399	2628854.4	1104837.763	2710.4399	0.0	0.0
1400	2628854.4	1104837.763	2710.4399	2628854.4	1104837.763	2710.4399	0.0	0.0
1401	2628854.4	1104837.763	2710.4399	2628854.4	1104837.763	2710.4399	0.0	0.0
1402	2628854.4	1104837.763	2710.4399	2628854.4	1104837.763	2710.4399	0.0	0.0
1409	2628815.298	1104888.582	2673.176	2628815.298	1104888.582	2673.176	0.0	0.0
1410	2628799.37	1104922.815	2642.4641	2628799.37	1104922.815	2642.4641	0.0	0.0
1411	2628799.37	1104922.815	2642.4641	2628799.37	1104922.815	2642.4641	0.0	0.0
1412	2628795.204	1104930.541	2636.0891	2628795.204	1104930.541	2636.0891	0.0	0.0
1413	2628785.127	1104944.916	2622.812	2628785.127	1104944.916	2622.812	0.0	0.0
1414	2628778.859	1104955.271	2614.9619	2628778.859	1104955.271	2614.9619	0.0	0.0
1415	2628770.632	1104966.971	2606.2839	2628770.7629	1104967.491	2606.1399	0.5552214062475656	0.0793173437496522
1416	2628745.2679	1104962.072	2589.8091	2628750.036	1104967.52	2592.428	7.698968685536152	1.0998526693623074
1422	2628587.764	1104948.175	2535.802	2628588.0291	1104948.357	2535.6831	0.3428399334819342	0.048977133354562
1427	2628412.879	1104931.677	2478.1311	2628415.209	1104933.556	2478.2891	2.997416387306102	0.4282023410437289
1428	2628367.382	1104924.78	2458.053	2628367.439	1104925.241	2457.9221	0.4826021237546014	0.0689431605363716
1438	2628232.674	1105083.348	2325.905	2628232.674	1105083.348	2325.905	0.0	0.0
1440	2628854.4	1104837.763	2710.4399	2628854.4	1104837.763	2710.4399	0.0	0.0
1441	2628854.4	1104837.763	2710.4399	2628854.4	1104837.763	2710.4399	0.0	0.0
1442	2628854.4	1104837.763	2710.4399	2628854.4	1104837.763	2710.4399	0.0	0.0
1443	2628854.4	1104837.763	2710.4399	2628854.4	1104837.763	2710.4399	0.0	0.0
1444	2628854.4	1104837.763	2710.4399	2628854.4	1104837.763	2710.4399	0.0	0.0
1445	2628854.4	1104837.763	2710.4399	2628854.4	1104837.763	2710.4399	0.0	0.0
1446	2628854.4	1104837.763	2710.4399	2628854.4	1104837.763	2710.4399	0.0	0.0
1454	2628815.298	1104888.582	2673.176	2628815.298	1104888.582	2673.176	0.0	0.0
1455	2628799.37	1104922.815	2642.4641	2628799.37	1104922.815	2642.4641	0.0	0.0
1456	2628799.37	1104922.815	2642.4641	2628799.37	1104922.815	2642.4641	0.0	0.0
1457	2628795.204	1104930.541	2636.0891	2628795.204	1104930.541	2636.0891	0.0	0.0
1458	2628780.269	1104951.186	2617.572	2628780.269	1104951.186	2617.572	0.0	0.0
1459	2628778.728	1104955.479	2614.8259	2628778.859	1104955.271	2614.9619	0.280928816705403	0.0401326881007718
1460	2628763.744	1104977.947	2596.0569	2628763.744	1104977.947	2596.0569	0.0	0.0
1461	2628762.739	1104979.614	2593.9099	2628762.238	1104980.386	2593.0991	1.226532364016745	0.1752189091452492
1462	2628739.156	1104976.182	2579.7839	2628739.089	1104976.429	2579.552	0.3453630118600612	0.0493375731228658
1468	2628584.0229	1104966.004	2526.2219	2628584.0229	1104966.004	2526.2219	0.0	0.0
1469	2628556.576	1104968.704	2519.6509	2628556.265	1104969.373	2519.6731	0.7380886395546185	0.1054412342220883
1473	2628401.349	1104948.631	2463.168	2628401.009	1104948.842	2462.552	0.7345590513048288	0.1049370073292612
1481	2628241.918	1105048.145	2348.521	2628242.042	1105048.539	2348.438	0.4213086754724479	0.0601869536389211
1482	2628236.817	1105065.895	2338.406	2628236.817	1105065.895	2338.406	0.0	0.0
1483	2628232.674	1105083.348	2325.905	2628232.674	1105083.348	2325.905	0.0	0.0
1484	2628223.793	1105109.236	2304.512	2628223.708	1105109.57	2304.2971	0.4061563861556165	0.0580223408793737
1485	2628854.4	1104837.763	2710.4399	2628854.4	1104837.763	2710.4399	0.0	0.0
1486	2628854.4	1104837.763	2710.4399	2628854.4	1104837.763	2710.4399	0.0	0.0
1487	2628854.4	1104837.763	2710.4399	2628854.4	1104837.763	2710.4399	0.0	0.0
1488	2628854.4	1104837.763	2710.4399	2628854.4	1104837.763	2710.4399	0.0	0.0
1489	2628854.4	1104837.763	2710.4399	2628854.4	1104837.763	2710.4399	0.0	0.0
1490	2628854.4	1104837.763	2710.4399	2628854.4	1104837.763	2710.4399	0.0	0.0
1491	2628854.4	1104837.763	2710.4399	2628854.4	1104837.763	2710.4399	0.0	0.0
1499	2628815.298	1104888.582	2673.176	2628815.298	1104888.582	2673.176	0.0	0.0
1500	2628799.37	1104922.815	2642.4641	2628799.37	1104922.815	2642.4641	0.0	0.0
1501	2628799.37	1104922.815	2642.4641	2628799.37	1104922.815	2642.4641	0.0	0.0
1502	2628795.204	1104930.541	2636.0891	2628795.204	1104930.541	2636.0891	0.0	0.0
1503	2628780.269	1104951.186	2617.572	2628780.269	1104951.186	2617.572	0.0	0.0
1504	2628778.855	1104955.219	2614.998	2628763.744	1104977.947	2596.0569	33.22152275567525	4.745931822239322
1505	2628763.744	1104977.947	2596.0569	2628763.744	1104977.947	2596.0569	0.0	0.0
1506	2628757.032	1104988.28	2585.636	2628757.032	1104988.28	2585.636	0.0	0.0
1507	2628752.902	1104994.469	2579.9529	2628752.902	1104994.469	2579.9529	0.0	0.0
1514	2628577.5861	1104985.629	2516.77	2628577.567	1104985.969	2516.624	0.3705142508228263	0.0529306072604037
1515	2628560.283	1104995.802	2510.438	2628559.161	1104996.095	2509.6909	1.3794533011228265	0.1970647573032609
1519	2628386.795	1104965.593	2446.1431	2628389.37	1104967.816	2445.9351	3.4081693034458875	0.4868813290636982
1520	2628352.468	1104966.81	2433.7	2628355.9	1104968.303	2433.8779	3.746908246842277	0.5352726066917539
1525	2628250.073	1105028.778	2354.488	2628250.332	1105028.453	2354.917	0.5972830150023778	0.0853261450003396
1526	2628241.614	1105048.745	2348.304	2628241.504	1105049.724	2347.4131	1.3282483990630969	0.1897497712947281
1527	2628236.817	1105065.895	2338.406	2628236.817	1105065.895	2338.406	0.0	0.0
1528	2628232.674	1105083.348	2325.905	2628232.674	1105083.348	2325.905	0.0	0.0
1529	2628224.215	1105107.883	2305.3821	2628223.871	1105108.156	2305.249	0.458890629728484	0.0655558042469262
1530	2628854.4	1104837.763	2710.4399	2628854.4	1104837.763	2710.4399	0.0	0.0
1531	2628854.4	1104837.763	2710.4399	2628854.4	1104837.763	2710.4399	0.0	0.0
1532	2628854.4	1104837.763	2710.4399	2628854.4	1104837.763	2710.4399	0.0	0.0
1533	2628854.4	1104837.763	2710.4399	2628854.4	1104837.763	2710.4399	0.0	0.0
1534	2628854.4	1104837.763	2710.4399	2628854.4	1104837.763	2710.4399	0.0	0.0
1535	2628854.4	1104837.763	2710.4399	2628854.4	1104837.763	2710.4399	0.0	0.0
1544	2628815.298	1104888.582	2673.176	2628815.298	1104888.582	2673.176	0.0	0.0
1545	2628810.2419	1104907.786	2659.196	2628810.2419	1104907.786	2659.196	0.0	0.0
1546	2628799.37	1104922.815	2642.4641	2628799.37	1104922.815	2642.4641	0.0	0.0
1547	2628794.8781	1104931.049	2635.719	2628794.865	1104931.101	2635.6831	0.0645323173369281	0.009218902476704
1548	2628780.269	1104951.186	2617.572	2628780.269	1104951.186	2617.572	0.0	0.0
1549	2628779.082	1104954.9	2615.282	2628778.859	1104955.271	2614.9619	0.5383623407402759	0.0769089058200394
1550	2628763.744	1104977.947	2596.0569	2628763.744	1104977.947	2596.0569	0.0	0.0
1551	2628761.923	1104980.868	2592.5349	2628761.923	1104980.868	2592.5349	0.0	0.0
1552	2628747.616	1105002.507	2572.6851	2628747.616	1105002.507	2572.6851	0.0	0.0
1553	2628744.382	1105007.316	2568.2571	2628744.382	1105007.316	2568.2571	0.0	0.0
1559	2628587.125	1104992.615	2507.1021	2628587.0959	1104992.235	2507.345	0.4519371858020598	0.0645624551145799
1560	2628574.752	1105004.957	2507.5459	2628574.484	1105005.667	2507.8401	0.8139272939159022	0.1162753277022717
1561	2628554.657	1105010.953	2500.3621	2628554.877	1105011.112	2500.1941	0.3192256253504879	0.0456036607643554
1565	2628372.314	1104980.873	2427.719	2628372.456	1104981.368	2427.3159	0.6539714138313089	0.0934244876901869
1570	2628250.921	1105031.735	2354.7041	2628249.331	1105031.906	2354.1699	1.6860339975688372	0.240861999652691
1571	2628242.183	1105050.022	2347.2051	2628241.882	1105048.865	2348.2351	1.5780209124946634	0.225431558927809
1572	2628236.817	1105065.895	2338.406	2628236.817	1105065.895	2338.406	0.0	0.0
1573	2628234.41	1105085.582	2325.761	2628234.41	1105085.582	2325.761	0.0	0.0
1574	2628223.387	1105109.953	2304.2351	2628223.387	1105109.953	2304.2351	0.0	0.0
1575	2628854.4	1104837.763	2710.4399	2628854.4	1104837.763	2710.4399	0.0	0.0
1576	2628854.4	1104837.763	2710.4399	2628854.4	1104837.763	2710.4399	0.0	0.0
1577	2628854.4	1104837.763	2710.4399	2628854.4	1104837.763	2710.4399	0.0	0.0
1578	2628854.4	1104837.763	2710.4399	2628854.4	1104837.763	2710.4399	0.0	0.0
1579	2628854.4	1104837.763	2710.4399	2628854.4	1104837.763	2710.4399	0.0	0.0
1580	2628854.4	1104837.763	2710.4399	2628854.4	1104837.763	2710.4399	0.0	0.0
1589	2628815.298	1104888.582	2673.176	2628815.298	1104888.582	2673.176	0.0	0.0
1590	2628799.37	1104922.815	2642.4641	2628799.37	1104922.815	2642.4641	0.0	0.0
1591	2628799.37	1104922.815	2642.4641	2628799.37	1104922.815	2642.4641	0.0	0.0
1592	2628795.204	1104930.541	2636.0891	2628795.204	1104930.541	2636.0891	0.0	0.0
1593	2628785.127	1104944.916	2622.812	2628785.127	1104944.916	2622.812	0.0	0.0
1594	2628779.082	1104954.9	2615.282	2628779.0341	1104954.956	2615.22	0.0963037383632369	0.0137576769090338
1595	2628763.744	1104977.947	2596.0569	2628763.744	1104977.947	2596.0569	0.0	0.0
1596	2628762.739	1104979.614	2593.9099	2628762.501	1104979.986	2593.468	0.6247428350378879	0.0892489764339839
1597	2628747.616	1105002.507	2572.6851	2628747.616	1105002.507	2572.6851	0.0	0.0
1598	2628745.775	1105005.287	2570.0171	2628746.085	1105004.59	2570.5811	0.9486859332430372	0.1355265618918624
1599	2628735.358	1105015.115	2559.02	2628736.71	1105016.564	2559.604	2.0660496121690066	0.2951499445955723
1605	2628579.09	1105009.365	2495.019	2628578.668	1105009.798	2494.98	0.6058828267799732	0.0865546895399961
1606	2628561.808	1105017.717	2495.479	2628562.0649	1105018.209	2495.5549	0.5601985541246886	0.0800283648749555
1607	2628544.1121	1105025.336	2489.606	2628543.91	1105025.904	2489.165	0.7469601128452443	0.1067085875493206
1615	2628250.073	1105028.778	2354.488	2628250.751	1105028.256	2355.1101	1.0579113433033152	0.1511301919004735
1616	2628249.355	1105033.625	2354.8679	2628249.355	1105033.625	2354.8679	0.0	0.0
1617	2628235.54	1105069.837	2334.8589	2628235.54	1105069.837	2334.8589	0.0	0.0
1618	2628249.355	1105033.625	2354.8679	2628249.355	1105033.625	2354.8679	0.0	0.0
1619	2628223.387	1105109.953	2304.2351	2628223.793	1105109.236	2304.512	0.8692517528825754	0.1241788218403679
1620	2628854.4	1104837.763	2710.4399	2628854.4	1104837.763	2710.4399	0.0	0.0
1621	2628854.4	1104837.763	2710.4399	2628854.4	1104837.763	2710.4399	0.0	0.0
1622	2628854.4	1104837.763	2710.4399	2628854.4	1104837.763	2710.4399	0.0	0.0
1623	2628854.4	1104837.763	2710.4399	2628854.4	1104837.763	2710.4399	0.0	0.0
1624	2628854.4	1104837.763	2710.4399	2628854.4	1104837.763	2710.4399	0.0	0.0
1625	2628854.4	1104837.763	2710.4399	2628854.4	1104837.763	2710.4399	0.0	0.0
1634	2628815.298	1104888.582	2673.176	2628815.298	1104888.582	2673.176	0.0	0.0
1635	2628799.37	1104922.815	2642.4641	2628799.37	1104922.815	2642.4641	0.0	0.0
1636	2628799.37	1104922.815	2642.4641	2628799.37	1104922.815	2642.4641	0.0	0.0
1637	2628795.204	1104930.541	2636.0891	2628795.204	1104930.541	2636.0891	0.0	0.0
1638	2628785.127	1104944.916	2622.812	2628785.127	1104944.916	2622.812	0.0	0.0
1639	2628763.744	1104977.947	2596.0569	2628763.744	1104977.947	2596.0569	0.0	0.0
1640	2628763.744	1104977.947	2596.0569	2628763.744	1104977.947	2596.0569	0.0	0.0
1641	2628761.891	1104980.679	2592.7051	2628761.891	1104980.679	2592.7051	0.0	0.0
1642	2628754.442	1104992.073	2582.4351	2628754.248	1104992.485	2582.165	0.5294657778182331	0.0756379682597475
1643	2628745.526	1105005.651	2569.7209	2628745.3051	1105005.797	2569.4861	0.3538980785726917	0.0505568683675273
1645	2628722.469	1105025.003	2548.0281	2628722.723	1105024.968	2548.2749	0.3558809352727328	0.0508401336103904
1651	2628574.244	1105024.597	2485.5281	2628573.198	1105024.442	2485.3311	1.0756161026108462	0.1536594432301208
1652	2628553.903	1105034.099	2480.7439	2628552.972	1105034.208	2479.646	1.4436157417356958	0.2062308202479565
1653	2628535.421	1105041.949	2476.6069	2628536.423	1105042.142	2476.8521	1.0494646443364328	0.1499235206194904
1660	2628250.073	1105028.778	2354.488	2628250.073	1105028.778	2354.488	0.0	0.0
1661	2628241.918	1105048.145	2348.521	2628241.97	1105047.709	2348.771	0.505272203869709	0.0721817434099584
1662	2628236.817	1105065.895	2338.406	2628236.817	1105065.895	2338.406	0.0	0.0
1663	2628230.368	1105086.962	2321.436	2628230.368	1105086.962	2321.436	0.0	0.0
1664	2628224.613	1105106.068	2306.644	2628224.613	1105106.068	2306.644	0.0	0.0
1665	2628854.4	1104837.763	2710.4399	2628854.4	1104837.763	2710.4399	0.0	0.0
1666	2628854.4	1104837.763	2710.4399	2628854.4	1104837.763	2710.4399	0.0	0.0
1667	2628854.4	1104837.763	2710.4399	2628854.4	1104837.763	2710.4399	0.0	0.0
1668	2628854.4	1104837.763	2710.4399	2628854.4	1104837.763	2710.4399	0.0	0.0
1669	2628854.4	1104837.763	2710.4399	2628854.4	1104837.763	2710.4399	0.0	0.0
1679	2628811.058	1104887.483	2669.3911	2628815.298	1104888.582	2673.176	5.788857314513103	0.8269796163590147
1680	2628799.37	1104922.815	2642.4641	2628799.37	1104922.815	2642.4641	0.0	0.0
1681	2628799.37	1104922.815	2642.4641	2628799.37	1104922.815	2642.4641	0.0	0.0
1682	2628794.8781	1104931.049	2635.719	2628794.865	1104931.101	2635.6831	0.0645323173369281	0.009218902476704
1683	2628785.127	1104944.916	2622.812	2628785.127	1104944.916	2622.812	0.0	0.0
1684	2628763.744	1104977.947	2596.0569	2628763.744	1104977.947	2596.0569	0.0	0.0
1685	2628763.744	1104977.947	2596.0569	2628763.744	1104977.947	2596.0569	0.0	0.0
1686	2628762.238	1104980.386	2593.0991	2628762.0861	1104980.188	2593.134	0.2519833723192637	0.0359976246170376
1687	2628753.824	1104993.114	2581.3301	2628753.292	1104993.211	2580.7981	0.7585888214960754	0.1083698316422965
1688	2628745.613	1105005.437	2569.8811	2628745.1689	1105006.179	2569.241	1.0758795565003934	0.1536970795000562
1697	2628565.046	1105041.693	2472.3799	2628564.585	1105041.775	2472.3621	0.4685742631711617	0.0669391804530231
1698	2628549.6281	1105051.084	2470.8379	2628549.551	1105051.126	2470.9209	0.1208197416519262	0.0172599630931323
1699	2628524.354	1105054.497	2463.749	2628524.1689	1105054.395	2463.855	0.23643605890119	0.0337765798430271
1705	2628260.375	1105035.267	2354.5239	2628259.018	1105035.843	2353.9319	1.588612287410198	0.2269446124871711
1706	2628241.734	1105049.349	2347.356	2628241.734	1105049.349	2347.356	0.0	0.0
1707	2628235.667	1105069.478	2335.085	2628236.817	1105065.895	2338.406	5.018907251467946	0.7169867502097065
1708	2628230.368	1105086.962	2321.436	2628229.799	1105088.381	2319.936	2.141803445605324	0.3059719208007605
1709	2628224.613	1105106.068	2306.644	2628224.613	1105106.068	2306.644	0.0	0.0
1710	2628854.4	1104837.763	2710.4399	2628854.4	1104837.763	2710.4399	0.0	0.0
1711	2628854.4	1104837.763	2710.4399	2628854.4	1104837.763	2710.4399	0.0	0.0
1712	2628854.4	1104837.763	2710.4399	2628854.4	1104837.763	2710.4399	0.0	0.0
1713	2628854.4	1104837.763	2710.4399	2628854.4	1104837.763	2710.4399	0.0	0.0
1714	2628854.4	1104837.763	2710.4399	2628854.4	1104837.763	2710.4399	0.0	0.0
1724	2628815.298	1104888.582	2673.176	2628815.298	1104888.582	2673.176	0.0	0.0
1725	2628799.37	1104922.815	2642.4641	2628799.37	1104922.815	2642.4641	0.0	0.0
1726	2628799.37	1104922.815	2642.4641	2628799.37	1104922.815	2642.4641	0.0	0.0
1727	2628795.204	1104930.541	2636.0891	2628795.204	1104930.541	2636.0891	0.0	0.0
1728	2628785.127	1104944.916	2622.812	2628785.127	1104944.916	2622.812	0.0	0.0
1729	2628763.744	1104977.947	2596.0569	2628763.744	1104977.947	2596.0569	0.0	0.0
1730	2628763.744	1104977.947	2596.0569	2628763.744	1104977.947	2596.0569	0.0	0.0
1731	2628762.238	1104980.386	2593.0991	2628761.991	1104980.412	2592.9619	0.2837407971914361	0.0405343995987765
1743	2628558.4449	1105057.66	2462.3269	2628557.989	1105058.26	2462.157	0.772470594948057	0.1103529421354367
1744	2628539.551	1105065.141	2459.658	2628539.333	1105065.022	2459.739	0.2612393537237624	0.0373199076748232
1745	2628517.538	1105069.44	2451.5969	2628517.261	1105069.698	2451.3931	0.4299156198674829	0.0614165171239261
1748	2628382.612	1105057.262	2395.624	2628382.236	1105057.084	2395.6799	0.419743743430627	0.059963391918661
1751	2628256.031	1105056.072	2343.1189	2628254.62	1105055.902	2342.623	1.5052367951732837	0.2150338278818976
1752	2628235.64	1105069.017	2335.761	2628236.22	1105067.289	2337.238	2.346041985918697	0.3351488551312424
1753	2628230.368	1105086.962	2321.436	2628230.092	1105087.722	2320.6509	1.1270128702886542	0.1610018386126648
1754	2628224.613	1105106.068	2306.644	2628220.716	1105118.81	2298.4541	15.640320809089944	2.2343315441557063
1755	2628854.4	1104837.763	2710.4399	2628854.4	1104837.763	2710.4399	0.0	0.0
1756	2628854.4	1104837.763	2710.4399	2628854.4	1104837.763	2710.4399	0.0	0.0
1757	2628854.4	1104837.763	2710.4399	2628854.4	1104837.763	2710.4399	0.0	0.0
1758	2628854.4	1104837.763	2710.4399	2628854.4	1104837.763	2710.4399	0.0	0.0
1769	2628815.298	1104888.582	2673.176	2628815.298	1104888.582	2673.176	0.0	0.0
1770	2628799.37	1104922.815	2642.4641	2628810.2419	1104907.786	2659.196	24.98050296148792	3.56864328021256
1771	2628799.37	1104922.815	2642.4641	2628799.37	1104922.815	2642.4641	0.0	0.0
1772	2628795.204	1104930.541	2636.0891	2628795.204	1104930.541	2636.0891	0.0	0.0
1773	2628785.127	1104944.916	2622.812	2628785.127	1104944.916	2622.812	0.0	0.0
1774	2628779.082	1104954.9	2615.282	2628779.082	1104954.9	2615.282	0.0	0.0
1775	2628763.744	1104977.947	2596.0569	2628763.744	1104977.947	2596.0569	0.0	0.0
1789	2628554.921	1105074.109	2454.2891	2628554.844	1105074.05	2454.5491	0.277506756665173	0.039643822380739
1790	2628531.972	1105080.516	2448.1631	2628531.972	1105080.516	2448.1631	0.0	0.0
1791	2628508.329	1105084.935	2438.4299	2628508.329	1105084.935	2438.4299	0.0	0.0
1794	2628377.554	1105072.117	2381.707	2628378.068	1105072.061	2381.3081	0.6530338505593251	0.0932905500799035
1797	2628248.09	1105075.046	2329.4241	2628248.09	1105075.046	2329.4241	0.0	0.0
1798	2628230.243	1105088.142	2320.177	2628229.799	1105088.381	2319.936	0.5588720781485392	0.0798388683069341
1799	2628224.613	1105106.068	2306.644	2628224.613	1105106.068	2306.644	0.0	0.0
1800	2628854.4	1104837.763	2710.4399	2628854.4	1104837.763	2710.4399	0.0	0.0
1801	2628854.4	1104837.763	2710.4399	2628854.4	1104837.763	2710.4399	0.0	0.0
1802	2628854.4	1104837.763	2710.4399	2628854.4	1104837.763	2710.4399	0.0	0.0
1803	2628854.4	1104837.763	2710.4399	2628854.4	1104837.763	2710.4399	0.0	0.0
1814	2628815.298	1104888.582	2673.176	2628815.298	1104888.582	2673.176	0.0	0.0
1815	2628799.37	1104922.815	2642.4641	2628799.37	1104922.815	2642.4641	0.0	0.0
1816	2628799.37	1104922.815	2642.4641	2628799.37	1104922.815	2642.4641	0.0	0.0
1817	2628795.204	1104930.541	2636.0891	2628795.204	1104930.541	2636.0891	0.0	0.0
1818	2628785.127	1104944.916	2622.812	2628785.127	1104944.916	2622.812	0.0	0.0
1819	2628763.744	1104977.947	2596.0569	2628763.744	1104977.947	2596.0569	0.0	0.0
1820	2628763.744	1104977.947	2596.0569	2628763.744	1104977.947	2596.0569	0.0	0.0
1835	2628547.126	1105091.872	2443.489	2628547.049	1105092.215	2443.334	0.3841913586780795	0.0548844798111542
1836	2628531.1949	1105099.222	2439.3611	2628530.334	1105099.475	2438.7729	1.072910550961066	0.1532729358515809
1837	2628498.536	1105098.901	2426.3511	2628498.787	1105099.154	2426.103	0.4342391162658857	0.0620341594665551
1838	2628466.217	1105102.42	2413.137	2628467.421	1105102.664	2413.3	1.2392421070448187	0.1770345867206884
1839	2628408.688	1105091.473	2384.7949	2628408.706	1105091.155	2384.9729	0.3648725804579387	0.0521246543511341
1840	2628359.242	1105086.556	2364.0959	2628359.242	1105086.556	2364.0959	0.0	0.0
1842	2628269.316	1105086.038	2325.77	2628268.825	1105085.507	2325.7671	0.7232222410017947	0.1033174630002563
1843	2628237.838	1105093.858	2314.4199	2628237.494	1105094.115	2314.2029	0.4811174492984241	0.0687310641854891
1844	2628224.613	1105106.068	2306.644	2628224.613	1105106.068	2306.644	0.0	0.0
1845	2628854.4	1104837.763	2710.4399	2628854.4	1104837.763	2710.4399	0.0	0.0
1846	2628854.4	1104837.763	2710.4399	2628854.4	1104837.763	2710.4399	0.0	0.0
1847	2628854.4	1104837.763	2710.4399	2628854.4	1104837.763	2710.4399	0.0	0.0
1860	2628799.37	1104922.815	2642.4641	2628799.37	1104922.815	2642.4641	0.0	0.0
1861	2628799.37	1104922.815	2642.4641	2628799.37	1104922.815	2642.4641	0.0	0.0
1881	2628544.071	1105106.788	2433.821	2628543.7679	1105106.904	2433.854	0.3262125229326147	0.0466017889903735
1882	2628524.63	1105115.168	2429.498	2628526.326	1105116.824	2429.6279	2.3739473477420723	0.3391353353917246
1883	2628495.933	1105117.526	2417.345	2628496.576	1105117.791	2417.4451	0.7026336239805893	0.100376231997227
1884	2628460.3571	1105117.926	2402.616	2628461.463	1105119.049	2402.5991	1.5762072896598032	0.2251724699514004
1885	2628391.706	1105104.472	2366.8511	2628393.172	1105105.389	2367.146	1.7541411031782514	0.2505915861683216
1888	2628259.099	1105105.848	2310.5979	2628259.559	1105106.027	2310.625	0.4943434129904531	0.0706204875700647
1889	2628230.168	1105113.672	2301.592	2628231.156	1105114.417	2301.0061	1.3691047474950682	0.1955863924992954
1890	2628854.4	1104837.763	2710.4399	2628854.4	1104837.763	2710.4399	0.0	0.0
1891	2628854.4	1104837.763	2710.4399	2628854.4	1104837.763	2710.4399	0.0	0.0
1892	2628854.4	1104837.763	2710.4399	2628854.4	1104837.763	2710.4399	0.0	0.0
1905	2628799.37	1104922.815	2642.4641	2628799.37	1104922.815	2642.4641	0.0	0.0
1927	2628534.838	1105121.638	2421.1641	2628534.08	1105122.269	2420.967	1.0057700581822224	0.1436814368831746
1928	2628516.694	1105132.215	2417.0979	2628516.902	1105132.812	2416.7429	0.7250503428384848	0.1035786204054978
1929	2628489.929	1105134.305	2406.7859	2628489.963	1105134.623	2406.394	0.5058316023936162	0.0722616574848023
1930	2628451.052	1105133.79	2390.491	2628451.939	1105134.677	2390.947	1.3347186966290236	0.1906740995184319
1934	2628254.423	1105124.093	2298.1509	2628256.604	1105124.872	2298.155	2.315948792439756	0.3308498274913937
1935	2628854.4	1104837.763	2710.4399	2628854.4	1104837.763	2710.4399	0.0	0.0
1936	2628854.4	1104837.763	2710.4399	2628854.4	1104837.763	2710.4399	0.0	0.0
1973	2628520.9611	1105133.986	2406.6479	2628519.7581	1105134.646	2405.4519	1.820226634043042	0.2600323762918631
1974	2628511.161	1105146.618	2406.4861	2628511.495	1105147.106	2406.085	0.7145496554298464	0.1020785222042637
1975	2628478.049	1105147.993	2392.7939	2628478.543	1105148.206	2392.7029	0.5456060849584539	0.0779437264226362
1976	2628454.1	1105154.944	2385.356	2628454.073	1105155.287	2385.248	0.3606133664856307	0.0515161952122329
1977	2628372.977	1105137.128	2341.0229	2628372.888	1105137.168	2340.4771	0.5544534606529457	0.0792076372361351
1980	2628854.4	1104837.763	2710.4399	2628854.4	1104837.763	2710.4399	0.0	0.0
1981	2628854.4	1104837.763	2710.4399	2628854.4	1104837.763	2710.4399	0.0	0.0
2019	2628517.1071	1105149.999	2400.4929	2628517.1071	1105149.999	2400.4929	0.0	0.0
2020	2628494.335	1105157.066	2391.4509	2628493.792	1105156.852	2391.436	0.5838381711862781	0.0834054530266111
2021	2628464.756	1105160.858	2379.2661	2628464.756	1105160.858	2379.2661	0.0	0.0
2022	2628448.324	1105172.613	2374.833	2628448.87	1105172.877	2374.4341	0.7259016532581917	0.1037002361797416
