ID	X_x	Y_x	Z_x	X_y	Y_y	Z_y	Distances	Velocity
10	2628632.103	1104505.282	2802.4541	2628632.103	1104505.282	2802.4541	0.0	0.0
11	2628632.103	1104505.282	2802.4541	2628632.103	1104505.282	2802.4541	0.0	0.0
12	2628632.103	1104505.282	2802.4541	2628632.103	1104505.282	2802.4541	0.0	0.0
13	2628632.103	1104505.282	2802.4541	2628632.103	1104505.282	2802.4541	0.0	0.0
14	2628564.757	1104513.436	2769.6909	2628564.757	1104513.436	2769.6909	0.0	0.0
15	2628564.757	1104513.436	2769.6909	2628564.757	1104513.436	2769.6909	0.0	0.0
16	2628564.757	1104513.436	2769.6909	2628564.757	1104513.436	2769.6909	0.0	0.0
17	2628564.757	1104513.436	2769.6909	2628564.757	1104513.436	2769.6909	0.0	0.0
18	2628564.757	1104513.436	2769.6909	2628564.757	1104513.436	2769.6909	0.0	0.0
19	2628564.757	1104513.436	2769.6909	2628564.757	1104513.436	2769.6909	0.0	0.0
20	2628564.757	1104513.436	2769.6909	2628564.757	1104513.436	2769.6909	0.0	0.0
21	2628564.757	1104513.436	2769.6909	2628564.757	1104513.436	2769.6909	0.0	0.0
22	2628425.899	1104658.338	2643.72	2628425.899	1104658.338	2643.72	0.0	0.0
23	2628419.439	1104670.181	2637.4299	2628419.439	1104670.181	2637.4299	0.0	0.0
24	2628419.439	1104670.181	2637.4299	2628419.439	1104670.181	2637.4299	0.0	0.0
25	2628399.423	1104728.827	2591.457	2628396.415	1104727.809	2590.585	3.2931401427517204	0.4704485918216743
26	2628397.009	1104733.501	2587.8831	2628397.009	1104733.501	2587.8831	0.0	0.0
27	2628397.009	1104733.501	2587.8831	2628397.009	1104733.501	2587.8831	0.0	0.0
28	2628397.009	1104733.501	2587.8831	2628397.009	1104733.501	2587.8831	0.0	0.0
29	2628397.009	1104733.501	2587.8831	2628397.009	1104733.501	2587.8831	0.0	0.0
30	2628397.009	1104733.501	2587.8831	2628397.009	1104733.501	2587.8831	0.0	0.0
31	2628397.009	1104733.501	2587.8831	2628397.009	1104733.501	2587.8831	0.0	0.0
32	2628397.009	1104733.501	2587.8831	2628397.009	1104733.501	2587.8831	0.0	0.0
33	2628373.755	1104923.795	2462.929	2628373.755	1104923.795	2462.929	0.0	0.0
55	2628632.103	1104505.282	2802.4541	2628632.103	1104505.282	2802.4541	0.0	0.0
56	2628632.103	1104505.282	2802.4541	2628632.103	1104505.282	2802.4541	0.0	0.0
57	2628632.103	1104505.282	2802.4541	2628632.103	1104505.282	2802.4541	0.0	0.0
58	2628632.103	1104505.282	2802.4541	2628632.103	1104505.282	2802.4541	0.0	0.0
59	2628564.757	1104513.436	2769.6909	2628564.757	1104513.436	2769.6909	0.0	0.0
60	2628564.757	1104513.436	2769.6909	2628564.757	1104513.436	2769.6909	0.0	0.0
61	2628564.757	1104513.436	2769.6909	2628564.757	1104513.436	2769.6909	0.0	0.0
62	2628564.757	1104513.436	2769.6909	2628564.757	1104513.436	2769.6909	0.0	0.0
63	2628564.757	1104513.436	2769.6909	2628564.757	1104513.436	2769.6909	0.0	0.0
64	2628564.757	1104513.436	2769.6909	2628564.757	1104513.436	2769.6909	0.0	0.0
65	2628564.757	1104513.436	2769.6909	2628564.757	1104513.436	2769.6909	0.0	0.0
66	2628564.757	1104513.436	2769.6909	2628564.757	1104513.436	2769.6909	0.0	0.0
67	2628428.046	1104663.164	2643.2561	2628428.046	1104663.164	2643.2561	0.0	0.0
68	2628419.439	1104670.181	2637.4299	2628419.439	1104670.181	2637.4299	0.0	0.0
69	2628419.439	1104670.181	2637.4299	2628419.439	1104670.181	2637.4299	0.0	0.0
70	2628395.987	1104719.162	2600.8081	2628395.987	1104719.162	2600.8081	0.0	0.0
71	2628397.009	1104733.501	2587.8831	2628397.009	1104733.501	2587.8831	0.0	0.0
72	2628397.009	1104733.501	2587.8831	2628397.009	1104733.501	2587.8831	0.0	0.0
73	2628397.009	1104733.501	2587.8831	2628397.009	1104733.501	2587.8831	0.0	0.0
74	2628397.009	1104733.501	2587.8831	2628397.009	1104733.501	2587.8831	0.0	0.0
75	2628397.009	1104733.501	2587.8831	2628397.009	1104733.501	2587.8831	0.0	0.0
76	2628397.009	1104733.501	2587.8831	2628397.009	1104733.501	2587.8831	0.0	0.0
77	2628397.009	1104733.501	2587.8831	2628397.009	1104733.501	2587.8831	0.0	0.0
78	2628362.306	1104925.207	2455.061	2628362.306	1104925.207	2455.061	0.0	0.0
100	2628632.103	1104505.282	2802.4541	2628632.103	1104505.282	2802.4541	0.0	0.0
101	2628632.103	1104505.282	2802.4541	2628632.103	1104505.282	2802.4541	0.0	0.0
102	2628632.103	1104505.282	2802.4541	2628632.103	1104505.282	2802.4541	0.0	0.0
103	2628632.103	1104505.282	2802.4541	2628632.103	1104505.282	2802.4541	0.0	0.0
104	2628564.757	1104513.436	2769.6909	2628564.757	1104513.436	2769.6909	0.0	0.0
105	2628564.757	1104513.436	2769.6909	2628564.757	1104513.436	2769.6909	0.0	0.0
106	2628564.757	1104513.436	2769.6909	2628564.757	1104513.436	2769.6909	0.0	0.0
107	2628564.757	1104513.436	2769.6909	2628564.757	1104513.436	2769.6909	0.0	0.0
108	2628564.757	1104513.436	2769.6909	2628564.757	1104513.436	2769.6909	0.0	0.0
109	2628564.757	1104513.436	2769.6909	2628564.757	1104513.436	2769.6909	0.0	0.0
110	2628564.757	1104513.436	2769.6909	2628564.757	1104513.436	2769.6909	0.0	0.0
111	2628564.757	1104513.436	2769.6909	2628564.757	1104513.436	2769.6909	0.0	0.0
112	2628428.046	1104663.164	2643.2561	2628425.375	1104659.975	2642.7649	4.188703790023915	0.5983862557177021
113	2628419.439	1104670.181	2637.4299	2628419.439	1104670.181	2637.4299	0.0	0.0
114	2628419.439	1104670.181	2637.4299	2628419.439	1104670.181	2637.4299	0.0	0.0
115	2628397.569	1104723.089	2596.342	2628397.839	1104723.888	2595.6021	1.1219416251279084	0.1602773750182726
116	2628397.009	1104733.501	2587.8831	2628397.009	1104733.501	2587.8831	0.0	0.0
117	2628397.009	1104733.501	2587.8831	2628397.009	1104733.501	2587.8831	0.0	0.0
118	2628397.009	1104733.501	2587.8831	2628397.009	1104733.501	2587.8831	0.0	0.0
119	2628397.009	1104733.501	2587.8831	2628397.009	1104733.501	2587.8831	0.0	0.0
120	2628397.009	1104733.501	2587.8831	2628397.009	1104733.501	2587.8831	0.0	0.0
121	2628397.009	1104733.501	2587.8831	2628397.009	1104733.501	2587.8831	0.0	0.0
122	2628397.009	1104733.501	2587.8831	2628397.009	1104733.501	2587.8831	0.0	0.0
123	2628373.755	1104923.795	2462.929	2628373.755	1104923.795	2462.929	0.0	0.0
145	2628632.103	1104505.282	2802.4541	2628632.103	1104505.282	2802.4541	0.0	0.0
146	2628632.103	1104505.282	2802.4541	2628632.103	1104505.282	2802.4541	0.0	0.0
147	2628632.103	1104505.282	2802.4541	2628632.103	1104505.282	2802.4541	0.0	0.0
148	2628632.103	1104505.282	2802.4541	2628632.103	1104505.282	2802.4541	0.0	0.0
149	2628564.757	1104513.436	2769.6909	2628564.757	1104513.436	2769.6909	0.0	0.0
150	2628564.757	1104513.436	2769.6909	2628564.757	1104513.436	2769.6909	0.0	0.0
151	2628564.757	1104513.436	2769.6909	2628564.757	1104513.436	2769.6909	0.0	0.0
152	2628564.757	1104513.436	2769.6909	2628564.757	1104513.436	2769.6909	0.0	0.0
153	2628564.757	1104513.436	2769.6909	2628564.757	1104513.436	2769.6909	0.0	0.0
155	2628564.757	1104513.436	2769.6909	2628564.757	1104513.436	2769.6909	0.0	0.0
156	2628442.646	1104630.67	2666.2451	2628442.646	1104630.67	2666.2451	0.0	0.0
157	2628427.089	1104662.762	2642.6919	2628427.089	1104662.762	2642.6919	0.0	0.0
158	2628419.439	1104670.181	2637.4299	2628419.439	1104670.181	2637.4299	0.0	0.0
159	2628419.439	1104670.181	2637.4299	2628419.439	1104670.181	2637.4299	0.0	0.0
160	2628396.706	1104715.09	2605.303	2628397.903	1104713.575	2607.428	2.871177284804712	0.4101681835435302
161	2628397.009	1104733.501	2587.8831	2628397.009	1104733.501	2587.8831	0.0	0.0
162	2628397.009	1104733.501	2587.8831	2628397.009	1104733.501	2587.8831	0.0	0.0
163	2628397.009	1104733.501	2587.8831	2628397.009	1104733.501	2587.8831	0.0	0.0
164	2628397.009	1104733.501	2587.8831	2628397.009	1104733.501	2587.8831	0.0	0.0
165	2628397.009	1104733.501	2587.8831	2628397.009	1104733.501	2587.8831	0.0	0.0
166	2628397.009	1104733.501	2587.8831	2628397.009	1104733.501	2587.8831	0.0	0.0
167	2628397.009	1104733.501	2587.8831	2628397.009	1104733.501	2587.8831	0.0	0.0
168	2628373.755	1104923.795	2462.929	2628373.755	1104923.795	2462.929	0.0	0.0
190	2628632.103	1104505.282	2802.4541	2628632.103	1104505.282	2802.4541	0.0	0.0
191	2628632.103	1104505.282	2802.4541	2628632.103	1104505.282	2802.4541	0.0	0.0
192	2628632.103	1104505.282	2802.4541	2628632.103	1104505.282	2802.4541	0.0	0.0
193	2628564.757	1104513.436	2769.6909	2628564.757	1104513.436	2769.6909	0.0	0.0
194	2628564.757	1104513.436	2769.6909	2628564.757	1104513.436	2769.6909	0.0	0.0
195	2628564.757	1104513.436	2769.6909	2628564.757	1104513.436	2769.6909	0.0	0.0
196	2628564.757	1104513.436	2769.6909	2628564.757	1104513.436	2769.6909	0.0	0.0
197	2628564.757	1104513.436	2769.6909	2628564.757	1104513.436	2769.6909	0.0	0.0
198	2628564.757	1104513.436	2769.6909	2628564.757	1104513.436	2769.6909	0.0	0.0
200	2628564.757	1104513.436	2769.6909	2628564.757	1104513.436	2769.6909	0.0	0.0
201	2628442.646	1104630.67	2666.2451	2628442.646	1104630.67	2666.2451	0.0	0.0
202	2628427.089	1104662.762	2642.6919	2628427.089	1104662.762	2642.6919	0.0	0.0
203	2628419.439	1104670.181	2637.4299	2628419.439	1104670.181	2637.4299	0.0	0.0
204	2628419.439	1104670.181	2637.4299	2628419.439	1104670.181	2637.4299	0.0	0.0
205	2628396.415	1104727.809	2590.585	2628396.415	1104727.809	2590.585	0.0	0.0
206	2628397.009	1104733.501	2587.8831	2628397.009	1104733.501	2587.8831	0.0	0.0
207	2628397.009	1104733.501	2587.8831	2628397.009	1104733.501	2587.8831	0.0	0.0
208	2628397.009	1104733.501	2587.8831	2628397.009	1104733.501	2587.8831	0.0	0.0
209	2628397.009	1104733.501	2587.8831	2628397.009	1104733.501	2587.8831	0.0	0.0
210	2628397.009	1104733.501	2587.8831	2628397.009	1104733.501	2587.8831	0.0	0.0
211	2628397.009	1104733.501	2587.8831	2628397.009	1104733.501	2587.8831	0.0	0.0
212	2628397.009	1104733.501	2587.8831	2628397.009	1104733.501	2587.8831	0.0	0.0
213	2628373.755	1104923.795	2462.929	2628373.755	1104923.795	2462.929	0.0	0.0
214	2628362.306	1104925.207	2455.061	2628362.306	1104925.207	2455.061	0.0	0.0
235	2628632.103	1104505.282	2802.4541	2628632.103	1104505.282	2802.4541	0.0	0.0
236	2628632.103	1104505.282	2802.4541	2628632.103	1104505.282	2802.4541	0.0	0.0
237	2628632.103	1104505.282	2802.4541	2628632.103	1104505.282	2802.4541	0.0	0.0
238	2628564.757	1104513.436	2769.6909	2628564.757	1104513.436	2769.6909	0.0	0.0
239	2628564.757	1104513.436	2769.6909	2628564.757	1104513.436	2769.6909	0.0	0.0
240	2628564.757	1104513.436	2769.6909	2628564.757	1104513.436	2769.6909	0.0	0.0
241	2628564.757	1104513.436	2769.6909	2628564.757	1104513.436	2769.6909	0.0	0.0
242	2628564.757	1104513.436	2769.6909	2628564.757	1104513.436	2769.6909	0.0	0.0
245	2628451.606	1104622.899	2670.5449	2628450.246	1104623.759	2669.917	1.727269061579029	0.2467527230827184
246	2628442.646	1104630.67	2666.2451	2628442.646	1104630.67	2666.2451	0.0	0.0
247	2628425.375	1104659.975	2642.7649	2628425.375	1104659.975	2642.7649	0.0	0.0
248	2628419.439	1104670.181	2637.4299	2628419.439	1104670.181	2637.4299	0.0	0.0
249	2628419.439	1104670.181	2637.4299	2628419.439	1104670.181	2637.4299	0.0	0.0
250	2628396.415	1104727.809	2590.585	2628399.423	1104728.827	2591.457	3.2931401427517204	0.4704485918216743
251	2628397.009	1104733.501	2587.8831	2628397.009	1104733.501	2587.8831	0.0	0.0
252	2628397.009	1104733.501	2587.8831	2628397.009	1104733.501	2587.8831	0.0	0.0
253	2628397.009	1104733.501	2587.8831	2628397.009	1104733.501	2587.8831	0.0	0.0
254	2628397.009	1104733.501	2587.8831	2628397.009	1104733.501	2587.8831	0.0	0.0
255	2628397.009	1104733.501	2587.8831	2628397.009	1104733.501	2587.8831	0.0	0.0
256	2628397.009	1104733.501	2587.8831	2628397.009	1104733.501	2587.8831	0.0	0.0
257	2628397.009	1104733.501	2587.8831	2628397.009	1104733.501	2587.8831	0.0	0.0
258	2628397.009	1104733.501	2587.8831	2628397.009	1104733.501	2587.8831	0.0	0.0
279	2628636.729	1104501.541	2804.4109	2628635.196	1104502.449	2803.7581	1.8975512745508736	0.2710787535072677
280	2628632.103	1104505.282	2802.4541	2628632.103	1104505.282	2802.4541	0.0	0.0
281	2628632.103	1104505.282	2802.4541	2628632.103	1104505.282	2802.4541	0.0	0.0
282	2628582.7	1104516.278	2777.729	2628581.953	1104515.039	2777.5691	1.4555748038255112	0.2079392576893587
283	2628564.757	1104513.436	2769.6909	2628564.757	1104513.436	2769.6909	0.0	0.0
284	2628564.757	1104513.436	2769.6909	2628564.757	1104513.436	2769.6909	0.0	0.0
285	2628564.757	1104513.436	2769.6909	2628564.757	1104513.436	2769.6909	0.0	0.0
286	2628564.757	1104513.436	2769.6909	2628564.757	1104513.436	2769.6909	0.0	0.0
287	2628564.757	1104513.436	2769.6909	2628564.757	1104513.436	2769.6909	0.0	0.0
290	2628451.606	1104622.899	2670.5449	2628451.4919	1104622.211	2670.699	0.714219588217751	0.102031369745393
291	2628442.646	1104630.67	2666.2451	2628442.646	1104630.67	2666.2451	0.0	0.0
292	2628427.089	1104662.762	2642.6919	2628427.089	1104662.762	2642.6919	0.0	0.0
293	2628419.439	1104670.181	2637.4299	2628419.439	1104670.181	2637.4299	0.0	0.0
294	2628419.439	1104670.181	2637.4299	2628419.439	1104670.181	2637.4299	0.0	0.0
295	2628399.423	1104728.827	2591.457	2628399.492	1104728.371	2591.7991	0.5742206980106247	0.0820315282872321
296	2628397.009	1104733.501	2587.8831	2628397.009	1104733.501	2587.8831	0.0	0.0
297	2628397.009	1104733.501	2587.8831	2628397.009	1104733.501	2587.8831	0.0	0.0
298	2628397.009	1104733.501	2587.8831	2628397.009	1104733.501	2587.8831	0.0	0.0
299	2628397.009	1104733.501	2587.8831	2628397.009	1104733.501	2587.8831	0.0	0.0
300	2628397.009	1104733.501	2587.8831	2628397.009	1104733.501	2587.8831	0.0	0.0
301	2628397.009	1104733.501	2587.8831	2628397.009	1104733.501	2587.8831	0.0	0.0
302	2628397.009	1104733.501	2587.8831	2628397.009	1104733.501	2587.8831	0.0	0.0
303	2628374.258	1104922.794	2464.001	2628374.392	1104922.461	2464.2749	0.4515154594117255	0.0645022084873893
325	2628632.103	1104505.282	2802.4541	2628632.103	1104505.282	2802.4541	0.0	0.0
326	2628632.103	1104505.282	2802.4541	2628632.103	1104505.282	2802.4541	0.0	0.0
327	2628584.012	1104514.821	2778.6101	2628584.012	1104514.821	2778.6101	0.0	0.0
328	2628564.757	1104513.436	2769.6909	2628564.757	1104513.436	2769.6909	0.0	0.0
329	2628564.757	1104513.436	2769.6909	2628564.757	1104513.436	2769.6909	0.0	0.0
330	2628564.757	1104513.436	2769.6909	2628564.757	1104513.436	2769.6909	0.0	0.0
331	2628564.757	1104513.436	2769.6909	2628564.757	1104513.436	2769.6909	0.0	0.0
335	2628449.479	1104623.568	2669.603	2628450.246	1104623.759	2669.917	0.8505092592263448	0.1215013227466206
336	2628442.646	1104630.67	2666.2451	2628442.646	1104630.67	2666.2451	0.0	0.0
337	2628427.089	1104662.762	2642.6919	2628427.089	1104662.762	2642.6919	0.0	0.0
338	2628419.439	1104670.181	2637.4299	2628419.439	1104670.181	2637.4299	0.0	0.0
339	2628419.439	1104670.181	2637.4299	2628419.439	1104670.181	2637.4299	0.0	0.0
340	2628399.423	1104728.827	2591.457	2628397.839	1104723.888	2595.6021	6.639625818485032	0.9485179740692904
341	2628397.009	1104733.501	2587.8831	2628397.009	1104733.501	2587.8831	0.0	0.0
342	2628397.009	1104733.501	2587.8831	2628397.009	1104733.501	2587.8831	0.0	0.0
343	2628397.009	1104733.501	2587.8831	2628397.009	1104733.501	2587.8831	0.0	0.0
344	2628397.009	1104733.501	2587.8831	2628397.009	1104733.501	2587.8831	0.0	0.0
345	2628397.009	1104733.501	2587.8831	2628397.009	1104733.501	2587.8831	0.0	0.0
346	2628397.009	1104733.501	2587.8831	2628397.009	1104733.501	2587.8831	0.0	0.0
347	2628397.009	1104733.501	2587.8831	2628397.009	1104733.501	2587.8831	0.0	0.0
348	2628373.755	1104923.795	2462.929	2628373.755	1104923.795	2462.929	0.0	0.0
370	2628632.103	1104505.282	2802.4541	2628632.103	1104505.282	2802.4541	0.0	0.0
371	2628599.571	1104507.487	2786.259	2628600.1021	1104508.032	2786.1819	0.7648768657076891	0.109268123672527
372	2628581.111	1104517.72	2776.7949	2628581.111	1104517.72	2776.7949	0.0	0.0
373	2628564.757	1104513.436	2769.6909	2628564.757	1104513.436	2769.6909	0.0	0.0
374	2628564.757	1104513.436	2769.6909	2628564.757	1104513.436	2769.6909	0.0	0.0
375	2628535.0601	1104534.28	2746.2639	2628535.0601	1104534.28	2746.2639	0.0	0.0
380	2628449.926	1104622.86	2669.9399	2628449.926	1104622.86	2669.9399	0.0	0.0
381	2628442.646	1104630.67	2666.2451	2628442.646	1104630.67	2666.2451	0.0	0.0
382	2628427.089	1104662.762	2642.6919	2628428.046	1104663.164	2643.2561	1.1814290668002765	0.168775580971468
383	2628419.439	1104670.181	2637.4299	2628419.439	1104670.181	2637.4299	0.0	0.0
384	2628419.439	1104670.181	2637.4299	2628419.439	1104670.181	2637.4299	0.0	0.0
385	2628399.492	1104728.371	2591.7991	2628397.839	1104723.888	2595.6021	6.106759124105374	0.872394160586482
386	2628397.009	1104733.501	2587.8831	2628397.009	1104733.501	2587.8831	0.0	0.0
387	2628397.009	1104733.501	2587.8831	2628397.009	1104733.501	2587.8831	0.0	0.0
388	2628397.009	1104733.501	2587.8831	2628397.009	1104733.501	2587.8831	0.0	0.0
389	2628397.009	1104733.501	2587.8831	2628397.009	1104733.501	2587.8831	0.0	0.0
390	2628397.009	1104733.501	2587.8831	2628397.009	1104733.501	2587.8831	0.0	0.0
391	2628397.009	1104733.501	2587.8831	2628397.009	1104733.501	2587.8831	0.0	0.0
392	2628397.009	1104733.501	2587.8831	2628397.009	1104733.501	2587.8831	0.0	0.0
393	2628373.755	1104923.795	2462.929	2628373.755	1104923.795	2462.929	0.0	0.0
415	2628627.851	1104514.122	2798.3169	2628628.437	1104515.928	2797.791	1.9701783702255595	0.2814540528893656
417	2628584.207	1104516.514	2778.25	2628581.953	1104515.039	2777.5691	2.77844665385984	0.3969209505514057
418	2628564.757	1104513.436	2769.6909	2628564.757	1104513.436	2769.6909	0.0	0.0
419	2628564.757	1104513.436	2769.6909	2628564.757	1104513.436	2769.6909	0.0	0.0
420	2628535.0601	1104534.28	2746.2639	2628535.0601	1104534.28	2746.2639	0.0	0.0
425	2628449.926	1104622.86	2669.9399	2628450.577	1104622.966	2670.1699	0.6985248743413546	0.0997892677630506
426	2628442.646	1104630.67	2666.2451	2628442.646	1104630.67	2666.2451	0.0	0.0
427	2628427.089	1104662.762	2642.6919	2628428.046	1104663.164	2643.2561	1.1814290668002765	0.168775580971468
428	2628419.439	1104670.181	2637.4299	2628419.439	1104670.181	2637.4299	0.0	0.0
429	2628419.439	1104670.181	2637.4299	2628419.439	1104670.181	2637.4299	0.0	0.0
430	2628397.569	1104723.089	2596.342	2628397.569	1104723.089	2596.342	0.0	0.0
431	2628397.009	1104733.501	2587.8831	2628397.009	1104733.501	2587.8831	0.0	0.0
432	2628397.009	1104733.501	2587.8831	2628397.009	1104733.501	2587.8831	0.0	0.0
433	2628397.009	1104733.501	2587.8831	2628397.009	1104733.501	2587.8831	0.0	0.0
434	2628397.009	1104733.501	2587.8831	2628397.009	1104733.501	2587.8831	0.0	0.0
435	2628397.009	1104733.501	2587.8831	2628397.009	1104733.501	2587.8831	0.0	0.0
436	2628397.009	1104733.501	2587.8831	2628397.009	1104733.501	2587.8831	0.0	0.0
437	2628397.009	1104733.501	2587.8831	2628397.009	1104733.501	2587.8831	0.0	0.0
438	2628373.755	1104923.795	2462.929	2628373.755	1104923.795	2462.929	0.0	0.0
450	2628918.803	1104679.526	2825.6079	2628919.087	1104680.001	2825.4419	0.5777862925501766	0.0825408989357395
451	2628896.0811	1104664.955	2821.6899	2628896.3199	1104664.843	2822.0349	0.4342746135345451	0.062039230504935
452	2628875.817	1104658.271	2820.123	2628876.0551	1104658.056	2820.064	0.3261864651194634	0.0465980664456376
461	2628620.304	1104531.888	2784.2129	2628620.858	1104532.536	2784.1731	0.8534658985935316	0.1219236997990759
462	2628581.953	1104515.039	2777.5691	2628582.079	1104515.862	2777.4021	0.8491725382341765	0.1213103626048823
463	2628566.198	1104527.13	2767.29	2628565.949	1104527.364	2766.9331	0.4940997976101633	0.0705856853728804
464	2628547.134	1104535.938	2753.623	2628548.324	1104538.394	2753.8899	2.742129028673614	0.3917327183819448
465	2628535.0601	1104534.28	2746.2639	2628535.0601	1104534.28	2746.2639	0.0	0.0
470	2628449.926	1104622.86	2669.9399	2628449.926	1104622.86	2669.9399	0.0	0.0
471	2628442.646	1104630.67	2666.2451	2628442.646	1104630.67	2666.2451	0.0	0.0
472	2628427.089	1104662.762	2642.6919	2628428.046	1104663.164	2643.2561	1.1814290668002765	0.168775580971468
473	2628419.439	1104670.181	2637.4299	2628419.439	1104670.181	2637.4299	0.0	0.0
474	2628419.439	1104670.181	2637.4299	2628419.439	1104670.181	2637.4299	0.0	0.0
475	2628399.492	1104728.371	2591.7991	2628397.839	1104723.888	2595.6021	6.106759124105374	0.872394160586482
476	2628397.009	1104733.501	2587.8831	2628397.009	1104733.501	2587.8831	0.0	0.0
477	2628397.009	1104733.501	2587.8831	2628397.009	1104733.501	2587.8831	0.0	0.0
478	2628397.009	1104733.501	2587.8831	2628397.009	1104733.501	2587.8831	0.0	0.0
479	2628397.009	1104733.501	2587.8831	2628397.009	1104733.501	2587.8831	0.0	0.0
480	2628397.009	1104733.501	2587.8831	2628397.009	1104733.501	2587.8831	0.0	0.0
481	2628397.009	1104733.501	2587.8831	2628397.009	1104733.501	2587.8831	0.0	0.0
482	2628397.009	1104733.501	2587.8831	2628397.009	1104733.501	2587.8831	0.0	0.0
483	2628367.735	1104925.797	2458.054	2628373.755	1104923.795	2462.929	8.000876764493041	1.1429823949275772
495	2628928.556	1104699.536	2817.3459	2628929.142	1104699.853	2817.123	0.7025449523165904	0.1003635646166557
496	2628912.483	1104698.299	2814.8469	2628912.675	1104698.242	2815.0569	0.2901947620633876	0.0414563945804839
497	2628892.0229	1104689.633	2812.197	2628892.0229	1104689.633	2812.197	0.0	0.0
498	2628869.381	1104678.684	2808.033	2628869.381	1104678.684	2808.033	0.0	0.0
507	2628611.212	1104552.661	2769.022	2628611.212	1104552.661	2769.022	0.0	0.0
508	2628570.647	1104532.873	2763.2949	2628571.2679	1104533.352	2763.231	0.7867915988514071	0.1123987998359153
509	2628547.439	1104535.12	2753.9551	2628547.439	1104535.12	2753.9551	0.0	0.0
510	2628535.0601	1104534.28	2746.2639	2628535.0601	1104534.28	2746.2639	0.0	0.0
515	2628450.679	1104625.43	2669.752	2628449.479	1104623.568	2669.603	2.220190307229362	0.3171700438899089
516	2628442.646	1104630.67	2666.2451	2628442.646	1104630.67	2666.2451	0.0	0.0
517	2628428.046	1104663.164	2643.2561	2628428.046	1104663.164	2643.2561	0.0	0.0
518	2628419.439	1104670.181	2637.4299	2628419.439	1104670.181	2637.4299	0.0	0.0
519	2628419.439	1104670.181	2637.4299	2628419.439	1104670.181	2637.4299	0.0	0.0
520	2628397.569	1104723.089	2596.342	2628397.569	1104723.089	2596.342	0.0	0.0
521	2628397.009	1104733.501	2587.8831	2628397.009	1104733.501	2587.8831	0.0	0.0
522	2628397.009	1104733.501	2587.8831	2628397.009	1104733.501	2587.8831	0.0	0.0
523	2628397.009	1104733.501	2587.8831	2628397.009	1104733.501	2587.8831	0.0	0.0
524	2628397.009	1104733.501	2587.8831	2628397.009	1104733.501	2587.8831	0.0	0.0
525	2628397.009	1104733.501	2587.8831	2628397.009	1104733.501	2587.8831	0.0	0.0
526	2628397.009	1104733.501	2587.8831	2628397.009	1104733.501	2587.8831	0.0	0.0
527	2628397.009	1104733.501	2587.8831	2628397.009	1104733.501	2587.8831	0.0	0.0
528	2628373.755	1104923.795	2462.929	2628373.755	1104923.795	2462.929	0.0	0.0
540	2628936.149	1104714.452	2806.7329	2628936.641	1104714.575	2806.74	0.5071916892090491	0.0724559556012927
541	2628919.249	1104712.633	2805.627	2628919.4709	1104712.471	2805.678	0.2794362362127768	0.0399194623161109
542	2628903.101	1104711.913	2802.8711	2628904.032	1104713.054	2802.9839	1.4769447656421315	0.2109921093774474
543	2628885.478	1104707.59	2801.26	2628885.043	1104707.144	2801.1311	0.63620453475697	0.0908863621081385
544	2628868.323	1104705.653	2799.1721	2628868.323	1104705.653	2799.1721	0.0	0.0
554	2628559.885	1104553.073	2745.8081	2628560.2111	1104553.519	2745.6299	0.5805277341474514	0.0829325334496359
560	2628449.926	1104622.86	2669.9399	2628449.926	1104622.86	2669.9399	0.0	0.0
561	2628442.646	1104630.67	2666.2451	2628442.646	1104630.67	2666.2451	0.0	0.0
562	2628428.046	1104663.164	2643.2561	2628428.046	1104663.164	2643.2561	0.0	0.0
563	2628419.439	1104670.181	2637.4299	2628419.439	1104670.181	2637.4299	0.0	0.0
564	2628419.439	1104670.181	2637.4299	2628419.439	1104670.181	2637.4299	0.0	0.0
565	2628397.569	1104723.089	2596.342	2628397.569	1104723.089	2596.342	0.0	0.0
566	2628397.009	1104733.501	2587.8831	2628397.009	1104733.501	2587.8831	0.0	0.0
567	2628397.009	1104733.501	2587.8831	2628397.009	1104733.501	2587.8831	0.0	0.0
568	2628397.009	1104733.501	2587.8831	2628397.009	1104733.501	2587.8831	0.0	0.0
569	2628397.009	1104733.501	2587.8831	2628397.009	1104733.501	2587.8831	0.0	0.0
570	2628397.009	1104733.501	2587.8831	2628397.009	1104733.501	2587.8831	0.0	0.0
571	2628397.009	1104733.501	2587.8831	2628397.009	1104733.501	2587.8831	0.0	0.0
572	2628397.009	1104733.501	2587.8831	2628397.009	1104733.501	2587.8831	0.0	0.0
573	2628373.755	1104923.795	2462.929	2628373.755	1104923.795	2462.929	0.0	0.0
585	2628933.653	1104721.39	2801.0249	2628933.653	1104721.39	2801.0249	0.0	0.0
586	2628928.226	1104729.596	2797.53	2628928.629	1104728.996	2798.0959	0.9179606800692428	0.1311372400098918
587	2628914.5649	1104732.258	2795.146	2628915.076	1104732.544	2795.2881	0.6026704072801727	0.0860957724685961
588	2628898.2321	1104731.4	2793.292	2628898.151	1104730.531	2793.1299	0.8877018755868872	0.1268145536552695
589	2628879.2061	1104725.348	2790.314	2628878.719	1104724.662	2790.293	0.8416076342387561	0.120229662034108
590	2628859.299	1104720.213	2787.179	2628859.696	1104720.56	2786.99	0.56012409335075	0.0800177276215357
591	2628834.712	1104709.258	2782.0129	2628834.302	1104708.671	2781.908	0.7236525475218407	0.1033789353602629
600	2628545.808	1104570.827	2730.4709	2628546.408	1104570.961	2730.271	0.6464642368386506	0.0923520338340929
605	2628450.577	1104622.966	2670.1699	2628451.606	1104622.899	2670.5449	1.097248832400643	0.1567498332000918
606	2628442.646	1104630.67	2666.2451	2628442.646	1104630.67	2666.2451	0.0	0.0
607	2628427.089	1104662.762	2642.6919	2628427.089	1104662.762	2642.6919	0.0	0.0
608	2628419.439	1104670.181	2637.4299	2628419.439	1104670.181	2637.4299	0.0	0.0
609	2628419.439	1104670.181	2637.4299	2628419.439	1104670.181	2637.4299	0.0	0.0
610	2628397.569	1104723.089	2596.342	2628397.569	1104723.089	2596.342	0.0	0.0
611	2628397.009	1104733.501	2587.8831	2628397.009	1104733.501	2587.8831	0.0	0.0
612	2628397.009	1104733.501	2587.8831	2628397.009	1104733.501	2587.8831	0.0	0.0
613	2628397.009	1104733.501	2587.8831	2628397.009	1104733.501	2587.8831	0.0	0.0
614	2628397.009	1104733.501	2587.8831	2628397.009	1104733.501	2587.8831	0.0	0.0
615	2628397.009	1104733.501	2587.8831	2628397.009	1104733.501	2587.8831	0.0	0.0
616	2628397.009	1104733.501	2587.8831	2628397.009	1104733.501	2587.8831	0.0	0.0
617	2628397.009	1104733.501	2587.8831	2628397.009	1104733.501	2587.8831	0.0	0.0
618	2628367.735	1104925.797	2458.054	2628367.735	1104925.797	2458.054	0.0	0.0
630	2628933.653	1104721.39	2801.0249	2628933.653	1104721.39	2801.0249	0.0	0.0
631	2628928.219	1104729.509	2797.603	2628928.219	1104729.509	2797.603	0.0	0.0
632	2628918.066	1104744.928	2788.897	2628918.066	1104744.928	2788.897	0.0	0.0
633	2628907.559	1104747.663	2785.406	2628907.999	1104748.145	2785.291	0.6626831822404996	0.094669026034357
634	2628888.614	1104741.198	2782.647	2628888.5031	1104740.972	2782.731	0.2653880367614702	0.03791257668021
635	2628869.775	1104737.199	2778.394	2628870.059	1104737.336	2778.5569	0.3549104252574257	0.0507014893224893
636	2628847.3149	1104727.105	2773.8931	2628846.55	1104726.16	2773.9409	1.216709435560757	0.1738156336515367
637	2628818.625	1104708.461	2768.126	2628818.9189	1104708.346	2768.2271	0.331396167686862	0.0473423096695517
646	2628533.3311	1104587.153	2714.54	2628532.876	1104586.559	2714.605	0.7511171745885497	0.1073024535126499
650	2628451.285	1104620.282	2671.281	2628451.285	1104620.282	2671.281	0.0	0.0
651	2628442.646	1104630.67	2666.2451	2628442.646	1104630.67	2666.2451	0.0	0.0
652	2628427.089	1104662.762	2642.6919	2628427.089	1104662.762	2642.6919	0.0	0.0
653	2628419.439	1104670.181	2637.4299	2628419.439	1104670.181	2637.4299	0.0	0.0
654	2628419.439	1104670.181	2637.4299	2628419.439	1104670.181	2637.4299	0.0	0.0
655	2628397.839	1104723.888	2595.6021	2628397.569	1104723.089	2596.342	1.1219416251279084	0.1602773750182726
656	2628397.009	1104733.501	2587.8831	2628397.009	1104733.501	2587.8831	0.0	0.0
657	2628397.009	1104733.501	2587.8831	2628397.009	1104733.501	2587.8831	0.0	0.0
658	2628397.009	1104733.501	2587.8831	2628397.009	1104733.501	2587.8831	0.0	0.0
659	2628397.009	1104733.501	2587.8831	2628397.009	1104733.501	2587.8831	0.0	0.0
660	2628397.009	1104733.501	2587.8831	2628397.009	1104733.501	2587.8831	0.0	0.0
661	2628397.009	1104733.501	2587.8831	2628397.009	1104733.501	2587.8831	0.0	0.0
662	2628397.009	1104733.501	2587.8831	2628397.009	1104733.501	2587.8831	0.0	0.0
663	2628373.755	1104923.795	2462.929	2628373.755	1104923.795	2462.929	0.0	0.0
675	2628933.653	1104721.39	2801.0249	2628933.653	1104721.39	2801.0249	0.0	0.0
676	2628919.934	1104742.132	2790.7839	2628919.934	1104742.132	2790.7839	0.0	0.0
677	2628919.36	1104742.907	2790.314	2628919.36	1104742.907	2790.314	0.0	0.0
678	2628911.276	1104754.943	2781.6379	2628911.276	1104754.943	2781.6379	0.0	0.0
679	2628899.696	1104762.865	2773.2229	2628899.696	1104762.865	2773.2229	0.0	0.0
680	2628878.228	1104750.58	2769.7549	2628878.3929	1104750.482	2769.8669	0.2221261126351153	0.0317323018050164
681	2628859.869	1104746.849	2766.5229	2628859.6899	1104746.531	2766.7271	0.4182086200947845	0.0597440885849692
682	2628831.802	1104727.904	2760.592	2628831.6	1104727.614	2760.6499	0.3581290410468657	0.0511612915781236
683	2628810.674	1104723.611	2755.074	2628810.686	1104723.264	2755.0359	0.3492915831351451	0.049898797590735
692	2628521.661	1104605.005	2699.7109	2628521.661	1104605.005	2699.7109	0.0	0.0
694	2628461.759	1104604.189	2677.7629	2628461.759	1104604.189	2677.7629	0.0	0.0
695	2628450.246	1104623.759	2669.917	2628449.926	1104622.86	2669.9399	0.9545288941929266	0.1363612705989895
696	2628442.646	1104630.67	2666.2451	2628442.646	1104630.67	2666.2451	0.0	0.0
697	2628427.089	1104662.762	2642.6919	2628427.089	1104662.762	2642.6919	0.0	0.0
698	2628419.439	1104670.181	2637.4299	2628419.439	1104670.181	2637.4299	0.0	0.0
699	2628419.439	1104670.181	2637.4299	2628419.439	1104670.181	2637.4299	0.0	0.0
700	2628399.492	1104728.371	2591.7991	2628397.839	1104723.888	2595.6021	6.106759124105374	0.872394160586482
701	2628397.009	1104733.501	2587.8831	2628397.009	1104733.501	2587.8831	0.0	0.0
702	2628397.009	1104733.501	2587.8831	2628397.009	1104733.501	2587.8831	0.0	0.0
703	2628397.009	1104733.501	2587.8831	2628397.009	1104733.501	2587.8831	0.0	0.0
704	2628397.009	1104733.501	2587.8831	2628397.009	1104733.501	2587.8831	0.0	0.0
705	2628397.009	1104733.501	2587.8831	2628397.009	1104733.501	2587.8831	0.0	0.0
706	2628397.009	1104733.501	2587.8831	2628397.009	1104733.501	2587.8831	0.0	0.0
707	2628397.009	1104733.501	2587.8831	2628397.009	1104733.501	2587.8831	0.0	0.0
708	2628373.755	1104923.795	2462.929	2628373.755	1104923.795	2462.929	0.0	0.0
720	2628933.653	1104721.39	2801.0249	2628933.653	1104721.39	2801.0249	0.0	0.0
721	2628919.934	1104742.132	2790.7839	2628919.934	1104742.132	2790.7839	0.0	0.0
722	2628918.066	1104744.928	2788.897	2628919.36	1104742.907	2790.314	2.786891817082349	0.3981274024403355
723	2628910.844	1104755.727	2780.9131	2628910.819	1104755.868	2780.8401	0.1607326973976481	0.0229618139139497
724	2628902.702	1104768.115	2771.7981	2628902.702	1104768.115	2771.7981	0.0	0.0
725	2628889.514	1104768.779	2762.8411	2628889.514	1104768.779	2762.8411	0.0	0.0
726	2628867.2321	1104759.086	2756.5959	2628866.98	1104758.574	2756.7749	0.5981132083043006	0.0854447440434715
727	2628844.516	1104749.778	2752.448	2628844.161	1104749.697	2752.688	0.4361031987818869	0.0623004569688409
729	2628798.879	1104731.908	2742.3799	2628798.731	1104732.005	2742.3301	0.1838288333778181	0.0262612619111168
730	2628778.746	1104730.321	2738.7881	2628779.198	1104730.722	2739.3091	0.7978383295507085	0.1139769042215298
738	2628515.864	1104632.103	2682.3931	2628516.296	1104631.996	2682.5449	0.470229986275115	0.0671757123250164
739	2628485.2581	1104630.211	2678.231	2628484.723	1104630.257	2678.0371	0.5710036952472214	0.0815719564638887
740	2628450.577	1104622.966	2670.1699	2628450.577	1104622.966	2670.1699	0.0	0.0
741	2628442.646	1104630.67	2666.2451	2628442.646	1104630.67	2666.2451	0.0	0.0
742	2628427.089	1104662.762	2642.6919	2628427.089	1104662.762	2642.6919	0.0	0.0
743	2628419.439	1104670.181	2637.4299	2628419.439	1104670.181	2637.4299	0.0	0.0
744	2628419.439	1104670.181	2637.4299	2628419.439	1104670.181	2637.4299	0.0	0.0
745	2628399.423	1104728.827	2591.457	2628399.492	1104728.371	2591.7991	0.5742206980106247	0.0820315282872321
746	2628397.009	1104733.501	2587.8831	2628397.009	1104733.501	2587.8831	0.0	0.0
747	2628397.009	1104733.501	2587.8831	2628397.009	1104733.501	2587.8831	0.0	0.0
748	2628397.009	1104733.501	2587.8831	2628397.009	1104733.501	2587.8831	0.0	0.0
749	2628397.009	1104733.501	2587.8831	2628397.009	1104733.501	2587.8831	0.0	0.0
750	2628397.009	1104733.501	2587.8831	2628397.009	1104733.501	2587.8831	0.0	0.0
751	2628397.009	1104733.501	2587.8831	2628397.009	1104733.501	2587.8831	0.0	0.0
752	2628397.009	1104733.501	2587.8831	2628397.009	1104733.501	2587.8831	0.0	0.0
753	2628373.755	1104923.795	2462.929	2628373.755	1104923.795	2462.929	0.0	0.0
765	2628919.934	1104742.132	2790.7839	2628919.934	1104742.132	2790.7839	0.0	0.0
766	2628919.934	1104742.132	2790.7839	2628919.934	1104742.132	2790.7839	0.0	0.0
767	2628919.36	1104742.907	2790.314	2628919.36	1104742.907	2790.314	0.0	0.0
768	2628910.819	1104755.868	2780.8401	2628910.844	1104755.727	2780.9131	0.1607326973976481	0.0229618139139497
769	2628903.179	1104767.432	2772.3159	2628903.212	1104767.3	2772.3889	0.1544085489335127	0.0220583641333589
770	2628892.024	1104784.272	2755.291	2628892.024	1104784.272	2755.291	0.0	0.0
771	2628879.769	1104778.2	2751.363	2628879.708	1104778.082	2751.4839	0.1796157286376784	0.0256593898053826
772	2628855.802	1104768.094	2744.1289	2628855.51	1104767.498	2744.27	0.6785198673401068	0.0969314096200152
773	2628834.63	1104760.51	2739.8721	2628834.661	1104760.456	2739.908	0.0718735695360355	0.0102676527908622
775	2628789.376	1104746.293	2730.344	2628789.682	1104745.882	2730.6399	0.5917041574839621	0.0845291653548517
776	2628764.728	1104738.653	2726.1389	2628764.72	1104738.567	2726.3459	0.2242966784870387	0.0320423826410055
784	2628503.079	1104649.818	2668.469	2628503.472	1104649.713	2668.7561	0.4978959832325152	0.071127997604645
785	2628478.033	1104653.989	2663.7041	2628478.033	1104653.989	2663.7041	0.0	0.0
786	2628441.325	1104644.957	2657.4929	2628441.319	1104644.385	2657.7109	0.6121633768181951	0.0874519109740278
787	2628428.046	1104663.164	2643.2561	2628428.046	1104663.164	2643.2561	0.0	0.0
788	2628419.439	1104670.181	2637.4299	2628419.439	1104670.181	2637.4299	0.0	0.0
789	2628419.439	1104670.181	2637.4299	2628419.439	1104670.181	2637.4299	0.0	0.0
790	2628399.423	1104728.827	2591.457	2628399.423	1104728.827	2591.457	0.0	0.0
791	2628397.009	1104733.501	2587.8831	2628397.009	1104733.501	2587.8831	0.0	0.0
792	2628397.009	1104733.501	2587.8831	2628397.009	1104733.501	2587.8831	0.0	0.0
793	2628397.009	1104733.501	2587.8831	2628397.009	1104733.501	2587.8831	0.0	0.0
794	2628397.009	1104733.501	2587.8831	2628397.009	1104733.501	2587.8831	0.0	0.0
795	2628397.009	1104733.501	2587.8831	2628397.009	1104733.501	2587.8831	0.0	0.0
796	2628397.009	1104733.501	2587.8831	2628397.009	1104733.501	2587.8831	0.0	0.0
797	2628397.009	1104733.501	2587.8831	2628397.009	1104733.501	2587.8831	0.0	0.0
798	2628373.755	1104923.795	2462.929	2628373.755	1104923.795	2462.929	0.0	0.0
810	2628919.934	1104742.132	2790.7839	2628919.934	1104742.132	2790.7839	0.0	0.0
811	2628919.934	1104742.132	2790.7839	2628919.934	1104742.132	2790.7839	0.0	0.0
812	2628919.36	1104742.907	2790.314	2628919.36	1104742.907	2790.314	0.0	0.0
813	2628911.276	1104754.943	2781.6379	2628911.276	1104754.943	2781.6379	0.0	0.0
814	2628903.212	1104767.3	2772.3889	2628903.212	1104767.3	2772.3889	0.0	0.0
815	2628895.259	1104779.34	2760.2939	2628895.259	1104779.34	2760.2939	0.0	0.0
816	2628886.556	1104792.567	2749.3889	2628886.556	1104792.567	2749.3889	0.0	0.0
817	2628872.895	1104795.637	2739.7361	2628872.981	1104795.631	2739.749	0.0871688592468896	0.012452694178127
822	2628751.524	1104748.964	2711.575	2628751.524	1104748.964	2711.575	0.0	0.0
830	2628500.167	1104673.638	2654.355	2628500.167	1104673.638	2654.355	0.0	0.0
831	2628471.627	1104678.774	2651.874	2628471.14	1104678.319	2652.345	0.8161096738836984	0.1165870962690997
832	2628405.739	1104641.099	2632.844	2628405.739	1104641.099	2632.844	0.0	0.0
833	2628416.589	1104684.857	2630.603	2628417.103	1104684.822	2630.866	0.5784375506274833	0.0826339358039261
834	2628405.465	1104704.869	2616.741	2628405.662	1104703.634	2617.229	1.3424522336906053	0.1917788905272293
835	2628396.884	1104728.202	2590.4819	2628399.423	1104728.827	2591.457	2.7906927472145964	0.398670392459228
836	2628397.009	1104733.501	2587.8831	2628397.009	1104733.501	2587.8831	0.0	0.0
837	2628397.009	1104733.501	2587.8831	2628397.009	1104733.501	2587.8831	0.0	0.0
838	2628397.009	1104733.501	2587.8831	2628397.009	1104733.501	2587.8831	0.0	0.0
839	2628397.009	1104733.501	2587.8831	2628397.009	1104733.501	2587.8831	0.0	0.0
840	2628397.009	1104733.501	2587.8831	2628397.009	1104733.501	2587.8831	0.0	0.0
841	2628397.009	1104733.501	2587.8831	2628397.009	1104733.501	2587.8831	0.0	0.0
842	2628397.009	1104733.501	2587.8831	2628397.009	1104733.501	2587.8831	0.0	0.0
843	2628373.755	1104923.795	2462.929	2628373.755	1104923.795	2462.929	0.0	0.0
855	2628919.934	1104742.132	2790.7839	2628919.934	1104742.132	2790.7839	0.0	0.0
856	2628919.934	1104742.132	2790.7839	2628919.934	1104742.132	2790.7839	0.0	0.0
857	2628919.36	1104742.907	2790.314	2628919.36	1104742.907	2790.314	0.0	0.0
858	2628911.333	1104755.088	2781.334	2628911.333	1104755.088	2781.334	0.0	0.0
859	2628903.082	1104767.526	2772.217	2628903.082	1104767.526	2772.217	0.0	0.0
860	2628894.616	1104780.311	2759.457	2628894.8781	1104779.99	2759.6431	0.4542803319132368	0.0648971902733195
861	2628886.556	1104792.567	2749.3889	2628886.556	1104792.567	2749.3889	0.0	0.0
862	2628875.307	1104809.465	2737.2881	2628875.307	1104809.465	2737.2881	0.0	0.0
863	2628867.421	1104814.616	2730.906	2628870.094	1104817.28	2732.6709	4.166136940897073	0.5951624201281532
868	2628746.317	1104769.427	2699.0381	2628746.332	1104769.217	2699.4529	0.4651709793057568	0.0664529970436795
876	2628491.303	1104697.195	2640.717	2628491.681	1104697.022	2640.8379	0.432931645878344	0.0618473779826205
877	2628459.308	1104698.85	2636.3311	2628458.646	1104698.677	2636.4561	0.6955558928501719	0.0993651275500245
878	2628428.64	1104695.455	2626.989	2628428.64	1104695.455	2626.989	0.0	0.0
879	2628404.913	1104704.048	2617.0	2628404.913	1104704.048	2617.0	0.0	0.0
880	2628410.807	1104692.872	2624.0979	2628410.153	1104693.826	2622.864	1.6912543303585466	0.2416077614797923
881	2628397.009	1104733.501	2587.8831	2628397.009	1104733.501	2587.8831	0.0	0.0
882	2628397.009	1104733.501	2587.8831	2628397.009	1104733.501	2587.8831	0.0	0.0
883	2628397.009	1104733.501	2587.8831	2628397.009	1104733.501	2587.8831	0.0	0.0
884	2628397.009	1104733.501	2587.8831	2628397.009	1104733.501	2587.8831	0.0	0.0
885	2628397.009	1104733.501	2587.8831	2628397.009	1104733.501	2587.8831	0.0	0.0
886	2628397.009	1104733.501	2587.8831	2628397.009	1104733.501	2587.8831	0.0	0.0
887	2628397.009	1104733.501	2587.8831	2628397.009	1104733.501	2587.8831	0.0	0.0
888	2628373.755	1104923.795	2462.929	2628373.755	1104923.795	2462.929	0.0	0.0
900	2628919.934	1104742.132	2790.7839	2628919.934	1104742.132	2790.7839	0.0	0.0
901	2628919.934	1104742.132	2790.7839	2628919.934	1104742.132	2790.7839	0.0	0.0
902	2628919.36	1104742.907	2790.314	2628919.36	1104742.907	2790.314	0.0	0.0
903	2628911.276	1104754.943	2781.6379	2628911.276	1104754.943	2781.6379	0.0	0.0
904	2628903.53	1104766.87	2773.0149	2628903.53	1104766.87	2773.0149	0.0	0.0
905	2628894.675	1104779.909	2759.554	2628894.8781	1104779.99	2759.6431	0.2361131508791929	0.0337304501255989
906	2628886.035	1104792.109	2749.1851	2628886.2111	1104793.076	2749.2271	0.9838008994851668	0.1405429856407381
907	2628875.307	1104809.465	2737.2881	2628875.307	1104809.465	2737.2881	0.0	0.0
908	2628863.7581	1104826.993	2721.531	2628863.7581	1104826.993	2721.531	0.0	0.0
909	2628858.656	1104825.557	2719.053	2628860.01	1104826.583	2719.3669	1.7275778447441927	0.2467968349634561
914	2628735.951	1104784.1	2687.5049	2628735.73	1104784.263	2687.355	0.3128578110553286	0.044693973007904
915	2628716.255	1104784.761	2683.729	2628716.291	1104784.551	2683.8999	0.2731351497096441	0.0390193071013777
922	2628485.585	1104720.839	2625.5649	2628485.153	1104720.433	2626.0959	0.7958775031324988	0.1136967861617855
923	2628451.95	1104718.709	2619.572	2628451.95	1104718.709	2619.572	0.0	0.0
924	2628413.066	1104712.214	2610.1641	2628413.066	1104712.214	2610.1641	0.0	0.0
925	2628398.591	1104713.111	2608.0959	2628398.098	1104713.197	2607.845	0.5598176576070976	0.0799739510867282
926	2628397.009	1104733.501	2587.8831	2628397.009	1104733.501	2587.8831	0.0	0.0
927	2628397.009	1104733.501	2587.8831	2628397.009	1104733.501	2587.8831	0.0	0.0
928	2628397.617	1104771.839	2564.644	2628397.617	1104771.839	2564.644	0.0	0.0
929	2628397.009	1104733.501	2587.8831	2628397.009	1104733.501	2587.8831	0.0	0.0
930	2628397.009	1104733.501	2587.8831	2628397.009	1104733.501	2587.8831	0.0	0.0
931	2628397.009	1104733.501	2587.8831	2628397.009	1104733.501	2587.8831	0.0	0.0
932	2628397.009	1104733.501	2587.8831	2628397.009	1104733.501	2587.8831	0.0	0.0
933	2628373.755	1104923.795	2462.929	2628373.755	1104923.795	2462.929	0.0	0.0
945	2628919.934	1104742.132	2790.7839	2628919.934	1104742.132	2790.7839	0.0	0.0
946	2628919.934	1104742.132	2790.7839	2628919.934	1104742.132	2790.7839	0.0	0.0
947	2628919.36	1104742.907	2790.314	2628919.36	1104742.907	2790.314	0.0	0.0
948	2628911.027	1104755.516	2781.062	2628911.027	1104755.516	2781.062	0.0	0.0
949	2628903.082	1104767.526	2772.217	2628903.212	1104767.3	2772.3889	0.312290906018454	0.0446129865740648
950	2628895.014	1104779.738	2759.8879	2628895.007	1104779.635	2759.9241	0.1094003655071602	0.01562862364388
951	2628886.931	1104791.909	2749.832	2628886.931	1104791.909	2749.832	0.0	0.0
952	2628875.307	1104809.465	2737.2881	2628875.307	1104809.465	2737.2881	0.0	0.0
953	2628870.094	1104817.28	2732.6709	2628870.094	1104817.28	2732.6709	0.0	0.0
954	2628854.4	1104837.763	2710.4399	2628854.4	1104837.763	2710.4399	0.0	0.0
955	2628849.3831	1104834.712	2707.9351	2628848.163	1104832.355	2707.179	2.7596703100996582	0.3942386157285226
960	2628730.111	1104801.537	2676.2949	2628730.111	1104801.537	2676.2949	0.0	0.0
968	2628468.6591	1104735.533	2608.6311	2628468.386	1104735.248	2608.8459	0.4493858587188271	0.0641979798169753
969	2628445.212	1104740.917	2605.0769	2628445.212	1104740.917	2605.0769	0.0	0.0
970	2628397.745	1104725.296	2593.3201	2628397.745	1104725.296	2593.3201	0.0	0.0
971	2628397.009	1104733.501	2587.8831	2628397.009	1104733.501	2587.8831	0.0	0.0
972	2628397.617	1104771.839	2564.644	2628397.617	1104771.839	2564.644	0.0	0.0
973	2628397.617	1104771.839	2564.644	2628397.617	1104771.839	2564.644	0.0	0.0
976	2628397.009	1104733.501	2587.8831	2628397.009	1104733.501	2587.8831	0.0	0.0
978	2628373.755	1104923.795	2462.929	2628373.755	1104923.795	2462.929	0.0	0.0
990	2628933.653	1104721.39	2801.0249	2628933.653	1104721.39	2801.0249	0.0	0.0
991	2628928.442	1104729.155	2797.9961	2628928.629	1104728.996	2798.0959	0.2649717723433176	0.0378531103347596
992	2628919.36	1104742.907	2790.314	2628919.36	1104742.907	2790.314	0.0	0.0
993	2628911.276	1104754.943	2781.6379	2628911.276	1104754.943	2781.6379	0.0	0.0
994	2628902.785	1104767.962	2771.9939	2628902.785	1104767.962	2771.9939	0.0	0.0
995	2628895.141	1104779.591	2760.0359	2628895.141	1104779.591	2760.0359	0.0	0.0
996	2628886.556	1104792.567	2749.3889	2628886.556	1104792.567	2749.3889	0.0	0.0
997	2628875.307	1104809.465	2737.2881	2628875.307	1104809.465	2737.2881	0.0	0.0
998	2628854.4	1104837.763	2710.4399	2628854.4	1104837.763	2710.4399	0.0	0.0
999	2628854.4	1104837.763	2710.4399	2628854.4	1104837.763	2710.4399	0.0	0.0
1000	2628851.4771	1104840.295	2707.843	2628851.4771	1104840.295	2707.843	0.0	0.0
1001	2628839.1899	1104845.936	2696.7981	2628840.7159	1104847.65	2697.4331	2.381112555076248	0.340158936439464
1006	2628721.896	1104817.376	2664.4141	2628721.7321	1104817.135	2664.509	0.3065130013171838	0.0437875716167405
1014	2628460.1331	1104755.632	2595.072	2628459.738	1104755.788	2594.957	0.4400738690671368	0.0628676955810195
1015	2628429.287	1104756.97	2589.321	2628429.941	1104757.022	2589.2561	0.6592662664973788	0.0941808952139112
1016	2628401.967	1104759.958	2577.0339	2628402.126	1104759.549	2577.377	0.557027476865465	0.0795753538379235
1017	2628397.617	1104771.839	2564.644	2628397.617	1104771.839	2564.644	0.0	0.0
1018	2628397.617	1104771.839	2564.644	2628397.617	1104771.839	2564.644	0.0	0.0
1021	2628400.313	1104893.338	2495.519	2628400.313	1104893.338	2495.519	0.0	0.0
1022	2628390.671	1104891.002	2490.071	2628390.671	1104891.002	2490.071	0.0	0.0
1023	2628390.671	1104891.002	2490.071	2628390.671	1104891.002	2490.071	0.0	0.0
1024	2628390.671	1104891.002	2490.071	2628390.671	1104891.002	2490.071	0.0	0.0
1035	2628933.653	1104721.39	2801.0249	2628933.653	1104721.39	2801.0249	0.0	0.0
1036	2628928.7321	1104728.746	2798.1941	2628928.7321	1104728.746	2798.1941	0.0	0.0
1037	2628919.36	1104742.907	2790.314	2628919.36	1104742.907	2790.314	0.0	0.0
1038	2628911.276	1104754.943	2781.6379	2628911.276	1104754.943	2781.6379	0.0	0.0
1039	2628903.53	1104766.87	2773.0149	2628903.649	1104766.732	2773.1509	0.2273785392427648	0.0324826484632521
1040	2628895.007	1104779.635	2759.9241	2628895.141	1104779.591	2760.0359	0.1799756647316642	0.0257108092473806
1041	2628854.4	1104837.763	2710.4399	2628854.4	1104837.763	2710.4399	0.0	0.0
1042	2628854.4	1104837.763	2710.4399	2628854.4	1104837.763	2710.4399	0.0	0.0
1043	2628854.4	1104837.763	2710.4399	2628854.4	1104837.763	2710.4399	0.0	0.0
1044	2628854.4	1104837.763	2710.4399	2628854.4	1104837.763	2710.4399	0.0	0.0
1045	2628852.078	1104841.96	2708.051	2628851.625	1104841.463	2707.738	0.7417459134815133	0.1059637019259304
1046	2628841.0389	1104847.758	2697.7549	2628841.1331	1104847.517	2697.927	0.31076204722233	0.0443945781746185
1047	2628834.3051	1104863.705	2691.0879	2628834.3051	1104863.705	2691.0879	0.0	0.0
1052	2628712.243	1104831.551	2650.812	2628712.243	1104831.551	2650.812	0.0	0.0
1053	2628691.188	1104831.699	2646.3091	2628691.348	1104831.87	2646.2009	0.2579694557080117	0.0368527793868588
1060	2628442.499	1104770.216	2578.7759	2628442.812	1104770.472	2578.6101	0.4370293354891405	0.0624327622127343
1061	2628418.301	1104775.868	2569.7019	2628418.301	1104775.868	2569.7019	0.0	0.0
1062	2628397.617	1104771.839	2564.644	2628397.617	1104771.839	2564.644	0.0	0.0
1063	2628397.617	1104771.839	2564.644	2628397.617	1104771.839	2564.644	0.0	0.0
1066	2628396.593	1104770.042	2565.615	2628396.593	1104770.042	2565.615	0.0	0.0
1067	2628390.671	1104891.002	2490.071	2628390.671	1104891.002	2490.071	0.0	0.0
1068	2628390.671	1104891.002	2490.071	2628390.671	1104891.002	2490.071	0.0	0.0
1069	2628390.671	1104891.002	2490.071	2628390.671	1104891.002	2490.071	0.0	0.0
1080	2628933.653	1104721.39	2801.0249	2628933.653	1104721.39	2801.0249	0.0	0.0
1081	2628928.092	1104729.769	2797.407	2628928.092	1104729.769	2797.407	0.0	0.0
1082	2628919.36	1104742.907	2790.314	2628919.36	1104742.907	2790.314	0.0	0.0
1083	2628910.623	1104755.924	2780.887	2628910.623	1104755.924	2780.887	0.0	0.0
1084	2628854.4	1104837.763	2710.4399	2628854.4	1104837.763	2710.4399	0.0	0.0
1085	2628854.4	1104837.763	2710.4399	2628854.4	1104837.763	2710.4399	0.0	0.0
1086	2628854.4	1104837.763	2710.4399	2628854.4	1104837.763	2710.4399	0.0	0.0
1087	2628854.4	1104837.763	2710.4399	2628854.4	1104837.763	2710.4399	0.0	0.0
1088	2628854.4	1104837.763	2710.4399	2628854.4	1104837.763	2710.4399	0.0	0.0
1089	2628854.4	1104837.763	2710.4399	2628854.4	1104837.763	2710.4399	0.0	0.0
1090	2628851.4771	1104840.295	2707.843	2628851.954	1104841.137	2708.0591	0.9915123904523592	0.1416446272074798
1091	2628839.05	1104846.136	2696.613	2628838.908	1104845.947	2696.623	0.2366114959227825	0.0338016422746832
1094	2628816.631	1104888.254	2674.8059	2628814.809	1104885.643	2673.822	3.332426174839925	0.4760608821199893
1098	2628699.859	1104844.483	2638.429	2628699.965	1104844.606	2638.272	0.2258627900048163	0.0322661128578308
1099	2628680.856	1104845.431	2633.3931	2628680.881	1104845.776	2633.248	0.3751053318415862	0.0535864759773694
1100	2628648.005	1104836.278	2623.761	2628649.02	1104836.893	2624.0449	1.22026604076864	0.1743237201098057
1106	2628440.119	1104793.839	2564.561	2628440.7111	1104793.808	2564.814	0.6446335470698806	0.0920905067242686
1107	2628387.269	1104777.581	2547.344	2628387.269	1104777.581	2547.344	0.0	0.0
1108	2628387.269	1104777.581	2547.344	2628387.269	1104777.581	2547.344	0.0	0.0
1111	2628395.053	1104891.663	2492.647	2628395.053	1104891.663	2492.647	0.0	0.0
1112	2628390.671	1104891.002	2490.071	2628390.671	1104891.002	2490.071	0.0	0.0
1113	2628390.671	1104891.002	2490.071	2628390.671	1104891.002	2490.071	0.0	0.0
1114	2628390.671	1104891.002	2490.071	2628390.671	1104891.002	2490.071	0.0	0.0
1125	2628933.653	1104721.39	2801.0249	2628933.653	1104721.39	2801.0249	0.0	0.0
1126	2628928.442	1104729.155	2797.9961	2628928.442	1104729.155	2797.9961	0.0	0.0
1127	2628854.4	1104837.763	2710.4399	2628854.4	1104837.763	2710.4399	0.0	0.0
1128	2628854.4	1104837.763	2710.4399	2628854.4	1104837.763	2710.4399	0.0	0.0
1129	2628854.4	1104837.763	2710.4399	2628854.4	1104837.763	2710.4399	0.0	0.0
1130	2628854.4	1104837.763	2710.4399	2628854.4	1104837.763	2710.4399	0.0	0.0
1131	2628854.4	1104837.763	2710.4399	2628854.4	1104837.763	2710.4399	0.0	0.0
1132	2628854.4	1104837.763	2710.4399	2628854.4	1104837.763	2710.4399	0.0	0.0
1133	2628854.4	1104837.763	2710.4399	2628854.4	1104837.763	2710.4399	0.0	0.0
1134	2628854.4	1104837.763	2710.4399	2628854.4	1104837.763	2710.4399	0.0	0.0
1139	2628815.298	1104888.582	2673.176	2628815.298	1104888.582	2673.176	0.0	0.0
1140	2628799.502	1104890.375	2660.718	2628799.656	1104890.365	2660.7939	0.1719790976545115	0.024568442522073
1144	2628690.865	1104858.374	2626.6311	2628690.575	1104858.106	2626.907	0.4817102968647457	0.0688157566949636
1145	2628665.584	1104855.902	2619.5481	2628665.793	1104856.036	2619.429	0.2753576040923852	0.0393368005846264
1146	2628640.99	1104854.209	2612.196	2628641.099	1104853.82	2612.4399	0.4718995760855577	0.0674142251550796
1151	2628460.717	1104813.093	2557.2581	2628460.97	1104812.798	2557.5901	0.5111340334066271	0.0730191476295181
1152	2628431.521	1104815.313	2550.248	2628430.934	1104815.222	2550.301	0.5963715287837206	0.0851959326833886
1156	2628395.053	1104891.663	2492.647	2628400.313	1104893.338	2495.519	6.222668961362355	0.8889527087660507
1157	2628390.671	1104891.002	2490.071	2628390.671	1104891.002	2490.071	0.0	0.0
1158	2628390.671	1104891.002	2490.071	2628390.671	1104891.002	2490.071	0.0	0.0
1159	2628390.671	1104891.002	2490.071	2628390.671	1104891.002	2490.071	0.0	0.0
1170	2628932.5129	1104722.419	2800.6831	2628932.5129	1104722.419	2800.6831	0.0	0.0
1171	2628854.4	1104837.763	2710.4399	2628854.4	1104837.763	2710.4399	0.0	0.0
1172	2628854.4	1104837.763	2710.4399	2628854.4	1104837.763	2710.4399	0.0	0.0
1173	2628854.4	1104837.763	2710.4399	2628854.4	1104837.763	2710.4399	0.0	0.0
1174	2628854.4	1104837.763	2710.4399	2628854.4	1104837.763	2710.4399	0.0	0.0
1175	2628854.4	1104837.763	2710.4399	2628854.4	1104837.763	2710.4399	0.0	0.0
1176	2628854.4	1104837.763	2710.4399	2628854.4	1104837.763	2710.4399	0.0	0.0
1177	2628854.4	1104837.763	2710.4399	2628854.4	1104837.763	2710.4399	0.0	0.0
1178	2628854.4	1104837.763	2710.4399	2628854.4	1104837.763	2710.4399	0.0	0.0
1179	2628854.4	1104837.763	2710.4399	2628854.4	1104837.763	2710.4399	0.0	0.0
1184	2628809.6689	1104908.719	2658.116	2628809.6689	1104908.719	2658.116	0.0	0.0
1185	2628809.6689	1104908.719	2658.116	2628809.6689	1104908.719	2658.116	0.0	0.0
1186	2628789.608	1104899.378	2647.8811	2628789.608	1104899.378	2647.8811	0.0	0.0
1187	2628767.296	1104896.548	2640.3589	2628768.046	1104897.094	2640.7119	0.9925850090029356	0.1417978584289908
1190	2628684.386	1104873.926	2614.2839	2628685.004	1104874.189	2614.012	0.7245844397494114	0.1035120628213445
1191	2628657.224	1104870.703	2605.5371	2628657.913	1104870.742	2605.998	0.8298619224588655	0.1185517032084093
1192	2628634.343	1104870.898	2599.874	2628634.623	1104870.836	2599.9751	0.304080926999382	0.0434401324284831
1197	2628449.261	1104832.889	2542.45	2628449.261	1104832.889	2542.45	0.0	0.0
1198	2628406.711	1104823.446	2529.491	2628405.63	1104823.147	2529.1951	1.1599650039744007	0.1657092862820572
1203	2628390.671	1104891.002	2490.071	2628390.671	1104891.002	2490.071	0.0	0.0
1204	2628390.671	1104891.002	2490.071	2628390.671	1104891.002	2490.071	0.0	0.0
1215	2628933.653	1104721.39	2801.0249	2628933.653	1104721.39	2801.0249	0.0	0.0
1216	2628854.4	1104837.763	2710.4399	2628854.4	1104837.763	2710.4399	0.0	0.0
1217	2628854.4	1104837.763	2710.4399	2628854.4	1104837.763	2710.4399	0.0	0.0
1218	2628854.4	1104837.763	2710.4399	2628854.4	1104837.763	2710.4399	0.0	0.0
1219	2628854.4	1104837.763	2710.4399	2628854.4	1104837.763	2710.4399	0.0	0.0
1220	2628854.4	1104837.763	2710.4399	2628854.4	1104837.763	2710.4399	0.0	0.0
1221	2628854.4	1104837.763	2710.4399	2628854.4	1104837.763	2710.4399	0.0	0.0
1222	2628854.4	1104837.763	2710.4399	2628854.4	1104837.763	2710.4399	0.0	0.0
1223	2628854.4	1104837.763	2710.4399	2628854.4	1104837.763	2710.4399	0.0	0.0
1229	2628815.298	1104888.582	2673.176	2628815.298	1104888.582	2673.176	0.0	0.0
1230	2628810.2419	1104907.786	2659.196	2628810.2419	1104907.786	2659.196	0.0	0.0
1231	2628802.103	1104920.144	2646.354	2628802.103	1104920.144	2646.354	0.0	0.0
1232	2628774.209	1104904.531	2632.7241	2628774.6021	1104904.634	2632.925	0.4533182326072089	0.0647597475153155
1237	2628646.299	1104884.597	2592.3701	2628646.693	1104884.536	2592.4231	0.4022014419217207	0.0574573488459601
1238	2628621.819	1104885.577	2585.8811	2628621.446	1104885.654	2585.6931	0.4247375661632978	0.0606767951661854
1243	2628440.572	1104852.037	2529.2529	2628449.91	1104859.798	2533.8201	12.972689807394058	1.853241401056294
1244	2628405.549	1104848.09	2517.4341	2628405.549	1104848.09	2517.4341	0.0	0.0
1247	2628390.671	1104891.002	2490.071	2628390.671	1104891.002	2490.071	0.0	0.0
1248	2628390.671	1104891.002	2490.071	2628390.671	1104891.002	2490.071	0.0	0.0
1249	2628390.671	1104891.002	2490.071	2628390.671	1104891.002	2490.071	0.0	0.0
1260	2628854.4	1104837.763	2710.4399	2628854.4	1104837.763	2710.4399	0.0	0.0
1261	2628854.4	1104837.763	2710.4399	2628854.4	1104837.763	2710.4399	0.0	0.0
1262	2628854.4	1104837.763	2710.4399	2628854.4	1104837.763	2710.4399	0.0	0.0
1263	2628854.4	1104837.763	2710.4399	2628854.4	1104837.763	2710.4399	0.0	0.0
1264	2628854.4	1104837.763	2710.4399	2628854.4	1104837.763	2710.4399	0.0	0.0
1265	2628854.4	1104837.763	2710.4399	2628854.4	1104837.763	2710.4399	0.0	0.0
1266	2628854.4	1104837.763	2710.4399	2628854.4	1104837.763	2710.4399	0.0	0.0
1267	2628854.4	1104837.763	2710.4399	2628854.4	1104837.763	2710.4399	0.0	0.0
1268	2628854.4	1104837.763	2710.4399	2628854.4	1104837.763	2710.4399	0.0	0.0
1274	2628815.298	1104888.582	2673.176	2628815.298	1104888.582	2673.176	0.0	0.0
1275	2628799.37	1104922.815	2642.4641	2628799.37	1104922.815	2642.4641	0.0	0.0
1276	2628799.37	1104922.815	2642.4641	2628799.37	1104922.815	2642.4641	0.0	0.0
1277	2628795.204	1104930.541	2636.0891	2628795.204	1104930.541	2636.0891	0.0	0.0
1278	2628771.8051	1104925.108	2623.511	2628772.1	1104925.106	2623.5029	0.2950179995468546	0.0421454285066935
1284	2628614.6219	1104901.952	2572.064	2628614.6219	1104901.952	2572.064	0.0	0.0
1290	2628392.513	1104863.918	2500.814	2628392.513	1104863.918	2500.814	0.0	0.0
1291	2628395.053	1104891.663	2492.647	2628400.313	1104893.338	2495.519	6.222668961362355	0.8889527087660507
1292	2628390.671	1104891.002	2490.071	2628390.671	1104891.002	2490.071	0.0	0.0
1293	2628390.671	1104891.002	2490.071	2628390.671	1104891.002	2490.071	0.0	0.0
1305	2628854.4	1104837.763	2710.4399	2628854.4	1104837.763	2710.4399	0.0	0.0
1306	2628854.4	1104837.763	2710.4399	2628854.4	1104837.763	2710.4399	0.0	0.0
1307	2628854.4	1104837.763	2710.4399	2628854.4	1104837.763	2710.4399	0.0	0.0
1308	2628854.4	1104837.763	2710.4399	2628854.4	1104837.763	2710.4399	0.0	0.0
1309	2628854.4	1104837.763	2710.4399	2628854.4	1104837.763	2710.4399	0.0	0.0
1310	2628854.4	1104837.763	2710.4399	2628854.4	1104837.763	2710.4399	0.0	0.0
1311	2628854.4	1104837.763	2710.4399	2628854.4	1104837.763	2710.4399	0.0	0.0
1312	2628854.4	1104837.763	2710.4399	2628854.4	1104837.763	2710.4399	0.0	0.0
1313	2628854.4	1104837.763	2710.4399	2628854.4	1104837.763	2710.4399	0.0	0.0
1319	2628815.298	1104888.582	2673.176	2628815.298	1104888.582	2673.176	0.0	0.0
1320	2628799.37	1104922.815	2642.4641	2628799.37	1104922.815	2642.4641	0.0	0.0
1321	2628799.37	1104922.815	2642.4641	2628799.37	1104922.815	2642.4641	0.0	0.0
1322	2628795.057	1104930.785	2635.99	2628795.204	1104930.541	2636.0891	0.3016053877827335	0.0430864839689619
1323	2628785.127	1104944.916	2622.812	2628785.127	1104944.916	2622.812	0.0	0.0
1324	2628759.142	1104932.519	2611.207	2628759.438	1104932.811	2611.2241	0.4161398923369273	0.0594485560481324
1330	2628607.566	1104916.074	2561.7429	2628607.674	1104915.78	2561.9761	0.3904897437810237	0.0557842491115748
1335	2628438.069	1104899.755	2508.884	2628438.2209	1104899.468	2509.0439	0.3619538918898977	0.0517076988414139
1336	2628395.053	1104891.663	2492.647	2628395.053	1104891.663	2492.647	0.0	0.0
1338	2628373.755	1104923.795	2462.929	2628373.755	1104923.795	2462.929	0.0	0.0
1350	2628854.4	1104837.763	2710.4399	2628854.4	1104837.763	2710.4399	0.0	0.0
1351	2628854.4	1104837.763	2710.4399	2628854.4	1104837.763	2710.4399	0.0	0.0
1352	2628854.4	1104837.763	2710.4399	2628854.4	1104837.763	2710.4399	0.0	0.0
1353	2628854.4	1104837.763	2710.4399	2628854.4	1104837.763	2710.4399	0.0	0.0
1354	2628854.4	1104837.763	2710.4399	2628854.4	1104837.763	2710.4399	0.0	0.0
1355	2628854.4	1104837.763	2710.4399	2628854.4	1104837.763	2710.4399	0.0	0.0
1356	2628854.4	1104837.763	2710.4399	2628854.4	1104837.763	2710.4399	0.0	0.0
1357	2628854.4	1104837.763	2710.4399	2628854.4	1104837.763	2710.4399	0.0	0.0
1364	2628815.298	1104888.582	2673.176	2628815.298	1104888.582	2673.176	0.0	0.0
1365	2628799.37	1104922.815	2642.4641	2628799.37	1104922.815	2642.4641	0.0	0.0
1366	2628799.37	1104922.815	2642.4641	2628799.37	1104922.815	2642.4641	0.0	0.0
1367	2628795.204	1104930.541	2636.0891	2628795.204	1104930.541	2636.0891	0.0	0.0
1368	2628785.127	1104944.916	2622.812	2628785.127	1104944.916	2622.812	0.0	0.0
1369	2628777.434	1104957.45	2613.1531	2628778.855	1104955.219	2614.998	3.224943101802521	0.4607061574003602
1370	2628755.012	1104949.083	2601.814	2628755.575	1104949.676	2602.092	0.863656181559896	0.1233794545085565
1376	2628596.704	1104932.255	2549.45	2628596.33	1104931.977	2549.4939	0.4680675270087866	0.0668667895726838
1381	2628426.943	1104917.305	2493.842	2628427.374	1104917.554	2493.885	0.4996108484798225	0.0713729783542603
1383	2628373.755	1104923.795	2462.929	2628373.755	1104923.795	2462.929	0.0	0.0
1395	2628854.4	1104837.763	2710.4399	2628854.4	1104837.763	2710.4399	0.0	0.0
1396	2628854.4	1104837.763	2710.4399	2628854.4	1104837.763	2710.4399	0.0	0.0
1397	2628854.4	1104837.763	2710.4399	2628854.4	1104837.763	2710.4399	0.0	0.0
1398	2628854.4	1104837.763	2710.4399	2628854.4	1104837.763	2710.4399	0.0	0.0
1399	2628854.4	1104837.763	2710.4399	2628854.4	1104837.763	2710.4399	0.0	0.0
1400	2628854.4	1104837.763	2710.4399	2628854.4	1104837.763	2710.4399	0.0	0.0
1401	2628854.4	1104837.763	2710.4399	2628854.4	1104837.763	2710.4399	0.0	0.0
1402	2628854.4	1104837.763	2710.4399	2628854.4	1104837.763	2710.4399	0.0	0.0
1409	2628815.298	1104888.582	2673.176	2628815.298	1104888.582	2673.176	0.0	0.0
1410	2628799.37	1104922.815	2642.4641	2628799.37	1104922.815	2642.4641	0.0	0.0
1411	2628799.37	1104922.815	2642.4641	2628799.37	1104922.815	2642.4641	0.0	0.0
1412	2628795.204	1104930.541	2636.0891	2628795.204	1104930.541	2636.0891	0.0	0.0
1413	2628785.127	1104944.916	2622.812	2628785.127	1104944.916	2622.812	0.0	0.0
1414	2628778.859	1104955.271	2614.9619	2628778.859	1104955.271	2614.9619	0.0	0.0
1415	2628770.877	1104967.283	2606.312	2628770.632	1104966.971	2606.2839	0.3976916015214968	0.0568130859316424
1416	2628745.2679	1104962.072	2589.8091	2628745.7581	1104962.178	2589.925	0.5147473655818349	0.0735353379402621
1422	2628588.4139	1104948.271	2535.5779	2628588.4139	1104948.271	2535.5779	0.0	0.0
1423	2628568.4659	1104952.587	2531.0891	2628567.589	1104951.59	2530.8921	1.342300864189633	0.1917572663128047
1427	2628414.464	1104932.679	2478.4839	2628413.825	1104932.263	2478.2671	0.7927037529436017	0.1132433932776574
1428	2628367.439	1104925.241	2457.9221	2628367.382	1104924.78	2458.053	0.4826021237546014	0.0689431605363716
1437	2628236.817	1105065.895	2338.406	2628236.817	1105065.895	2338.406	0.0	0.0
1438	2628232.674	1105083.348	2325.905	2628232.674	1105083.348	2325.905	0.0	0.0
1440	2628854.4	1104837.763	2710.4399	2628854.4	1104837.763	2710.4399	0.0	0.0
1441	2628854.4	1104837.763	2710.4399	2628854.4	1104837.763	2710.4399	0.0	0.0
1442	2628854.4	1104837.763	2710.4399	2628854.4	1104837.763	2710.4399	0.0	0.0
1443	2628854.4	1104837.763	2710.4399	2628854.4	1104837.763	2710.4399	0.0	0.0
1444	2628854.4	1104837.763	2710.4399	2628854.4	1104837.763	2710.4399	0.0	0.0
1445	2628854.4	1104837.763	2710.4399	2628854.4	1104837.763	2710.4399	0.0	0.0
1446	2628854.4	1104837.763	2710.4399	2628854.4	1104837.763	2710.4399	0.0	0.0
1454	2628815.298	1104888.582	2673.176	2628815.298	1104888.582	2673.176	0.0	0.0
1455	2628799.37	1104922.815	2642.4641	2628810.2419	1104907.786	2659.196	24.98050296148792	3.56864328021256
1456	2628799.37	1104922.815	2642.4641	2628799.37	1104922.815	2642.4641	0.0	0.0
1457	2628795.204	1104930.541	2636.0891	2628795.204	1104930.541	2636.0891	0.0	0.0
1458	2628780.269	1104951.186	2617.572	2628780.269	1104951.186	2617.572	0.0	0.0
1459	2628778.728	1104955.479	2614.8259	2628778.859	1104955.271	2614.9619	0.280928816705403	0.0401326881007718
1460	2628763.744	1104977.947	2596.0569	2628763.744	1104977.947	2596.0569	0.0	0.0
1461	2628762.431	1104979.861	2593.5649	2628762.739	1104979.614	2593.9099	0.5243071619829565	0.0749010231404223
1462	2628738.756	1104976.139	2579.6931	2628738.849	1104975.881	2579.865	0.3236705268214294	0.0462386466887756
1468	2628583.913	1104966.895	2525.8679	2628583.952	1104966.493	2526.21	0.5292989797756203	0.0756141399679457
1469	2628557.4449	1104969.269	2519.603	2628557.62	1104968.954	2519.8611	0.443283904681685	0.0633262720973835
1473	2628401.402	1104949.105	2462.4719	2628400.76	1104948.714	2462.8921	0.8611695768189445	0.1230242252598492
1481	2628241.918	1105048.145	2348.521	2628241.918	1105048.145	2348.521	0.0	0.0
1482	2628236.817	1105065.895	2338.406	2628236.817	1105065.895	2338.406	0.0	0.0
1483	2628232.674	1105083.348	2325.905	2628232.674	1105083.348	2325.905	0.0	0.0
1484	2628223.793	1105109.236	2304.512	2628223.793	1105109.236	2304.512	0.0	0.0
1485	2628854.4	1104837.763	2710.4399	2628854.4	1104837.763	2710.4399	0.0	0.0
1486	2628854.4	1104837.763	2710.4399	2628854.4	1104837.763	2710.4399	0.0	0.0
1487	2628854.4	1104837.763	2710.4399	2628854.4	1104837.763	2710.4399	0.0	0.0
1488	2628854.4	1104837.763	2710.4399	2628854.4	1104837.763	2710.4399	0.0	0.0
1489	2628854.4	1104837.763	2710.4399	2628854.4	1104837.763	2710.4399	0.0	0.0
1490	2628854.4	1104837.763	2710.4399	2628854.4	1104837.763	2710.4399	0.0	0.0
1491	2628854.4	1104837.763	2710.4399	2628854.4	1104837.763	2710.4399	0.0	0.0
1499	2628815.298	1104888.582	2673.176	2628815.298	1104888.582	2673.176	0.0	0.0
1500	2628799.37	1104922.815	2642.4641	2628799.37	1104922.815	2642.4641	0.0	0.0
1501	2628799.37	1104922.815	2642.4641	2628799.37	1104922.815	2642.4641	0.0	0.0
1502	2628795.204	1104930.541	2636.0891	2628795.204	1104930.541	2636.0891	0.0	0.0
1503	2628785.127	1104944.916	2622.812	2628785.127	1104944.916	2622.812	0.0	0.0
1504	2628778.855	1104955.219	2614.998	2628778.855	1104955.219	2614.998	0.0	0.0
1505	2628763.744	1104977.947	2596.0569	2628763.744	1104977.947	2596.0569	0.0	0.0
1506	2628757.032	1104988.28	2585.636	2628757.032	1104988.28	2585.636	0.0	0.0
1507	2628752.902	1104994.469	2579.9529	2628752.902	1104994.469	2579.9529	0.0	0.0
1514	2628577.828	1104986.099	2516.5181	2628577.806	1104985.806	2516.676	0.3335647012439494	0.047652100177707
1515	2628559.46	1104994.886	2510.5229	2628559.262	1104994.761	2510.4221	0.2549306571285115	0.036418665304073
1519	2628388.079	1104965.872	2446.793	2628386.185	1104965.178	2446.3521	2.0647674952189368	0.2949667850312766
1520	2628352.845	1104967.022	2433.6069	2628352.468	1104966.81	2433.7	0.4424258245984152	0.063203689228345
1525	2628250.073	1105028.778	2354.488	2628250.751	1105028.256	2355.1101	1.0579113433033152	0.1511301919004735
1526	2628241.918	1105048.145	2348.521	2628241.918	1105048.145	2348.521	0.0	0.0
1527	2628236.817	1105065.895	2338.406	2628236.817	1105065.895	2338.406	0.0	0.0
1528	2628232.674	1105083.348	2325.905	2628232.674	1105083.348	2325.905	0.0	0.0
1529	2628224.215	1105107.883	2305.3821	2628224.215	1105107.883	2305.3821	0.0	0.0
1530	2628854.4	1104837.763	2710.4399	2628854.4	1104837.763	2710.4399	0.0	0.0
1531	2628854.4	1104837.763	2710.4399	2628854.4	1104837.763	2710.4399	0.0	0.0
1532	2628854.4	1104837.763	2710.4399	2628854.4	1104837.763	2710.4399	0.0	0.0
1533	2628854.4	1104837.763	2710.4399	2628854.4	1104837.763	2710.4399	0.0	0.0
1534	2628854.4	1104837.763	2710.4399	2628854.4	1104837.763	2710.4399	0.0	0.0
1535	2628854.4	1104837.763	2710.4399	2628854.4	1104837.763	2710.4399	0.0	0.0
1544	2628815.298	1104888.582	2673.176	2628815.298	1104888.582	2673.176	0.0	0.0
1545	2628810.2419	1104907.786	2659.196	2628810.2419	1104907.786	2659.196	0.0	0.0
1546	2628799.37	1104922.815	2642.4641	2628799.37	1104922.815	2642.4641	0.0	0.0
1547	2628794.8781	1104931.049	2635.719	2628794.8781	1104931.049	2635.719	0.0	0.0
1548	2628780.269	1104951.186	2617.572	2628780.269	1104951.186	2617.572	0.0	0.0
1549	2628778.985	1104955.106	2615.1101	2628779.0341	1104954.956	2615.22	0.1923247773083406	0.0274749681869058
1550	2628763.744	1104977.947	2596.0569	2628763.744	1104977.947	2596.0569	0.0	0.0
1551	2628762.0959	1104980.552	2592.915	2628762.0959	1104980.552	2592.915	0.0	0.0
1552	2628747.616	1105002.507	2572.6851	2628747.616	1105002.507	2572.6851	0.0	0.0
1553	2628744.382	1105007.316	2568.2571	2628744.382	1105007.316	2568.2571	0.0	0.0
1559	2628587.004	1104992.866	2507.0029	2628586.601	1104992.269	2506.9971	0.7203135706921949	0.1029019386703135
1560	2628574.896	1105005.016	2507.2991	2628574.752	1105004.957	2507.5459	0.2917657281226526	0.041680818303236
1561	2628554.483	1105011.189	2500.312	2628554.657	1105010.953	2500.3621	0.2974592578085382	0.042494179686934
1565	2628374.408	1104981.183	2428.636	2628372.741	1104980.717	2427.9241	1.8715893271971396	0.2673699038853056
1570	2628249.606	1105029.755	2354.3049	2628249.944	1105030.386	2354.532	0.7509856257334708	0.1072836608190672
1571	2628241.614	1105048.745	2348.304	2628241.734	1105049.349	2347.356	1.1304512372526554	0.1614930338932365
1572	2628236.817	1105065.895	2338.406	2628236.817	1105065.895	2338.406	0.0	0.0
1573	2628234.41	1105085.582	2325.761	2628234.41	1105085.582	2325.761	0.0	0.0
1574	2628223.708	1105109.57	2304.2971	2628223.361	1105110.23	2304.021	0.7951353406406154	0.1135907629486593
1575	2628854.4	1104837.763	2710.4399	2628854.4	1104837.763	2710.4399	0.0	0.0
1576	2628854.4	1104837.763	2710.4399	2628854.4	1104837.763	2710.4399	0.0	0.0
1577	2628854.4	1104837.763	2710.4399	2628854.4	1104837.763	2710.4399	0.0	0.0
1578	2628854.4	1104837.763	2710.4399	2628854.4	1104837.763	2710.4399	0.0	0.0
1579	2628854.4	1104837.763	2710.4399	2628854.4	1104837.763	2710.4399	0.0	0.0
1580	2628854.4	1104837.763	2710.4399	2628854.4	1104837.763	2710.4399	0.0	0.0
1589	2628815.298	1104888.582	2673.176	2628815.298	1104888.582	2673.176	0.0	0.0
1590	2628799.37	1104922.815	2642.4641	2628799.37	1104922.815	2642.4641	0.0	0.0
1591	2628799.37	1104922.815	2642.4641	2628799.37	1104922.815	2642.4641	0.0	0.0
1592	2628795.204	1104930.541	2636.0891	2628795.204	1104930.541	2636.0891	0.0	0.0
1593	2628785.127	1104944.916	2622.812	2628785.127	1104944.916	2622.812	0.0	0.0
1594	2628779.082	1104954.9	2615.282	2628779.082	1104954.9	2615.282	0.0	0.0
1595	2628763.744	1104977.947	2596.0569	2628763.744	1104977.947	2596.0569	0.0	0.0
1596	2628762.358	1104980.135	2593.3081	2628762.739	1104979.614	2593.9099	0.8824767645594029	0.1260681092227718
1597	2628747.616	1105002.507	2572.6851	2628747.616	1105002.507	2572.6851	0.0	0.0
1598	2628745.775	1105005.287	2570.0171	2628745.775	1105005.287	2570.0171	0.0	0.0
1599	2628735.358	1105015.115	2559.02	2628735.358	1105015.115	2559.02	0.0	0.0
1602	2628711.2111	1105052.342	2557.365	2628711.2111	1105052.342	2557.365	0.0	0.0
1605	2628579.09	1105009.365	2495.019	2628578.9561	1105009.28	2495.125	0.1907621816174587	0.0272517402310655
1606	2628562.101	1105018.693	2495.2749	2628561.9969	1105018.603	2495.5181	0.2794334445653574	0.0399190635093367
1607	2628545.623	1105025.893	2489.771	2628545.683	1105025.583	2489.926	0.3517456465927002	0.0502493780846714
1615	2628250.073	1105028.778	2354.488	2628250.073	1105028.778	2354.488	0.0	0.0
1616	2628249.355	1105033.625	2354.8679	2628249.355	1105033.625	2354.8679	0.0	0.0
1617	2628235.667	1105069.478	2335.085	2628235.667	1105069.478	2335.085	0.0	0.0
1618	2628249.355	1105033.625	2354.8679	2628249.355	1105033.625	2354.8679	0.0	0.0
1619	2628223.708	1105109.57	2304.2971	2628223.387	1105109.953	2304.2351	0.5035613169535201	0.07193733099336
1620	2628854.4	1104837.763	2710.4399	2628854.4	1104837.763	2710.4399	0.0	0.0
1621	2628854.4	1104837.763	2710.4399	2628854.4	1104837.763	2710.4399	0.0	0.0
1622	2628854.4	1104837.763	2710.4399	2628854.4	1104837.763	2710.4399	0.0	0.0
1623	2628854.4	1104837.763	2710.4399	2628854.4	1104837.763	2710.4399	0.0	0.0
1624	2628854.4	1104837.763	2710.4399	2628854.4	1104837.763	2710.4399	0.0	0.0
1625	2628854.4	1104837.763	2710.4399	2628854.4	1104837.763	2710.4399	0.0	0.0
1634	2628815.298	1104888.582	2673.176	2628815.298	1104888.582	2673.176	0.0	0.0
1635	2628799.37	1104922.815	2642.4641	2628799.37	1104922.815	2642.4641	0.0	0.0
1636	2628799.37	1104922.815	2642.4641	2628799.37	1104922.815	2642.4641	0.0	0.0
1637	2628795.204	1104930.541	2636.0891	2628795.204	1104930.541	2636.0891	0.0	0.0
1638	2628785.127	1104944.916	2622.812	2628785.127	1104944.916	2622.812	0.0	0.0
1639	2628763.744	1104977.947	2596.0569	2628763.744	1104977.947	2596.0569	0.0	0.0
1640	2628763.744	1104977.947	2596.0569	2628763.744	1104977.947	2596.0569	0.0	0.0
1641	2628761.891	1104980.679	2592.7051	2628761.991	1104980.412	2592.9619	0.3837124444352461	0.0548160634907494
1642	2628754.248	1104992.485	2582.165	2628754.248	1104992.485	2582.165	0.0	0.0
1643	2628745.613	1105005.437	2569.8811	2628745.613	1105005.437	2569.8811	0.0	0.0
1645	2628722.469	1105025.003	2548.0281	2628722.723	1105024.968	2548.2749	0.3558809352727328	0.0508401336103904
1651	2628573.6281	1105024.543	2485.3979	2628574.12	1105024.57	2485.6121	0.5371929357795662	0.0767418479685094
1652	2628553.903	1105034.099	2480.7439	2628553.903	1105034.099	2480.7439	0.0	0.0
1653	2628535.772	1105041.751	2476.8359	2628534.837	1105041.543	2476.615	0.9829983774399592	0.1404283396342799
1660	2628250.332	1105028.453	2354.917	2628251.0	1105027.177	2355.457	1.5381807436921062	0.2197401062417294
1661	2628241.918	1105048.145	2348.521	2628242.042	1105048.539	2348.438	0.4213086754724479	0.0601869536389211
1662	2628236.817	1105065.895	2338.406	2628236.817	1105065.895	2338.406	0.0	0.0
1663	2628230.368	1105086.962	2321.436	2628230.368	1105086.962	2321.436	0.0	0.0
1664	2628224.613	1105106.068	2306.644	2628224.613	1105106.068	2306.644	0.0	0.0
1665	2628854.4	1104837.763	2710.4399	2628854.4	1104837.763	2710.4399	0.0	0.0
1666	2628854.4	1104837.763	2710.4399	2628854.4	1104837.763	2710.4399	0.0	0.0
1667	2628854.4	1104837.763	2710.4399	2628854.4	1104837.763	2710.4399	0.0	0.0
1668	2628854.4	1104837.763	2710.4399	2628854.4	1104837.763	2710.4399	0.0	0.0
1669	2628854.4	1104837.763	2710.4399	2628854.4	1104837.763	2710.4399	0.0	0.0
1679	2628811.058	1104887.483	2669.3911	2628815.298	1104888.582	2673.176	5.788857314513103	0.8269796163590147
1680	2628799.37	1104922.815	2642.4641	2628799.37	1104922.815	2642.4641	0.0	0.0
1681	2628799.37	1104922.815	2642.4641	2628799.37	1104922.815	2642.4641	0.0	0.0
1682	2628794.8781	1104931.049	2635.719	2628794.8781	1104931.049	2635.719	0.0	0.0
1683	2628785.127	1104944.916	2622.812	2628785.127	1104944.916	2622.812	0.0	0.0
1684	2628763.744	1104977.947	2596.0569	2628763.744	1104977.947	2596.0569	0.0	0.0
1685	2628763.744	1104977.947	2596.0569	2628763.744	1104977.947	2596.0569	0.0	0.0
1686	2628762.238	1104980.386	2593.0991	2628762.0861	1104980.188	2593.134	0.2519833723192637	0.0359976246170376
1687	2628753.292	1104993.211	2580.7981	2628753.292	1104993.211	2580.7981	0.0	0.0
1688	2628745.613	1105005.437	2569.8811	2628745.743	1105005.324	2569.9919	0.2048063474293529	0.0292580496327647
1697	2628565.7629	1105041.801	2472.4021	2628565.069	1105041.422	2472.575	0.8093408551056592	0.1156201221579513
1698	2628549.718	1105051.512	2470.637	2628550.047	1105051.489	2470.438	0.3851895636478928	0.0550270805211275
1699	2628524.822	1105054.802	2463.5869	2628525.1071	1105054.603	2463.7549	0.3861437685591223	0.055163395508446
1705	2628261.402	1105035.25	2355.0659	2628260.853	1105035.045	2354.718	0.6815133231611822	0.0973590461658831
1706	2628241.858	1105048.923	2348.01	2628241.882	1105048.865	2348.2351	0.2336878473633611	0.0333839781947658
1707	2628235.667	1105069.478	2335.085	2628235.667	1105069.478	2335.085	0.0	0.0
1708	2628230.243	1105088.142	2320.177	2628230.092	1105087.722	2320.6509	0.6509855680567129	0.0929979382938161
1709	2628224.613	1105106.068	2306.644	2628224.613	1105106.068	2306.644	0.0	0.0
1710	2628854.4	1104837.763	2710.4399	2628854.4	1104837.763	2710.4399	0.0	0.0
1711	2628854.4	1104837.763	2710.4399	2628854.4	1104837.763	2710.4399	0.0	0.0
1712	2628854.4	1104837.763	2710.4399	2628854.4	1104837.763	2710.4399	0.0	0.0
1713	2628854.4	1104837.763	2710.4399	2628854.4	1104837.763	2710.4399	0.0	0.0
1714	2628854.4	1104837.763	2710.4399	2628854.4	1104837.763	2710.4399	0.0	0.0
1724	2628815.298	1104888.582	2673.176	2628815.298	1104888.582	2673.176	0.0	0.0
1725	2628799.37	1104922.815	2642.4641	2628799.37	1104922.815	2642.4641	0.0	0.0
1726	2628799.37	1104922.815	2642.4641	2628799.37	1104922.815	2642.4641	0.0	0.0
1727	2628795.204	1104930.541	2636.0891	2628795.204	1104930.541	2636.0891	0.0	0.0
1728	2628785.127	1104944.916	2622.812	2628785.127	1104944.916	2622.812	0.0	0.0
1729	2628763.744	1104977.947	2596.0569	2628763.744	1104977.947	2596.0569	0.0	0.0
1730	2628763.744	1104977.947	2596.0569	2628763.744	1104977.947	2596.0569	0.0	0.0
1731	2628762.238	1104980.386	2593.0991	2628762.238	1104980.386	2593.0991	0.0	0.0
1743	2628559.135	1105057.598	2461.9771	2628558.816	1105057.462	2462.2	0.412239505351135	0.058891357907305
1744	2628540.328	1105065.591	2459.4729	2628540.588	1105065.434	2459.606	0.3316091221941518	0.0473727317420216
1745	2628517.829	1105070.271	2451.0649	2628517.932	1105069.686	2451.3391	0.6542320994732154	0.0934617284961736
1748	2628382.612	1105057.262	2395.624	2628383.165	1105057.183	2395.699	0.5636266493393782	0.0805180927627683
1751	2628255.907	1105056.481	2342.489	2628255.464	1105056.269	2342.5569	0.4957856491462401	0.0708265213066057
1752	2628236.817	1105065.895	2338.406	2628236.817	1105065.895	2338.406	0.0	0.0
1753	2628229.799	1105088.381	2319.936	2628229.799	1105088.381	2319.936	0.0	0.0
1754	2628224.613	1105106.068	2306.644	2628224.613	1105106.068	2306.644	0.0	0.0
1755	2628854.4	1104837.763	2710.4399	2628854.4	1104837.763	2710.4399	0.0	0.0
1756	2628854.4	1104837.763	2710.4399	2628854.4	1104837.763	2710.4399	0.0	0.0
1757	2628854.4	1104837.763	2710.4399	2628854.4	1104837.763	2710.4399	0.0	0.0
1758	2628854.4	1104837.763	2710.4399	2628854.4	1104837.763	2710.4399	0.0	0.0
1769	2628815.298	1104888.582	2673.176	2628815.298	1104888.582	2673.176	0.0	0.0
1770	2628799.37	1104922.815	2642.4641	2628799.37	1104922.815	2642.4641	0.0	0.0
1771	2628799.37	1104922.815	2642.4641	2628799.37	1104922.815	2642.4641	0.0	0.0
1772	2628794.8781	1104931.049	2635.719	2628795.057	1104930.785	2635.99	0.4184999524100327	0.0597857074871475
1773	2628785.127	1104944.916	2622.812	2628785.127	1104944.916	2622.812	0.0	0.0
1774	2628779.0341	1104954.956	2615.22	2628779.0341	1104954.956	2615.22	0.0	0.0
1775	2628763.744	1104977.947	2596.0569	2628763.744	1104977.947	2596.0569	0.0	0.0
1789	2628555.213	1105074.572	2453.9709	2628555.213	1105074.572	2453.9709	0.0	0.0
1790	2628533.6591	1105081.132	2448.2939	2628532.999	1105081.052	2448.135	0.6836528504909115	0.097664692927273
1791	2628507.8781	1105084.697	2438.45	2628507.8311	1105084.21	2438.3911	0.4927953022762789	0.0703993288966112
1794	2628376.678	1105072.764	2381.5569	2628377.243	1105072.307	2381.6221	0.7296060854179969	0.1042294407739995
1797	2628248.048	1105075.004	2329.5071	2628247.644	1105075.235	2329.4209	0.473294242670812	0.0676134632386874
1798	2628229.799	1105088.381	2319.936	2628229.799	1105088.381	2319.936	0.0	0.0
1799	2628224.613	1105106.068	2306.644	2628224.613	1105106.068	2306.644	0.0	0.0
1800	2628854.4	1104837.763	2710.4399	2628854.4	1104837.763	2710.4399	0.0	0.0
1801	2628854.4	1104837.763	2710.4399	2628854.4	1104837.763	2710.4399	0.0	0.0
1802	2628854.4	1104837.763	2710.4399	2628854.4	1104837.763	2710.4399	0.0	0.0
1803	2628854.4	1104837.763	2710.4399	2628854.4	1104837.763	2710.4399	0.0	0.0
1814	2628815.298	1104888.582	2673.176	2628815.298	1104888.582	2673.176	0.0	0.0
1815	2628799.37	1104922.815	2642.4641	2628799.37	1104922.815	2642.4641	0.0	0.0
1816	2628799.37	1104922.815	2642.4641	2628799.37	1104922.815	2642.4641	0.0	0.0
1817	2628795.204	1104930.541	2636.0891	2628795.204	1104930.541	2636.0891	0.0	0.0
1818	2628785.127	1104944.916	2622.812	2628785.127	1104944.916	2622.812	0.0	0.0
1819	2628763.744	1104977.947	2596.0569	2628763.744	1104977.947	2596.0569	0.0	0.0
1820	2628763.744	1104977.947	2596.0569	2628763.744	1104977.947	2596.0569	0.0	0.0
1835	2628547.447	1105091.757	2443.29	2628547.2531	1105091.781	2443.502	0.2883005551793439	0.0411857935970491
1836	2628530.094	1105099.012	2438.8899	2628530.752	1105099.327	2439.0491	0.7466817526426466	0.1066688218060923
1837	2628498.468	1105099.319	2426.0649	2628498.468	1105099.319	2426.0649	0.0	0.0
1838	2628467.421	1105102.664	2413.3	2628466.886	1105102.442	2413.415	0.5905370438754581	0.0843624348393511
1839	2628408.688	1105091.473	2384.7949	2628408.479	1105091.731	2384.4961	0.4466838256153499	0.0638119750879071
1840	2628360.012	1105086.914	2363.8411	2628359.595	1105086.743	2363.8259	0.4509556962127206	0.0644222423161029
1842	2628269.676	1105086.2	2325.5591	2628269.676	1105086.2	2325.5591	0.0	0.0
1843	2628237.838	1105093.858	2314.4199	2628237.838	1105093.858	2314.4199	0.0	0.0
1844	2628224.613	1105106.068	2306.644	2628224.613	1105106.068	2306.644	0.0	0.0
1845	2628854.4	1104837.763	2710.4399	2628854.4	1104837.763	2710.4399	0.0	0.0
1846	2628854.4	1104837.763	2710.4399	2628854.4	1104837.763	2710.4399	0.0	0.0
1847	2628854.4	1104837.763	2710.4399	2628854.4	1104837.763	2710.4399	0.0	0.0
1860	2628799.37	1104922.815	2642.4641	2628799.37	1104922.815	2642.4641	0.0	0.0
1861	2628799.37	1104922.815	2642.4641	2628799.37	1104922.815	2642.4641	0.0	0.0
1881	2628543.66	1105107.179	2433.4609	2628543.978	1105107.014	2433.748	0.4591028316111158	0.0655861188015879
1882	2628525.631	1105115.578	2429.7539	2628526.488	1105115.946	2430.199	1.0334345696482592	0.1476335099497513
1883	2628495.915	1105117.878	2417.2261	2628495.649	1105117.674	2417.188	0.3373775479671673	0.0481967925667381
1884	2628460.158	1105119.089	2402.293	2628460.241	1105118.855	2402.531	0.3439316792443648	0.0491330970349092
1885	2628390.921	1105104.181	2366.751	2628390.67	1105104.029	2366.7971	0.2970357050639043	0.0424336721519863
1888	2628258.951	1105105.478	2310.6211	2628258.951	1105105.478	2310.6211	0.0	0.0
1889	2628229.539	1105113.76	2301.6221	2628229.037	1105113.622	2301.583	0.5220888907756779	0.0745841272536682
1890	2628854.4	1104837.763	2710.4399	2628854.4	1104837.763	2710.4399	0.0	0.0
1891	2628854.4	1104837.763	2710.4399	2628854.4	1104837.763	2710.4399	0.0	0.0
1892	2628854.4	1104837.763	2710.4399	2628854.4	1104837.763	2710.4399	0.0	0.0
1905	2628799.37	1104922.815	2642.4641	2628799.37	1104922.815	2642.4641	0.0	0.0
1909	2628763.744	1104977.947	2596.0569	2628763.744	1104977.947	2596.0569	0.0	0.0
1927	2628534.569	1105121.82	2421.0669	2628534.569	1105121.82	2421.0669	0.0	0.0
1928	2628517.13	1105132.101	2417.1599	2628517.13	1105132.101	2417.1599	0.0	0.0
1929	2628489.536	1105134.411	2406.605	2628489.536	1105134.411	2406.605	0.0	0.0
1930	2628451.905	1105134.711	2390.9939	2628451.0601	1105134.1	2390.3359	1.2329399862129236	0.1761342837447033
1934	2628252.951	1105124.366	2297.4751	2628253.052	1105124.015	2297.7129	0.4358335003976452	0.062261928628235
1935	2628854.4	1104837.763	2710.4399	2628854.4	1104837.763	2710.4399	0.0	0.0
1936	2628854.4	1104837.763	2710.4399	2628854.4	1104837.763	2710.4399	0.0	0.0
1937	2628854.4	1104837.763	2710.4399	2628854.4	1104837.763	2710.4399	0.0	0.0
1973	2628519.755	1105134.613	2405.844	2628520.38	1105134.342	2406.655	1.0591444660540807	0.1513063522934401
1974	2628510.826	1105146.465	2406.625	2628510.542	1105146.646	2406.3269	0.4497561672094939	0.0642508810299277
1975	2628477.8831	1105148.193	2392.4839	2628478.049	1105147.993	2392.7939	0.4045031643262435	0.0577861663323205
1976	2628454.1	1105154.944	2385.356	2628453.948	1105155.11	2385.3311	0.2264509000603682	0.0323501285800526
1977	2628373.015	1105137.01	2340.5139	2628372.977	1105137.128	2341.0229	0.5238788027943847	0.0748398289706263
1980	2628854.4	1104837.763	2710.4399	2628854.4	1104837.763	2710.4399	0.0	0.0
1981	2628854.4	1104837.763	2710.4399	2628854.4	1104837.763	2710.4399	0.0	0.0
2019	2628517.095	1105150.276	2400.6709	2628517.095	1105150.276	2400.6709	0.0	0.0
2020	2628494.7209	1105157.219	2391.2881	2628494.7209	1105157.219	2391.2881	0.0	0.0
2021	2628465.342	1105161.131	2378.998	2628465.535	1105161.224	2378.8811	0.2440565712404143	0.0348652244629163
2022	2628449.0699	1105172.611	2374.7791	2628448.844	1105172.785	2374.623	0.3250754065470141	0.0464393437924305
