ID	X_x	Y_x	Z_x	X_y	Y_y	Z_y	Distances	Velocity
1240	2628547.293	1104876.313	2558.9641	2628547.765	1104877.746	2558.5591	1.562145319729044	0.2231636171041491
1241	2628515.422	1104876.106	2548.6321	2628513.342	1104875.167	2547.6321	2.4916101216677697	0.3559443030953956
1242	2628476.5031	1104856.976	2539.499	2628474.979	1104856.075	2538.927	1.8606089890799884	0.265801284154284
1286	2628540.9091	1104898.491	2546.3799	2628540.71	1104899.026	2545.8169	0.8017697986958688	0.1145385426708384
1287	2628515.9449	1104899.757	2541.3291	2628516.621	1104901.453	2541.22	1.8290516722409635	0.2612930960344233
1288	2628472.049	1104879.411	2528.3459	2628472.77	1104880.384	2528.5049	1.221413525329051	0.1744876464755787
1289	2628446.162	1104880.576	2522.4761	2628446.4871	1104880.407	2522.5769	0.3800153286497819	0.0542879040928259
1332	2628539.1689	1104917.073	2535.8879	2628539.05	1104918.164	2535.615	1.1308813465880148	0.1615544780840021
1333	2628518.196	1104923.544	2531.342	2628517.641	1104924.609	2530.8291	1.3058776397761132	0.1865539485394447
1334	2628470.2729	1104910.846	2514.7571	2628470.1071	1104911.635	2514.332	0.9114387802767836	0.1302055400395405
1377	2628569.311	1104931.635	2538.3621	2628571.993	1104933.685	2539.71	3.6348945525081655	0.5192706503583093
1378	2628527.9659	1104930.449	2522.825	2628528.879	1104931.868	2523.1101	1.7113137117412744	0.2444733873916106
1379	2628501.671	1104935.092	2515.469	2628501.045	1104936.244	2514.853	1.448597942912212	0.2069425632731731
1380	2628469.412	1104932.993	2504.887	2628466.743	1104932.394	2503.6411	3.0057659275347923	0.4293951325049703
1423	2628565.025	1104950.293	2529.718	2628565.2271	1104950.227	2529.7571	0.2161694242143638	0.0308813463163376
1424	2628526.0551	1104953.691	2514.427	2628525.243	1104954.246	2513.8391	1.1459309840801628	0.1637044262971661
1425	2628498.886	1104955.774	2506.178	2628498.433	1104956.141	2506.259	0.5886076790472614	0.0840868112924659
1426	2628460.892	1104949.255	2491.929	2628457.429	1104947.962	2489.8679	4.232298572818775	0.6046140818312535
1470	2628525.36	1104967.524	2506.0549	2628525.355	1104967.342	2506.2009	0.2333773768162883	0.0333396252594697
1471	2628491.972	1104974.043	2495.2859	2628492.267	1104974.872	2495.293	0.8799525042908898	0.1257075006129842
1472	2628459.4611	1104971.346	2482.1709	2628459.422	1104972.476	2481.624	1.255996982594764	0.1794281403706805
1516	2628523.704	1104988.592	2498.4541	2628523.488	1104988.58	2498.4021	0.22249494377034	0.0317849919671914
1517	2628492.189	1104996.988	2484.9209	2628491.7271	1104997.478	2484.49	0.7994538260502023	0.1142076894357431
1518	2628446.205	1104984.592	2468.3721	2628446.6689	1104985.3	2468.3511	0.846704322659162	0.1209577603798802
1562	2628514.005	1105003.976	2485.77	2628514.005	1105003.976	2485.77	0.0	0.0
1563	2628483.948	1105008.636	2473.8291	2628483.439	1105008.657	2473.5291	0.5912038566157729	0.0844576938022532
1564	2628442.458	1105004.147	2459.084	2628442.678	1105004.316	2458.623	0.5380353147175141	0.0768621878167877
1608	2628504.684	1105020.231	2472.0911	2628504.684	1105020.231	2472.0911	0.0	0.0
1609	2628467.663	1105021.249	2458.2271	2628467.629	1105021.584	2458.001	0.4055887202252598	0.0579412457464656
1610	2628426.152	1105015.687	2442.9021	2628426.8361	1105016.144	2442.9299	0.8231735238768471	0.1175962176966924
1654	2628487.979	1105031.432	2455.9299	2628487.979	1105031.432	2455.9299	0.0	0.0
1655	2628455.15	1105034.667	2446.2339	2628453.474	1105034.042	2445.7119	1.8633531602800053	0.2661933086114293
1656	2628419.767	1105031.438	2430.6221	2628419.767	1105031.438	2430.6221	0.0	0.0
1700	2628480.205	1105045.857	2443.6169	2628480.189	1105045.505	2443.772	0.3849883246825061	0.0549983320975008
1701	2628453.011	1105050.784	2432.8721	2628453.011	1105050.784	2432.8721	0.0	0.0
1702	2628413.159	1105049.937	2418.3479	2628413.159	1105049.937	2418.3479	0.0	0.0
1746	2628468.785	1105062.556	2428.9609	2628466.045	1105061.185	2428.0049	3.2095446719655727	0.4585063817093675
1747	2628438.924	1105064.11	2417.3931	2628440.3719	1105064.046	2417.748	1.4921341830022687	0.2131620261431812
1792	2628460.181	1105077.429	2417.2461	2628461.024	1105077.461	2417.6321	0.927722480362947	0.1325317829089924
1793	2628423.351	1105078.923	2400.905	2628423.351	1105078.923	2400.905	0.0	0.0
