ID	X_x	Y_x	Z_x	X_y	Y_y	Z_y	Distances	Velocity
10	2628632.103	1104505.282	2802.4541	2628632.103	1104505.282	2802.4541	0.0	0.0
11	2628632.103	1104505.282	2802.4541	2628632.103	1104505.282	2802.4541	0.0	0.0
12	2628632.103	1104505.282	2802.4541	2628632.103	1104505.282	2802.4541	0.0	0.0
13	2628632.103	1104505.282	2802.4541	2628632.103	1104505.282	2802.4541	0.0	0.0
14	2628632.103	1104505.282	2802.4541	2628632.103	1104505.282	2802.4541	0.0	0.0
15	2628564.757	1104513.436	2769.6909	2628564.757	1104513.436	2769.6909	0.0	0.0
16	2628564.757	1104513.436	2769.6909	2628564.757	1104513.436	2769.6909	0.0	0.0
17	2628564.757	1104513.436	2769.6909	2628564.757	1104513.436	2769.6909	0.0	0.0
18	2628564.757	1104513.436	2769.6909	2628564.757	1104513.436	2769.6909	0.0	0.0
19	2628564.757	1104513.436	2769.6909	2628564.757	1104513.436	2769.6909	0.0	0.0
20	2628564.757	1104513.436	2769.6909	2628564.757	1104513.436	2769.6909	0.0	0.0
21	2628564.757	1104513.436	2769.6909	2628564.757	1104513.436	2769.6909	0.0	0.0
22	2628427.089	1104662.762	2642.6919	2628428.046	1104663.164	2643.2561	1.1814290668002765	0.168775580971468
23	2628419.439	1104670.181	2637.4299	2628419.439	1104670.181	2637.4299	0.0	0.0
24	2628419.439	1104670.181	2637.4299	2628419.439	1104670.181	2637.4299	0.0	0.0
25	2628397.976	1104731.185	2588.207	2628397.976	1104731.185	2588.207	0.0	0.0
26	2628397.009	1104733.501	2587.8831	2628397.009	1104733.501	2587.8831	0.0	0.0
27	2628397.009	1104733.501	2587.8831	2628397.009	1104733.501	2587.8831	0.0	0.0
28	2628397.009	1104733.501	2587.8831	2628397.009	1104733.501	2587.8831	0.0	0.0
29	2628397.009	1104733.501	2587.8831	2628397.009	1104733.501	2587.8831	0.0	0.0
30	2628397.009	1104733.501	2587.8831	2628397.009	1104733.501	2587.8831	0.0	0.0
31	2628397.009	1104733.501	2587.8831	2628397.009	1104733.501	2587.8831	0.0	0.0
32	2628397.009	1104733.501	2587.8831	2628397.009	1104733.501	2587.8831	0.0	0.0
33	2628373.755	1104923.795	2462.929	2628373.755	1104923.795	2462.929	0.0	0.0
55	2628632.103	1104505.282	2802.4541	2628632.103	1104505.282	2802.4541	0.0	0.0
56	2628632.103	1104505.282	2802.4541	2628632.103	1104505.282	2802.4541	0.0	0.0
57	2628632.103	1104505.282	2802.4541	2628632.103	1104505.282	2802.4541	0.0	0.0
58	2628632.103	1104505.282	2802.4541	2628632.103	1104505.282	2802.4541	0.0	0.0
59	2628564.757	1104513.436	2769.6909	2628564.757	1104513.436	2769.6909	0.0	0.0
60	2628564.757	1104513.436	2769.6909	2628564.757	1104513.436	2769.6909	0.0	0.0
61	2628564.757	1104513.436	2769.6909	2628564.757	1104513.436	2769.6909	0.0	0.0
62	2628564.757	1104513.436	2769.6909	2628564.757	1104513.436	2769.6909	0.0	0.0
63	2628564.757	1104513.436	2769.6909	2628564.757	1104513.436	2769.6909	0.0	0.0
64	2628564.757	1104513.436	2769.6909	2628564.757	1104513.436	2769.6909	0.0	0.0
65	2628564.757	1104513.436	2769.6909	2628564.757	1104513.436	2769.6909	0.0	0.0
66	2628564.757	1104513.436	2769.6909	2628564.757	1104513.436	2769.6909	0.0	0.0
67	2628427.089	1104662.762	2642.6919	2628427.089	1104662.762	2642.6919	0.0	0.0
68	2628419.439	1104670.181	2637.4299	2628419.439	1104670.181	2637.4299	0.0	0.0
69	2628419.439	1104670.181	2637.4299	2628419.439	1104670.181	2637.4299	0.0	0.0
70	2628399.423	1104728.827	2591.457	2628399.492	1104728.371	2591.7991	0.5742206980106247	0.0820315282872321
71	2628397.009	1104733.501	2587.8831	2628397.009	1104733.501	2587.8831	0.0	0.0
72	2628397.009	1104733.501	2587.8831	2628397.009	1104733.501	2587.8831	0.0	0.0
73	2628397.009	1104733.501	2587.8831	2628397.009	1104733.501	2587.8831	0.0	0.0
74	2628397.009	1104733.501	2587.8831	2628397.009	1104733.501	2587.8831	0.0	0.0
75	2628397.009	1104733.501	2587.8831	2628397.009	1104733.501	2587.8831	0.0	0.0
76	2628397.009	1104733.501	2587.8831	2628397.009	1104733.501	2587.8831	0.0	0.0
77	2628397.009	1104733.501	2587.8831	2628397.009	1104733.501	2587.8831	0.0	0.0
78	2628373.755	1104923.795	2462.929	2628373.755	1104923.795	2462.929	0.0	0.0
100	2628632.103	1104505.282	2802.4541	2628632.103	1104505.282	2802.4541	0.0	0.0
101	2628632.103	1104505.282	2802.4541	2628632.103	1104505.282	2802.4541	0.0	0.0
102	2628632.103	1104505.282	2802.4541	2628632.103	1104505.282	2802.4541	0.0	0.0
103	2628632.103	1104505.282	2802.4541	2628632.103	1104505.282	2802.4541	0.0	0.0
104	2628564.757	1104513.436	2769.6909	2628564.757	1104513.436	2769.6909	0.0	0.0
105	2628564.757	1104513.436	2769.6909	2628564.757	1104513.436	2769.6909	0.0	0.0
106	2628564.757	1104513.436	2769.6909	2628564.757	1104513.436	2769.6909	0.0	0.0
107	2628564.757	1104513.436	2769.6909	2628564.757	1104513.436	2769.6909	0.0	0.0
108	2628564.757	1104513.436	2769.6909	2628564.757	1104513.436	2769.6909	0.0	0.0
109	2628564.757	1104513.436	2769.6909	2628564.757	1104513.436	2769.6909	0.0	0.0
110	2628564.757	1104513.436	2769.6909	2628564.757	1104513.436	2769.6909	0.0	0.0
111	2628564.757	1104513.436	2769.6909	2628564.757	1104513.436	2769.6909	0.0	0.0
112	2628427.089	1104662.762	2642.6919	2628427.089	1104662.762	2642.6919	0.0	0.0
113	2628419.439	1104670.181	2637.4299	2628419.439	1104670.181	2637.4299	0.0	0.0
114	2628419.439	1104670.181	2637.4299	2628419.439	1104670.181	2637.4299	0.0	0.0
115	2628399.423	1104728.827	2591.457	2628399.423	1104728.827	2591.457	0.0	0.0
116	2628397.009	1104733.501	2587.8831	2628397.009	1104733.501	2587.8831	0.0	0.0
117	2628397.009	1104733.501	2587.8831	2628397.009	1104733.501	2587.8831	0.0	0.0
118	2628397.009	1104733.501	2587.8831	2628397.009	1104733.501	2587.8831	0.0	0.0
119	2628397.009	1104733.501	2587.8831	2628397.009	1104733.501	2587.8831	0.0	0.0
120	2628397.009	1104733.501	2587.8831	2628397.009	1104733.501	2587.8831	0.0	0.0
121	2628397.009	1104733.501	2587.8831	2628397.009	1104733.501	2587.8831	0.0	0.0
122	2628397.009	1104733.501	2587.8831	2628397.009	1104733.501	2587.8831	0.0	0.0
123	2628373.755	1104923.795	2462.929	2628373.755	1104923.795	2462.929	0.0	0.0
145	2628632.103	1104505.282	2802.4541	2628632.103	1104505.282	2802.4541	0.0	0.0
146	2628632.103	1104505.282	2802.4541	2628632.103	1104505.282	2802.4541	0.0	0.0
147	2628632.103	1104505.282	2802.4541	2628632.103	1104505.282	2802.4541	0.0	0.0
148	2628632.103	1104505.282	2802.4541	2628632.103	1104505.282	2802.4541	0.0	0.0
149	2628564.757	1104513.436	2769.6909	2628564.757	1104513.436	2769.6909	0.0	0.0
150	2628564.757	1104513.436	2769.6909	2628564.757	1104513.436	2769.6909	0.0	0.0
151	2628564.757	1104513.436	2769.6909	2628564.757	1104513.436	2769.6909	0.0	0.0
152	2628564.757	1104513.436	2769.6909	2628564.757	1104513.436	2769.6909	0.0	0.0
153	2628564.757	1104513.436	2769.6909	2628564.757	1104513.436	2769.6909	0.0	0.0
155	2628564.757	1104513.436	2769.6909	2628564.757	1104513.436	2769.6909	0.0	0.0
156	2628442.646	1104630.67	2666.2451	2628442.646	1104630.67	2666.2451	0.0	0.0
157	2628427.089	1104662.762	2642.6919	2628427.089	1104662.762	2642.6919	0.0	0.0
158	2628419.439	1104670.181	2637.4299	2628419.439	1104670.181	2637.4299	0.0	0.0
159	2628419.439	1104670.181	2637.4299	2628419.439	1104670.181	2637.4299	0.0	0.0
160	2628399.423	1104728.827	2591.457	2628397.839	1104723.888	2595.6021	6.639625818485032	0.9485179740692904
161	2628397.009	1104733.501	2587.8831	2628397.009	1104733.501	2587.8831	0.0	0.0
162	2628397.009	1104733.501	2587.8831	2628397.009	1104733.501	2587.8831	0.0	0.0
163	2628397.009	1104733.501	2587.8831	2628397.009	1104733.501	2587.8831	0.0	0.0
164	2628397.009	1104733.501	2587.8831	2628397.009	1104733.501	2587.8831	0.0	0.0
165	2628397.009	1104733.501	2587.8831	2628397.009	1104733.501	2587.8831	0.0	0.0
166	2628397.009	1104733.501	2587.8831	2628397.009	1104733.501	2587.8831	0.0	0.0
167	2628397.009	1104733.501	2587.8831	2628397.009	1104733.501	2587.8831	0.0	0.0
168	2628373.755	1104923.795	2462.929	2628373.755	1104923.795	2462.929	0.0	0.0
190	2628632.103	1104505.282	2802.4541	2628632.103	1104505.282	2802.4541	0.0	0.0
191	2628632.103	1104505.282	2802.4541	2628632.103	1104505.282	2802.4541	0.0	0.0
192	2628632.103	1104505.282	2802.4541	2628632.103	1104505.282	2802.4541	0.0	0.0
193	2628564.757	1104513.436	2769.6909	2628564.757	1104513.436	2769.6909	0.0	0.0
194	2628564.757	1104513.436	2769.6909	2628564.757	1104513.436	2769.6909	0.0	0.0
195	2628564.757	1104513.436	2769.6909	2628564.757	1104513.436	2769.6909	0.0	0.0
196	2628564.757	1104513.436	2769.6909	2628564.757	1104513.436	2769.6909	0.0	0.0
197	2628564.757	1104513.436	2769.6909	2628564.757	1104513.436	2769.6909	0.0	0.0
198	2628564.757	1104513.436	2769.6909	2628564.757	1104513.436	2769.6909	0.0	0.0
200	2628564.757	1104513.436	2769.6909	2628564.757	1104513.436	2769.6909	0.0	0.0
201	2628442.646	1104630.67	2666.2451	2628442.646	1104630.67	2666.2451	0.0	0.0
202	2628427.089	1104662.762	2642.6919	2628427.089	1104662.762	2642.6919	0.0	0.0
203	2628419.439	1104670.181	2637.4299	2628419.439	1104670.181	2637.4299	0.0	0.0
204	2628419.439	1104670.181	2637.4299	2628419.439	1104670.181	2637.4299	0.0	0.0
205	2628399.423	1104728.827	2591.457	2628399.423	1104728.827	2591.457	0.0	0.0
206	2628397.009	1104733.501	2587.8831	2628397.009	1104733.501	2587.8831	0.0	0.0
207	2628397.009	1104733.501	2587.8831	2628397.009	1104733.501	2587.8831	0.0	0.0
208	2628397.009	1104733.501	2587.8831	2628397.009	1104733.501	2587.8831	0.0	0.0
209	2628397.009	1104733.501	2587.8831	2628397.009	1104733.501	2587.8831	0.0	0.0
210	2628397.009	1104733.501	2587.8831	2628397.009	1104733.501	2587.8831	0.0	0.0
211	2628397.009	1104733.501	2587.8831	2628397.009	1104733.501	2587.8831	0.0	0.0
212	2628397.009	1104733.501	2587.8831	2628397.009	1104733.501	2587.8831	0.0	0.0
213	2628373.755	1104923.795	2462.929	2628373.755	1104923.795	2462.929	0.0	0.0
235	2628632.103	1104505.282	2802.4541	2628632.103	1104505.282	2802.4541	0.0	0.0
236	2628632.103	1104505.282	2802.4541	2628632.103	1104505.282	2802.4541	0.0	0.0
237	2628632.103	1104505.282	2802.4541	2628632.103	1104505.282	2802.4541	0.0	0.0
238	2628564.757	1104513.436	2769.6909	2628564.757	1104513.436	2769.6909	0.0	0.0
239	2628564.757	1104513.436	2769.6909	2628564.757	1104513.436	2769.6909	0.0	0.0
240	2628564.757	1104513.436	2769.6909	2628564.757	1104513.436	2769.6909	0.0	0.0
241	2628564.757	1104513.436	2769.6909	2628564.757	1104513.436	2769.6909	0.0	0.0
242	2628564.757	1104513.436	2769.6909	2628564.757	1104513.436	2769.6909	0.0	0.0
245	2628450.246	1104623.759	2669.917	2628449.926	1104622.86	2669.9399	0.9545288941929266	0.1363612705989895
246	2628442.646	1104630.67	2666.2451	2628442.646	1104630.67	2666.2451	0.0	0.0
247	2628427.089	1104662.762	2642.6919	2628428.046	1104663.164	2643.2561	1.1814290668002765	0.168775580971468
248	2628419.439	1104670.181	2637.4299	2628419.439	1104670.181	2637.4299	0.0	0.0
249	2628419.439	1104670.181	2637.4299	2628419.439	1104670.181	2637.4299	0.0	0.0
250	2628399.423	1104728.827	2591.457	2628399.423	1104728.827	2591.457	0.0	0.0
251	2628397.009	1104733.501	2587.8831	2628397.009	1104733.501	2587.8831	0.0	0.0
252	2628397.009	1104733.501	2587.8831	2628397.009	1104733.501	2587.8831	0.0	0.0
253	2628397.009	1104733.501	2587.8831	2628397.009	1104733.501	2587.8831	0.0	0.0
254	2628397.009	1104733.501	2587.8831	2628397.009	1104733.501	2587.8831	0.0	0.0
255	2628397.009	1104733.501	2587.8831	2628397.009	1104733.501	2587.8831	0.0	0.0
256	2628397.009	1104733.501	2587.8831	2628397.009	1104733.501	2587.8831	0.0	0.0
257	2628397.009	1104733.501	2587.8831	2628397.009	1104733.501	2587.8831	0.0	0.0
258	2628373.755	1104923.795	2462.929	2628373.882	1104923.436	2463.2261	0.4829890371830392	0.0689984338832913
280	2628632.103	1104505.282	2802.4541	2628632.103	1104505.282	2802.4541	0.0	0.0
281	2628632.103	1104505.282	2802.4541	2628632.103	1104505.282	2802.4541	0.0	0.0
282	2628584.207	1104516.514	2778.25	2628584.207	1104516.514	2778.25	0.0	0.0
283	2628564.757	1104513.436	2769.6909	2628564.757	1104513.436	2769.6909	0.0	0.0
284	2628564.757	1104513.436	2769.6909	2628564.757	1104513.436	2769.6909	0.0	0.0
285	2628564.757	1104513.436	2769.6909	2628564.757	1104513.436	2769.6909	0.0	0.0
286	2628564.757	1104513.436	2769.6909	2628564.757	1104513.436	2769.6909	0.0	0.0
287	2628564.757	1104513.436	2769.6909	2628564.757	1104513.436	2769.6909	0.0	0.0
290	2628450.246	1104623.759	2669.917	2628450.577	1104622.966	2670.1699	0.8957501941156648	0.1279643134450949
291	2628442.646	1104630.67	2666.2451	2628442.646	1104630.67	2666.2451	0.0	0.0
292	2628427.089	1104662.762	2642.6919	2628427.089	1104662.762	2642.6919	0.0	0.0
293	2628419.439	1104670.181	2637.4299	2628419.439	1104670.181	2637.4299	0.0	0.0
294	2628419.439	1104670.181	2637.4299	2628419.439	1104670.181	2637.4299	0.0	0.0
295	2628399.423	1104728.827	2591.457	2628399.423	1104728.827	2591.457	0.0	0.0
296	2628397.009	1104733.501	2587.8831	2628397.009	1104733.501	2587.8831	0.0	0.0
297	2628397.009	1104733.501	2587.8831	2628397.009	1104733.501	2587.8831	0.0	0.0
298	2628397.009	1104733.501	2587.8831	2628397.009	1104733.501	2587.8831	0.0	0.0
299	2628397.009	1104733.501	2587.8831	2628397.009	1104733.501	2587.8831	0.0	0.0
300	2628397.009	1104733.501	2587.8831	2628397.009	1104733.501	2587.8831	0.0	0.0
301	2628397.009	1104733.501	2587.8831	2628397.009	1104733.501	2587.8831	0.0	0.0
302	2628397.009	1104733.501	2587.8831	2628397.009	1104733.501	2587.8831	0.0	0.0
303	2628373.755	1104923.795	2462.929	2628373.755	1104923.795	2462.929	0.0	0.0
325	2628632.103	1104505.282	2802.4541	2628632.103	1104505.282	2802.4541	0.0	0.0
326	2628632.103	1104505.282	2802.4541	2628632.103	1104505.282	2802.4541	0.0	0.0
327	2628585.184	1104515.364	2779.0791	2628585.184	1104515.364	2779.0791	0.0	0.0
328	2628564.757	1104513.436	2769.6909	2628564.757	1104513.436	2769.6909	0.0	0.0
329	2628564.757	1104513.436	2769.6909	2628564.757	1104513.436	2769.6909	0.0	0.0
330	2628564.757	1104513.436	2769.6909	2628564.757	1104513.436	2769.6909	0.0	0.0
331	2628564.757	1104513.436	2769.6909	2628564.757	1104513.436	2769.6909	0.0	0.0
335	2628449.479	1104623.568	2669.603	2628450.246	1104623.759	2669.917	0.8505092592263448	0.1215013227466206
336	2628442.646	1104630.67	2666.2451	2628442.646	1104630.67	2666.2451	0.0	0.0
337	2628427.089	1104662.762	2642.6919	2628427.089	1104662.762	2642.6919	0.0	0.0
338	2628419.439	1104670.181	2637.4299	2628419.439	1104670.181	2637.4299	0.0	0.0
339	2628419.439	1104670.181	2637.4299	2628419.439	1104670.181	2637.4299	0.0	0.0
340	2628399.423	1104728.827	2591.457	2628399.423	1104728.827	2591.457	0.0	0.0
341	2628397.009	1104733.501	2587.8831	2628397.009	1104733.501	2587.8831	0.0	0.0
342	2628397.009	1104733.501	2587.8831	2628397.009	1104733.501	2587.8831	0.0	0.0
343	2628397.009	1104733.501	2587.8831	2628397.009	1104733.501	2587.8831	0.0	0.0
344	2628397.009	1104733.501	2587.8831	2628397.009	1104733.501	2587.8831	0.0	0.0
345	2628397.009	1104733.501	2587.8831	2628397.009	1104733.501	2587.8831	0.0	0.0
346	2628397.009	1104733.501	2587.8831	2628397.009	1104733.501	2587.8831	0.0	0.0
347	2628397.009	1104733.501	2587.8831	2628397.009	1104733.501	2587.8831	0.0	0.0
348	2628373.755	1104923.795	2462.929	2628373.755	1104923.795	2462.929	0.0	0.0
370	2628632.103	1104505.282	2802.4541	2628632.103	1104505.282	2802.4541	0.0	0.0
372	2628581.953	1104515.039	2777.5691	2628581.953	1104515.039	2777.5691	0.0	0.0
373	2628564.757	1104513.436	2769.6909	2628564.757	1104513.436	2769.6909	0.0	0.0
374	2628564.757	1104513.436	2769.6909	2628564.757	1104513.436	2769.6909	0.0	0.0
375	2628535.0601	1104534.28	2746.2639	2628535.0601	1104534.28	2746.2639	0.0	0.0
380	2628450.246	1104623.759	2669.917	2628449.926	1104622.86	2669.9399	0.9545288941929266	0.1363612705989895
381	2628442.646	1104630.67	2666.2451	2628442.646	1104630.67	2666.2451	0.0	0.0
382	2628427.089	1104662.762	2642.6919	2628427.089	1104662.762	2642.6919	0.0	0.0
383	2628419.439	1104670.181	2637.4299	2628419.439	1104670.181	2637.4299	0.0	0.0
384	2628419.439	1104670.181	2637.4299	2628419.439	1104670.181	2637.4299	0.0	0.0
385	2628399.492	1104728.371	2591.7991	2628399.423	1104728.827	2591.457	0.5742206980106247	0.0820315282872321
386	2628397.009	1104733.501	2587.8831	2628397.009	1104733.501	2587.8831	0.0	0.0
387	2628397.009	1104733.501	2587.8831	2628397.009	1104733.501	2587.8831	0.0	0.0
388	2628397.009	1104733.501	2587.8831	2628397.009	1104733.501	2587.8831	0.0	0.0
389	2628397.009	1104733.501	2587.8831	2628397.009	1104733.501	2587.8831	0.0	0.0
390	2628397.009	1104733.501	2587.8831	2628397.009	1104733.501	2587.8831	0.0	0.0
391	2628397.009	1104733.501	2587.8831	2628397.009	1104733.501	2587.8831	0.0	0.0
392	2628397.009	1104733.501	2587.8831	2628397.009	1104733.501	2587.8831	0.0	0.0
393	2628373.755	1104923.795	2462.929	2628373.755	1104923.795	2462.929	0.0	0.0
415	2628629.321	1104512.429	2799.1379	2628629.65	1104512.909	2798.948	0.6121298962829748	0.0874471280404249
417	2628583.464	1104515.343	2778.115	2628584.012	1104514.821	2778.6101	0.9043848793879932	0.1291978399125704
418	2628564.757	1104513.436	2769.6909	2628564.757	1104513.436	2769.6909	0.0	0.0
419	2628564.757	1104513.436	2769.6909	2628564.757	1104513.436	2769.6909	0.0	0.0
420	2628535.0601	1104534.28	2746.2639	2628535.0601	1104534.28	2746.2639	0.0	0.0
425	2628450.246	1104623.759	2669.917	2628449.926	1104622.86	2669.9399	0.9545288941929266	0.1363612705989895
426	2628442.646	1104630.67	2666.2451	2628442.646	1104630.67	2666.2451	0.0	0.0
427	2628427.089	1104662.762	2642.6919	2628428.046	1104663.164	2643.2561	1.1814290668002765	0.168775580971468
428	2628419.439	1104670.181	2637.4299	2628419.439	1104670.181	2637.4299	0.0	0.0
429	2628419.439	1104670.181	2637.4299	2628419.439	1104670.181	2637.4299	0.0	0.0
430	2628397.839	1104723.888	2595.6021	2628397.839	1104723.888	2595.6021	0.0	0.0
431	2628397.009	1104733.501	2587.8831	2628397.009	1104733.501	2587.8831	0.0	0.0
432	2628397.009	1104733.501	2587.8831	2628397.009	1104733.501	2587.8831	0.0	0.0
433	2628397.009	1104733.501	2587.8831	2628397.009	1104733.501	2587.8831	0.0	0.0
434	2628397.009	1104733.501	2587.8831	2628397.009	1104733.501	2587.8831	0.0	0.0
435	2628397.009	1104733.501	2587.8831	2628397.009	1104733.501	2587.8831	0.0	0.0
436	2628397.009	1104733.501	2587.8831	2628397.009	1104733.501	2587.8831	0.0	0.0
437	2628397.009	1104733.501	2587.8831	2628397.009	1104733.501	2587.8831	0.0	0.0
438	2628373.755	1104923.795	2462.929	2628373.755	1104923.795	2462.929	0.0	0.0
450	2628917.634	1104678.617	2825.614	2628917.915	1104678.831	2825.7529	0.3795394708626077	0.0542199244089439
451	2628895.351	1104665.053	2822.4009	2628895.533	1104665.049	2822.3911	0.1823075423851426	0.0260439346264489
452	2628876.431	1104659.65	2819.915	2628876.431	1104659.65	2819.915	0.0	0.0
461	2628619.885	1104533.303	2783.686	2628619.886	1104532.705	2783.917	0.6410662992218453	0.091580899888835
462	2628582.7	1104516.278	2777.729	2628581.953	1104515.039	2777.5691	1.4555748038255112	0.2079392576893587
463	2628564.757	1104513.436	2769.6909	2628564.757	1104513.436	2769.6909	0.0	0.0
464	2628547.134	1104535.938	2753.623	2628547.439	1104535.12	2753.9551	0.9340446508435792	0.1334349501205113
465	2628535.0601	1104534.28	2746.2639	2628535.0601	1104534.28	2746.2639	0.0	0.0
470	2628450.246	1104623.759	2669.917	2628449.926	1104622.86	2669.9399	0.9545288941929266	0.1363612705989895
471	2628442.646	1104630.67	2666.2451	2628442.646	1104630.67	2666.2451	0.0	0.0
472	2628427.089	1104662.762	2642.6919	2628427.089	1104662.762	2642.6919	0.0	0.0
473	2628419.439	1104670.181	2637.4299	2628419.439	1104670.181	2637.4299	0.0	0.0
474	2628419.439	1104670.181	2637.4299	2628419.439	1104670.181	2637.4299	0.0	0.0
475	2628397.839	1104723.888	2595.6021	2628399.492	1104728.371	2591.7991	6.106759124105374	0.872394160586482
476	2628397.009	1104733.501	2587.8831	2628397.009	1104733.501	2587.8831	0.0	0.0
477	2628397.009	1104733.501	2587.8831	2628397.009	1104733.501	2587.8831	0.0	0.0
478	2628397.009	1104733.501	2587.8831	2628397.009	1104733.501	2587.8831	0.0	0.0
479	2628397.009	1104733.501	2587.8831	2628397.009	1104733.501	2587.8831	0.0	0.0
480	2628397.009	1104733.501	2587.8831	2628397.009	1104733.501	2587.8831	0.0	0.0
481	2628397.009	1104733.501	2587.8831	2628397.009	1104733.501	2587.8831	0.0	0.0
482	2628397.009	1104733.501	2587.8831	2628397.009	1104733.501	2587.8831	0.0	0.0
483	2628373.755	1104923.795	2462.929	2628373.755	1104923.795	2462.929	0.0	0.0
495	2628928.302	1104699.329	2817.1589	2628928.624	1104699.627	2817.2009	0.4407402862380195	0.0629628980340027
496	2628911.907	1104698.008	2815.01	2628911.718	1104697.648	2815.092	0.4147830758348773	0.0592547251192681
497	2628892.0229	1104689.633	2812.197	2628891.913	1104689.666	2812.1709	0.1176784602730966	0.0168112086104423
498	2628869.4449	1104677.154	2808.6279	2628869.326	1104677.422	2808.4319	0.3526715327142607	0.0503816475306086
507	2628609.03	1104551.899	2768.5281	2628609.03	1104551.899	2768.5281	0.0	0.0
508	2628570.901	1104533.888	2762.885	2628570.901	1104533.888	2762.885	0.0	0.0
509	2628547.134	1104535.938	2753.623	2628548.324	1104538.394	2753.8899	2.742129028673614	0.3917327183819448
510	2628535.0601	1104534.28	2746.2639	2628535.0601	1104534.28	2746.2639	0.0	0.0
515	2628450.246	1104623.759	2669.917	2628450.246	1104623.759	2669.917	0.0	0.0
516	2628442.646	1104630.67	2666.2451	2628442.646	1104630.67	2666.2451	0.0	0.0
517	2628427.089	1104662.762	2642.6919	2628427.089	1104662.762	2642.6919	0.0	0.0
518	2628419.439	1104670.181	2637.4299	2628419.439	1104670.181	2637.4299	0.0	0.0
519	2628419.439	1104670.181	2637.4299	2628419.439	1104670.181	2637.4299	0.0	0.0
520	2628397.569	1104723.089	2596.342	2628399.492	1104728.371	2591.7991	7.227405717898482	1.0324865311283546
521	2628397.009	1104733.501	2587.8831	2628397.009	1104733.501	2587.8831	0.0	0.0
522	2628397.009	1104733.501	2587.8831	2628397.009	1104733.501	2587.8831	0.0	0.0
523	2628397.009	1104733.501	2587.8831	2628397.009	1104733.501	2587.8831	0.0	0.0
524	2628397.009	1104733.501	2587.8831	2628397.009	1104733.501	2587.8831	0.0	0.0
525	2628397.009	1104733.501	2587.8831	2628397.009	1104733.501	2587.8831	0.0	0.0
526	2628397.009	1104733.501	2587.8831	2628397.009	1104733.501	2587.8831	0.0	0.0
527	2628397.009	1104733.501	2587.8831	2628397.009	1104733.501	2587.8831	0.0	0.0
528	2628373.755	1104923.795	2462.929	2628373.755	1104923.795	2462.929	0.0	0.0
540	2628935.064	1104712.244	2807.666	2628935.322	1104712.323	2807.5229	0.3054220198656224	0.0436317171236603
541	2628919.818	1104712.291	2806.0	2628919.4709	1104712.471	2805.678	0.5065199007988032	0.0723599858284004
542	2628903.208	1104710.925	2803.5791	2628903.031	1104711.24	2803.4431	0.3860699418692158	0.0551528488384594
543	2628885.478	1104707.59	2801.26	2628885.646	1104707.883	2801.1531	0.3542606525173226	0.0506086646453318
544	2628868.021	1104706.15	2798.9619	2628868.179	1104706.191	2799.0491	0.1850644211080536	0.0264377744440076
545	2628845.2581	1104695.198	2795.4441	2628845.363	1104695.469	2795.3491	0.3057286540493485	0.0436755220070497
553	2628593.722	1104564.198	2752.1089	2628593.321	1104564.234	2751.8589	0.4739166593883031	0.0677023799126147
554	2628557.642	1104551.053	2746.9099	2628557.642	1104551.053	2746.9099	0.0	0.0
560	2628450.246	1104623.759	2669.917	2628449.926	1104622.86	2669.9399	0.9545288941929266	0.1363612705989895
561	2628442.646	1104630.67	2666.2451	2628442.646	1104630.67	2666.2451	0.0	0.0
562	2628427.089	1104662.762	2642.6919	2628427.089	1104662.762	2642.6919	0.0	0.0
563	2628419.439	1104670.181	2637.4299	2628419.439	1104670.181	2637.4299	0.0	0.0
564	2628419.439	1104670.181	2637.4299	2628419.439	1104670.181	2637.4299	0.0	0.0
565	2628399.492	1104728.371	2591.7991	2628399.423	1104728.827	2591.457	0.5742206980106247	0.0820315282872321
566	2628397.009	1104733.501	2587.8831	2628397.009	1104733.501	2587.8831	0.0	0.0
567	2628397.009	1104733.501	2587.8831	2628397.009	1104733.501	2587.8831	0.0	0.0
568	2628397.009	1104733.501	2587.8831	2628397.009	1104733.501	2587.8831	0.0	0.0
569	2628397.009	1104733.501	2587.8831	2628397.009	1104733.501	2587.8831	0.0	0.0
570	2628397.009	1104733.501	2587.8831	2628397.009	1104733.501	2587.8831	0.0	0.0
571	2628397.009	1104733.501	2587.8831	2628397.009	1104733.501	2587.8831	0.0	0.0
572	2628397.009	1104733.501	2587.8831	2628397.009	1104733.501	2587.8831	0.0	0.0
573	2628373.755	1104923.795	2462.929	2628373.755	1104923.795	2462.929	0.0	0.0
585	2628933.653	1104721.39	2801.0249	2628933.653	1104721.39	2801.0249	0.0	0.0
586	2628928.219	1104729.509	2797.603	2628928.219	1104729.509	2797.603	0.0	0.0
587	2628914.057	1104731.493	2795.749	2628913.984	1104731.767	2795.4551	0.4083897770094971	0.0583413967156424
588	2628896.67	1104727.773	2793.0911	2628896.947	1104728.128	2792.8999	0.4891946852909124	0.0698849550415589
589	2628878.553	1104724.179	2790.595	2628879.425	1104725.039	2790.5229	1.2268587572050451	0.1752655367435779
590	2628858.801	1104719.276	2787.4021	2628859.166	1104719.433	2787.3831	0.3977876319453031	0.0568268045636147
600	2628546.545	1104570.647	2730.749	2628546.71	1104570.871	2730.5071	0.3686686994858357	0.0526669570694051
605	2628450.246	1104623.759	2669.917	2628450.246	1104623.759	2669.917	0.0	0.0
606	2628442.646	1104630.67	2666.2451	2628442.646	1104630.67	2666.2451	0.0	0.0
607	2628428.046	1104663.164	2643.2561	2628428.046	1104663.164	2643.2561	0.0	0.0
608	2628419.439	1104670.181	2637.4299	2628419.439	1104670.181	2637.4299	0.0	0.0
609	2628419.439	1104670.181	2637.4299	2628419.439	1104670.181	2637.4299	0.0	0.0
610	2628397.839	1104723.888	2595.6021	2628397.839	1104723.888	2595.6021	0.0	0.0
611	2628397.009	1104733.501	2587.8831	2628397.009	1104733.501	2587.8831	0.0	0.0
612	2628397.009	1104733.501	2587.8831	2628397.009	1104733.501	2587.8831	0.0	0.0
613	2628397.009	1104733.501	2587.8831	2628397.009	1104733.501	2587.8831	0.0	0.0
614	2628397.009	1104733.501	2587.8831	2628397.009	1104733.501	2587.8831	0.0	0.0
615	2628397.009	1104733.501	2587.8831	2628397.009	1104733.501	2587.8831	0.0	0.0
616	2628397.009	1104733.501	2587.8831	2628397.009	1104733.501	2587.8831	0.0	0.0
617	2628397.009	1104733.501	2587.8831	2628397.009	1104733.501	2587.8831	0.0	0.0
618	2628373.755	1104923.795	2462.929	2628373.755	1104923.795	2462.929	0.0	0.0
630	2628933.653	1104721.39	2801.0249	2628933.653	1104721.39	2801.0249	0.0	0.0
631	2628928.219	1104729.509	2797.603	2628928.219	1104729.509	2797.603	0.0	0.0
632	2628919.36	1104742.907	2790.314	2628918.066	1104744.928	2788.897	2.786891817082349	0.3981274024403355
633	2628907.54	1104748.002	2785.26	2628908.0081	1104748.248	2785.145	0.5411641248904114	0.0773091606986302
634	2628888.981	1104742.423	2781.9839	2628888.975	1104742.015	2782.3491	0.5476048210566699	0.0782292601509528
635	2628869.359	1104736.464	2778.7161	2628869.743	1104736.785	2778.7471	0.5014558801131549	0.0716365543018792
636	2628845.6639	1104724.912	2773.8411	2628846.976	1104726.52	2774.302	2.1259584237146183	0.3037083462449454
637	2628818.754	1104708.105	2768.3589	2628818.9189	1104708.346	2768.2271	0.3203814131266938	0.0457687733038134
646	2628533.734	1104587.585	2714.436	2628533.1949	1104587.518	2714.209	0.5887671952374208	0.0841095993196315
650	2628449.926	1104622.86	2669.9399	2628450.577	1104622.966	2670.1699	0.6985248743413546	0.0997892677630506
651	2628442.646	1104630.67	2666.2451	2628442.646	1104630.67	2666.2451	0.0	0.0
652	2628427.089	1104662.762	2642.6919	2628427.089	1104662.762	2642.6919	0.0	0.0
653	2628419.439	1104670.181	2637.4299	2628419.439	1104670.181	2637.4299	0.0	0.0
654	2628419.439	1104670.181	2637.4299	2628419.439	1104670.181	2637.4299	0.0	0.0
655	2628399.492	1104728.371	2591.7991	2628399.492	1104728.371	2591.7991	0.0	0.0
656	2628397.009	1104733.501	2587.8831	2628397.009	1104733.501	2587.8831	0.0	0.0
657	2628397.009	1104733.501	2587.8831	2628397.009	1104733.501	2587.8831	0.0	0.0
658	2628397.009	1104733.501	2587.8831	2628397.009	1104733.501	2587.8831	0.0	0.0
659	2628397.009	1104733.501	2587.8831	2628397.009	1104733.501	2587.8831	0.0	0.0
660	2628397.009	1104733.501	2587.8831	2628397.009	1104733.501	2587.8831	0.0	0.0
661	2628397.009	1104733.501	2587.8831	2628397.009	1104733.501	2587.8831	0.0	0.0
662	2628397.009	1104733.501	2587.8831	2628397.009	1104733.501	2587.8831	0.0	0.0
663	2628373.755	1104923.795	2462.929	2628373.755	1104923.795	2462.929	0.0	0.0
675	2628933.653	1104721.39	2801.0249	2628933.653	1104721.39	2801.0249	0.0	0.0
676	2628919.934	1104742.132	2790.7839	2628919.934	1104742.132	2790.7839	0.0	0.0
677	2628919.36	1104742.907	2790.314	2628919.36	1104742.907	2790.314	0.0	0.0
678	2628911.276	1104754.943	2781.6379	2628911.276	1104754.943	2781.6379	0.0	0.0
679	2628899.995	1104761.256	2774.603	2628900.011	1104761.446	2774.3589	0.3097431354739411	0.0442490193534201
680	2628877.974	1104750.519	2769.678	2628878.228	1104750.58	2769.7549	0.2723060963234714	0.038900870903353
681	2628859.6899	1104746.531	2766.7271	2628859.968	1104746.999	2766.366	0.6532662703455153	0.0933237529065021
682	2628831.082	1104727.58	2760.3989	2628832.766	1104729.805	2760.708	2.8074942224365222	0.4010706032052175
683	2628809.808	1104722.843	2755.8789	2628810.3	1104722.82	2755.8	0.4988168096888402	0.0712595442412628
692	2628523.2791	1104607.827	2698.7871	2628524.302	1104608.105	2698.7891	1.0600058539469008	0.1514294077067001
695	2628449.926	1104622.86	2669.9399	2628449.926	1104622.86	2669.9399	0.0	0.0
696	2628442.646	1104630.67	2666.2451	2628442.646	1104630.67	2666.2451	0.0	0.0
697	2628427.089	1104662.762	2642.6919	2628427.089	1104662.762	2642.6919	0.0	0.0
698	2628419.439	1104670.181	2637.4299	2628419.439	1104670.181	2637.4299	0.0	0.0
699	2628419.439	1104670.181	2637.4299	2628419.439	1104670.181	2637.4299	0.0	0.0
700	2628399.492	1104728.371	2591.7991	2628397.839	1104723.888	2595.6021	6.106759124105374	0.872394160586482
701	2628397.009	1104733.501	2587.8831	2628397.009	1104733.501	2587.8831	0.0	0.0
702	2628397.009	1104733.501	2587.8831	2628397.009	1104733.501	2587.8831	0.0	0.0
703	2628397.009	1104733.501	2587.8831	2628397.009	1104733.501	2587.8831	0.0	0.0
704	2628397.009	1104733.501	2587.8831	2628397.009	1104733.501	2587.8831	0.0	0.0
705	2628397.009	1104733.501	2587.8831	2628397.009	1104733.501	2587.8831	0.0	0.0
706	2628397.009	1104733.501	2587.8831	2628397.009	1104733.501	2587.8831	0.0	0.0
707	2628397.009	1104733.501	2587.8831	2628397.009	1104733.501	2587.8831	0.0	0.0
708	2628373.755	1104923.795	2462.929	2628373.755	1104923.795	2462.929	0.0	0.0
720	2628933.653	1104721.39	2801.0249	2628933.653	1104721.39	2801.0249	0.0	0.0
721	2628919.934	1104742.132	2790.7839	2628919.934	1104742.132	2790.7839	0.0	0.0
722	2628918.066	1104744.928	2788.897	2628918.066	1104744.928	2788.897	0.0	0.0
723	2628911.276	1104754.943	2781.6379	2628911.027	1104755.516	2781.062	0.8497004238289997	0.1213857748327142
724	2628903.082	1104767.526	2772.217	2628903.082	1104767.526	2772.217	0.0	0.0
725	2628888.953	1104768.835	2762.333	2628889.476	1104768.955	2762.6331	0.6148081079381256	0.0878297297054465
726	2628866.069	1104757.456	2757.175	2628866.582	1104757.872	2757.146	0.661109673027918	0.0944442390039882
727	2628844.501	1104749.328	2752.667	2628844.9821	1104749.566	2752.136	0.7550246420067792	0.1078606631438256
729	2628797.702	1104731.985	2742.793	2628798.228	1104731.942	2742.7019	0.5355597166329121	0.0765085309475588
730	2628776.998	1104729.052	2738.896	2628776.998	1104729.052	2738.896	0.0	0.0
738	2628514.679	1104630.23	2683.3989	2628514.632	1104630.771	2683.1189	0.6109746311802892	0.0872820901686127
739	2628484.774	1104629.186	2678.9761	2628485.8051	1104629.701	2678.9519	1.1528130158267884	0.1646875736895412
740	2628451.127	1104623.121	2670.446	2628451.127	1104623.121	2670.446	0.0	0.0
741	2628442.646	1104630.67	2666.2451	2628433.0699	1104637.693	2657.863	14.535605272023782	2.07651503886054
742	2628427.089	1104662.762	2642.6919	2628427.089	1104662.762	2642.6919	0.0	0.0
743	2628419.439	1104670.181	2637.4299	2628419.439	1104670.181	2637.4299	0.0	0.0
744	2628419.439	1104670.181	2637.4299	2628419.439	1104670.181	2637.4299	0.0	0.0
745	2628399.423	1104728.827	2591.457	2628399.423	1104728.827	2591.457	0.0	0.0
746	2628397.009	1104733.501	2587.8831	2628397.009	1104733.501	2587.8831	0.0	0.0
747	2628397.009	1104733.501	2587.8831	2628397.009	1104733.501	2587.8831	0.0	0.0
748	2628397.009	1104733.501	2587.8831	2628397.009	1104733.501	2587.8831	0.0	0.0
749	2628397.009	1104733.501	2587.8831	2628397.009	1104733.501	2587.8831	0.0	0.0
750	2628397.009	1104733.501	2587.8831	2628397.009	1104733.501	2587.8831	0.0	0.0
751	2628397.009	1104733.501	2587.8831	2628397.009	1104733.501	2587.8831	0.0	0.0
752	2628397.009	1104733.501	2587.8831	2628397.009	1104733.501	2587.8831	0.0	0.0
753	2628373.755	1104923.795	2462.929	2628373.755	1104923.795	2462.929	0.0	0.0
765	2628919.934	1104742.132	2790.7839	2628919.934	1104742.132	2790.7839	0.0	0.0
766	2628919.934	1104742.132	2790.7839	2628919.934	1104742.132	2790.7839	0.0	0.0
767	2628919.36	1104742.907	2790.314	2628919.36	1104742.907	2790.314	0.0	0.0
768	2628911.276	1104754.943	2781.6379	2628911.333	1104755.088	2781.334	0.3415101901978997	0.0487871700282713
769	2628903.179	1104767.432	2772.3159	2628903.179	1104767.432	2772.3159	0.0	0.0
770	2628892.024	1104784.272	2755.291	2628892.024	1104784.272	2755.291	0.0	0.0
771	2628879.3101	1104778.588	2750.6851	2628879.4709	1104778.923	2750.6641	0.3721862974844596	0.0531694710692085
772	2628854.944	1104765.968	2744.6621	2628856.084	1104767.242	2744.7529	1.71199317731522	0.2445704539021742
773	2628834.382	1104760.344	2740.124	2628834.522	1104760.465	2739.968	0.242026857841179	0.0345752654058827
775	2628787.625	1104744.886	2730.012	2628788.949	1104746.486	2730.229	2.088076866486733	0.2982966952123905
776	2628764.479	1104739.175	2725.3181	2628765.162	1104739.173	2725.3401	0.6833571542502441	0.0976224506071777
784	2628504.0	1104650.261	2668.2029	2628503.757	1104649.966	2668.3911	0.4260202340862243	0.0608600334408891
785	2628477.611	1104652.972	2664.0339	2628477.9611	1104653.36	2663.8701	0.5476718451533423	0.078238835021906
786	2628440.178	1104645.422	2656.7461	2628440.7889	1104644.966	2657.261	0.9199221816293705	0.1314174545184814
787	2628427.089	1104662.762	2642.6919	2628428.046	1104663.164	2643.2561	1.1814290668002765	0.168775580971468
788	2628419.439	1104670.181	2637.4299	2628419.439	1104670.181	2637.4299	0.0	0.0
789	2628419.439	1104670.181	2637.4299	2628419.439	1104670.181	2637.4299	0.0	0.0
790	2628399.492	1104728.371	2591.7991	2628399.492	1104728.371	2591.7991	0.0	0.0
791	2628397.009	1104733.501	2587.8831	2628397.009	1104733.501	2587.8831	0.0	0.0
792	2628397.009	1104733.501	2587.8831	2628397.009	1104733.501	2587.8831	0.0	0.0
793	2628397.009	1104733.501	2587.8831	2628397.009	1104733.501	2587.8831	0.0	0.0
794	2628397.009	1104733.501	2587.8831	2628397.009	1104733.501	2587.8831	0.0	0.0
795	2628397.009	1104733.501	2587.8831	2628397.009	1104733.501	2587.8831	0.0	0.0
796	2628397.009	1104733.501	2587.8831	2628397.009	1104733.501	2587.8831	0.0	0.0
797	2628397.009	1104733.501	2587.8831	2628397.009	1104733.501	2587.8831	0.0	0.0
798	2628373.755	1104923.795	2462.929	2628373.755	1104923.795	2462.929	0.0	0.0
810	2628919.934	1104742.132	2790.7839	2628919.934	1104742.132	2790.7839	0.0	0.0
811	2628919.934	1104742.132	2790.7839	2628919.934	1104742.132	2790.7839	0.0	0.0
812	2628919.36	1104742.907	2790.314	2628919.36	1104742.907	2790.314	0.0	0.0
813	2628911.276	1104754.943	2781.6379	2628911.276	1104754.943	2781.6379	0.0	0.0
814	2628903.179	1104767.432	2772.3159	2628903.212	1104767.3	2772.3889	0.1544085489335127	0.0220583641333589
815	2628895.014	1104779.738	2759.8879	2628895.141	1104779.591	2760.0359	0.2442171163736246	0.0348881594819463
816	2628886.556	1104792.567	2749.3889	2628886.556	1104792.567	2749.3889	0.0	0.0
817	2628870.248	1104791.218	2739.041	2628870.863	1104792.068	2739.3701	1.0995598253231278	0.1570799750461611
822	2628751.887	1104749.425	2711.312	2628751.524	1104748.964	2711.575	0.6430077760346375	0.0918582537192339
830	2628498.403	1104674.478	2653.894	2628498.5229	1104674.011	2654.1521	0.5468826382479979	0.0781260911782854
831	2628473.568	1104680.396	2650.7129	2628473.303	1104680.091	2650.918	0.4531180972212319	0.0647311567458902
832	2628404.873	1104640.824	2632.387	2628404.873	1104640.824	2632.387	0.0	0.0
833	2628416.589	1104684.857	2630.603	2628416.589	1104684.857	2630.603	0.0	0.0
834	2628404.948	1104704.531	2616.7939	2628404.913	1104704.048	2617.0	0.5262995439718542	0.0751856491388363
835	2628399.423	1104728.827	2591.457	2628399.423	1104728.827	2591.457	0.0	0.0
836	2628397.009	1104733.501	2587.8831	2628397.009	1104733.501	2587.8831	0.0	0.0
837	2628397.009	1104733.501	2587.8831	2628397.009	1104733.501	2587.8831	0.0	0.0
838	2628397.009	1104733.501	2587.8831	2628397.009	1104733.501	2587.8831	0.0	0.0
839	2628397.009	1104733.501	2587.8831	2628397.009	1104733.501	2587.8831	0.0	0.0
840	2628397.009	1104733.501	2587.8831	2628397.009	1104733.501	2587.8831	0.0	0.0
841	2628397.009	1104733.501	2587.8831	2628397.009	1104733.501	2587.8831	0.0	0.0
842	2628397.009	1104733.501	2587.8831	2628397.009	1104733.501	2587.8831	0.0	0.0
843	2628373.755	1104923.795	2462.929	2628367.735	1104925.797	2458.054	8.000876764493041	1.1429823949275772
855	2628919.934	1104742.132	2790.7839	2628919.934	1104742.132	2790.7839	0.0	0.0
856	2628919.934	1104742.132	2790.7839	2628919.934	1104742.132	2790.7839	0.0	0.0
857	2628919.36	1104742.907	2790.314	2628919.36	1104742.907	2790.314	0.0	0.0
858	2628911.276	1104754.943	2781.6379	2628911.276	1104754.943	2781.6379	0.0	0.0
859	2628903.179	1104767.432	2772.3159	2628903.082	1104767.526	2772.217	0.1674103044041921	0.0239157577720274
860	2628894.756	1104779.609	2759.7261	2628894.756	1104779.609	2759.7261	0.0	0.0
861	2628886.556	1104792.567	2749.3889	2628886.556	1104792.567	2749.3889	0.0	0.0
862	2628875.307	1104809.465	2737.2881	2628875.307	1104809.465	2737.2881	0.0	0.0
863	2628867.421	1104814.616	2730.906	2628867.281	1104814.348	2730.9641	0.3078954530284541	0.0439850647183506
868	2628745.014	1104767.721	2699.3091	2628745.338	1104768.184	2699.376	0.5690523789636327	0.0812931969948046
876	2628491.1169	1104698.031	2640.1689	2628490.429	1104697.899	2640.217	0.7020997220490708	0.1002999602927244
877	2628463.5389	1104700.615	2635.4741	2628463.4041	1104700.174	2635.6421	0.490791238635435	0.0701130340907764
878	2628426.743	1104694.26	2627.4741	2628427.587	1104694.475	2627.4919	0.8711359481190156	0.1244479925884308
879	2628404.913	1104704.048	2617.0	2628404.913	1104704.048	2617.0	0.0	0.0
880	2628410.815	1104693.393	2623.4761	2628410.807	1104692.872	2624.0979	0.8112584298154681	0.1158940614022097
881	2628397.009	1104733.501	2587.8831	2628397.009	1104733.501	2587.8831	0.0	0.0
882	2628397.009	1104733.501	2587.8831	2628397.009	1104733.501	2587.8831	0.0	0.0
883	2628397.009	1104733.501	2587.8831	2628397.009	1104733.501	2587.8831	0.0	0.0
884	2628397.009	1104733.501	2587.8831	2628397.009	1104733.501	2587.8831	0.0	0.0
885	2628397.009	1104733.501	2587.8831	2628397.009	1104733.501	2587.8831	0.0	0.0
886	2628397.009	1104733.501	2587.8831	2628397.009	1104733.501	2587.8831	0.0	0.0
887	2628397.009	1104733.501	2587.8831	2628397.009	1104733.501	2587.8831	0.0	0.0
888	2628373.755	1104923.795	2462.929	2628373.755	1104923.795	2462.929	0.0	0.0
900	2628919.934	1104742.132	2790.7839	2628919.934	1104742.132	2790.7839	0.0	0.0
901	2628919.934	1104742.132	2790.7839	2628919.934	1104742.132	2790.7839	0.0	0.0
902	2628919.36	1104742.907	2790.314	2628919.36	1104742.907	2790.314	0.0	0.0
903	2628911.276	1104754.943	2781.6379	2628911.276	1104754.943	2781.6379	0.0	0.0
904	2628903.082	1104767.526	2772.217	2628903.082	1104767.526	2772.217	0.0	0.0
905	2628895.014	1104779.738	2759.8879	2628895.014	1104779.738	2759.8879	0.0	0.0
906	2628886.035	1104792.109	2749.1851	2628886.556	1104792.567	2749.3889	0.7230072197405975	0.1032867456772282
907	2628875.307	1104809.465	2737.2881	2628875.307	1104809.465	2737.2881	0.0	0.0
908	2628863.7581	1104826.993	2721.531	2628863.7581	1104826.993	2721.531	0.0	0.0
909	2628858.908	1104825.6	2719.2151	2628857.583	1104823.509	2718.5449	2.564580675143979	0.3663686678777113
914	2628736.474	1104783.745	2687.4861	2628736.16	1104783.523	2687.823	0.5112549363004717	0.0730364194714959
922	2628483.533	1104720.342	2625.72	2628483.912	1104720.204	2625.8711	0.4307159274438231	0.061530846777689
923	2628452.16	1104718.956	2619.3069	2628452.16	1104718.956	2619.3069	0.0	0.0
924	2628412.853	1104712.08	2610.5029	2628412.853	1104712.08	2610.5029	0.0	0.0
925	2628397.339	1104713.518	2607.2371	2628398.098	1104713.197	2607.845	1.0240431680922095	0.1462918811560299
926	2628397.009	1104733.501	2587.8831	2628397.009	1104733.501	2587.8831	0.0	0.0
927	2628397.009	1104733.501	2587.8831	2628397.009	1104733.501	2587.8831	0.0	0.0
928	2628397.617	1104771.839	2564.644	2628397.617	1104771.839	2564.644	0.0	0.0
929	2628397.009	1104733.501	2587.8831	2628397.009	1104733.501	2587.8831	0.0	0.0
930	2628397.009	1104733.501	2587.8831	2628397.009	1104733.501	2587.8831	0.0	0.0
931	2628397.009	1104733.501	2587.8831	2628397.009	1104733.501	2587.8831	0.0	0.0
932	2628397.009	1104733.501	2587.8831	2628397.009	1104733.501	2587.8831	0.0	0.0
933	2628373.755	1104923.795	2462.929	2628373.755	1104923.795	2462.929	0.0	0.0
945	2628919.934	1104742.132	2790.7839	2628919.934	1104742.132	2790.7839	0.0	0.0
946	2628919.934	1104742.132	2790.7839	2628919.934	1104742.132	2790.7839	0.0	0.0
947	2628919.105	1104743.349	2790.177	2628919.36	1104742.907	2790.314	0.528354047942763	0.075479149706109
948	2628911.027	1104755.516	2781.062	2628911.027	1104755.516	2781.062	0.0	0.0
949	2628903.082	1104767.526	2772.217	2628903.212	1104767.3	2772.3889	0.312290906018454	0.0446129865740648
950	2628895.014	1104779.738	2759.8879	2628895.014	1104779.738	2759.8879	0.0	0.0
951	2628886.035	1104792.109	2749.1851	2628886.556	1104792.567	2749.3889	0.7230072197405975	0.1032867456772282
952	2628875.307	1104809.465	2737.2881	2628875.307	1104809.465	2737.2881	0.0	0.0
953	2628870.094	1104817.28	2732.6709	2628870.094	1104817.28	2732.6709	0.0	0.0
954	2628854.4	1104837.763	2710.4399	2628854.4	1104837.763	2710.4399	0.0	0.0
955	2628848.566	1104834.396	2707.2019	2628848.114	1104833.155	2707.01	1.3346200245199138	0.1906600035028448
960	2628730.8149	1104801.958	2676.22	2628730.424	1104801.889	2675.9819	0.462877327179827	0.066125332454261
961	2628709.558	1104802.629	2671.9839	2628709.1429	1104802.492	2671.917	0.4422133198370558	0.0631733314052936
968	2628468.675	1104735.176	2608.9109	2628468.504	1104734.849	2609.103	0.4160197229736517	0.0594313889962359
969	2628444.088	1104740.923	2604.989	2628444.088	1104740.923	2604.989	0.0	0.0
970	2628399.423	1104728.827	2591.457	2628399.423	1104728.827	2591.457	0.0	0.0
971	2628397.009	1104733.501	2587.8831	2628397.009	1104733.501	2587.8831	0.0	0.0
972	2628397.617	1104771.839	2564.644	2628397.617	1104771.839	2564.644	0.0	0.0
973	2628397.617	1104771.839	2564.644	2628397.617	1104771.839	2564.644	0.0	0.0
975	2628397.009	1104733.501	2587.8831	2628397.009	1104733.501	2587.8831	0.0	0.0
976	2628397.009	1104733.501	2587.8831	2628397.009	1104733.501	2587.8831	0.0	0.0
978	2628373.755	1104923.795	2462.929	2628373.755	1104923.795	2462.929	0.0	0.0
990	2628933.653	1104721.39	2801.0249	2628933.653	1104721.39	2801.0249	0.0	0.0
991	2628928.532	1104729.089	2798.0339	2628928.532	1104729.089	2798.0339	0.0	0.0
992	2628919.36	1104742.907	2790.314	2628919.36	1104742.907	2790.314	0.0	0.0
993	2628911.276	1104754.943	2781.6379	2628911.276	1104754.943	2781.6379	0.0	0.0
994	2628903.082	1104767.526	2772.217	2628903.082	1104767.526	2772.217	0.0	0.0
995	2628895.007	1104779.635	2759.9241	2628895.141	1104779.591	2760.0359	0.1799756647316642	0.0257108092473806
996	2628886.556	1104792.567	2749.3889	2628886.556	1104792.567	2749.3889	0.0	0.0
997	2628875.307	1104809.465	2737.2881	2628875.307	1104809.465	2737.2881	0.0	0.0
998	2628854.4	1104837.763	2710.4399	2628854.4	1104837.763	2710.4399	0.0	0.0
999	2628854.4	1104837.763	2710.4399	2628854.4	1104837.763	2710.4399	0.0	0.0
1000	2628852.688	1104841.216	2708.6069	2628851.551	1104840.004	2707.9409	1.7903265066398883	0.255760929519984
1001	2628839.1899	1104845.936	2696.7981	2628839.1899	1104845.936	2696.7981	0.0	0.0
1006	2628722.069	1104817.494	2664.3311	2628721.774	1104817.575	2664.157	0.3519897867223583	0.0502842552460511
1007	2628700.24	1104817.011	2659.6331	2628700.74	1104817.559	2659.238	0.8404808206896024	0.1200686886699432
1014	2628459.9969	1104755.997	2594.7529	2628459.738	1104755.788	2594.957	0.3903421834002495	0.0557631690571785
1015	2628430.238	1104757.766	2588.822	2628430.193	1104757.257	2589.04	0.555544777738813	0.0793635396769732
1016	2628401.6	1104760.624	2576.738	2628401.967	1104759.958	2577.0339	0.8159667946802471	0.116566684954321
1017	2628397.617	1104771.839	2564.644	2628397.617	1104771.839	2564.644	0.0	0.0
1018	2628397.617	1104771.839	2564.644	2628397.617	1104771.839	2564.644	0.0	0.0
1021	2628395.053	1104891.663	2492.647	2628395.053	1104891.663	2492.647	0.0	0.0
1022	2628390.671	1104891.002	2490.071	2628390.671	1104891.002	2490.071	0.0	0.0
1023	2628390.671	1104891.002	2490.071	2628390.671	1104891.002	2490.071	0.0	0.0
1024	2628390.671	1104891.002	2490.071	2628390.671	1104891.002	2490.071	0.0	0.0
1035	2628933.653	1104721.39	2801.0249	2628933.653	1104721.39	2801.0249	0.0	0.0
1036	2628928.532	1104729.089	2798.0339	2628928.532	1104729.089	2798.0339	0.0	0.0
1037	2628919.36	1104742.907	2790.314	2628919.36	1104742.907	2790.314	0.0	0.0
1038	2628911.276	1104754.943	2781.6379	2628911.276	1104754.943	2781.6379	0.0	0.0
1039	2628903.212	1104767.3	2772.3889	2628903.472	1104766.996	2772.844	0.6059141937009709	0.0865591705287101
1040	2628895.014	1104779.738	2759.8879	2628894.7679	1104779.2	2760.0911	0.6255393272927872	0.0893627610418267
1041	2628854.4	1104837.763	2710.4399	2628854.4	1104837.763	2710.4399	0.0	0.0
1042	2628854.4	1104837.763	2710.4399	2628854.4	1104837.763	2710.4399	0.0	0.0
1043	2628854.4	1104837.763	2710.4399	2628854.4	1104837.763	2710.4399	0.0	0.0
1044	2628854.4	1104837.763	2710.4399	2628854.4	1104837.763	2710.4399	0.0	0.0
1045	2628852.564	1104839.761	2708.76	2628852.152	1104839.01	2708.582	0.8748879927772553	0.1249839989681793
1046	2628840.7159	1104847.65	2697.4331	2628840.7159	1104847.65	2697.4331	0.0	0.0
1047	2628834.3051	1104863.705	2691.0879	2628834.3051	1104863.705	2691.0879	0.0	0.0
1052	2628711.554	1104830.417	2651.4231	2628711.9351	1104830.765	2651.136	0.5905655085669865	0.0843665012238552
1053	2628689.621	1104830.408	2646.395	2628690.058	1104830.839	2646.2549	0.6295697024315703	0.0899385289187957
1060	2628445.697	1104771.988	2578.1631	2628444.892	1104771.366	2578.334	1.0315598917354858	0.1473656988193551
1061	2628416.343	1104773.619	2571.6621	2628416.463	1104773.82	2571.469	0.3034610519885203	0.0433515788555029
1062	2628397.617	1104771.839	2564.644	2628397.617	1104771.839	2564.644	0.0	0.0
1063	2628397.617	1104771.839	2564.644	2628397.617	1104771.839	2564.644	0.0	0.0
1065	2628396.593	1104770.042	2565.615	2628396.664	1104770.557	2565.4341	0.5504460101896543	0.0786351443128077
1066	2628395.053	1104891.663	2492.647	2628400.313	1104893.338	2495.519	6.222668961362355	0.8889527087660507
1067	2628390.671	1104891.002	2490.071	2628390.671	1104891.002	2490.071	0.0	0.0
1068	2628390.671	1104891.002	2490.071	2628390.671	1104891.002	2490.071	0.0	0.0
1069	2628390.671	1104891.002	2490.071	2628390.671	1104891.002	2490.071	0.0	0.0
1080	2628933.653	1104721.39	2801.0249	2628933.653	1104721.39	2801.0249	0.0	0.0
1081	2628928.442	1104729.155	2797.9961	2628928.442	1104729.155	2797.9961	0.0	0.0
1082	2628919.36	1104742.907	2790.314	2628919.36	1104742.907	2790.314	0.0	0.0
1083	2628911.276	1104754.943	2781.6379	2628911.276	1104754.943	2781.6379	0.0	0.0
1084	2628854.4	1104837.763	2710.4399	2628854.4	1104837.763	2710.4399	0.0	0.0
1085	2628854.4	1104837.763	2710.4399	2628854.4	1104837.763	2710.4399	0.0	0.0
1086	2628854.4	1104837.763	2710.4399	2628854.4	1104837.763	2710.4399	0.0	0.0
1087	2628854.4	1104837.763	2710.4399	2628854.4	1104837.763	2710.4399	0.0	0.0
1088	2628854.4	1104837.763	2710.4399	2628854.4	1104837.763	2710.4399	0.0	0.0
1089	2628854.4	1104837.763	2710.4399	2628854.4	1104837.763	2710.4399	0.0	0.0
1090	2628852.176	1104841.122	2708.197	2628851.551	1104840.004	2707.9409	1.306191490570014	0.1865987843671448
1091	2628840.7159	1104847.65	2697.4331	2628840.7159	1104847.65	2697.4331	0.0	0.0
1094	2628819.21	1104891.729	2676.6819	2628814.604	1104885.353	2674.1121	8.274810211928108	1.1821157445611583
1098	2628701.6801	1104844.456	2638.7339	2628701.6801	1104844.456	2638.7339	0.0	0.0
1099	2628679.425	1104844.696	2633.1399	2628680.036	1104844.974	2633.5149	0.7689148197321262	0.1098449742474465
1106	2628438.932	1104793.789	2564.3501	2628440.119	1104793.839	2564.561	1.206626624017067	0.1723752320024381
1107	2628387.513	1104777.295	2547.7251	2628387.513	1104777.295	2547.7251	0.0	0.0
1108	2628387.269	1104777.581	2547.344	2628387.269	1104777.581	2547.344	0.0	0.0
1111	2628395.053	1104891.663	2492.647	2628395.053	1104891.663	2492.647	0.0	0.0
1112	2628390.671	1104891.002	2490.071	2628390.671	1104891.002	2490.071	0.0	0.0
1113	2628390.671	1104891.002	2490.071	2628390.671	1104891.002	2490.071	0.0	0.0
1114	2628390.671	1104891.002	2490.071	2628390.671	1104891.002	2490.071	0.0	0.0
1125	2628933.653	1104721.39	2801.0249	2628933.653	1104721.39	2801.0249	0.0	0.0
1126	2628928.532	1104729.089	2798.0339	2628928.629	1104728.996	2798.0959	0.1479932430556552	0.0211418918650936
1127	2628854.4	1104837.763	2710.4399	2628854.4	1104837.763	2710.4399	0.0	0.0
1128	2628854.4	1104837.763	2710.4399	2628854.4	1104837.763	2710.4399	0.0	0.0
1129	2628854.4	1104837.763	2710.4399	2628854.4	1104837.763	2710.4399	0.0	0.0
1130	2628854.4	1104837.763	2710.4399	2628854.4	1104837.763	2710.4399	0.0	0.0
1131	2628854.4	1104837.763	2710.4399	2628854.4	1104837.763	2710.4399	0.0	0.0
1132	2628854.4	1104837.763	2710.4399	2628854.4	1104837.763	2710.4399	0.0	0.0
1133	2628854.4	1104837.763	2710.4399	2628854.4	1104837.763	2710.4399	0.0	0.0
1134	2628854.4	1104837.763	2710.4399	2628854.4	1104837.763	2710.4399	0.0	0.0
1139	2628815.038	1104899.688	2665.835	2628815.298	1104888.582	2673.176	13.315446556654017	1.9022066509505735
1140	2628802.396	1104893.073	2660.9961	2628800.355	1104891.089	2660.634	2.869329784374916	0.4099042549107023
1144	2628691.802	1104858.652	2625.886	2628691.786	1104858.349	2626.2271	0.456524051998912	0.0652177217141302
1145	2628668.078	1104857.079	2619.499	2628667.593	1104857.059	2619.4309	0.4901659008192606	0.0700237001170372
1146	2628641.538	1104854.251	2612.2151	2628641.33	1104854.134	2612.2981	0.2526697449387708	0.0360956778483958
1151	2628460.859	1104812.719	2557.772	2628460.712	1104812.607	2557.8191	0.1907128996527264	0.0272446999503894
1152	2628430.885	1104814.792	2550.519	2628430.885	1104814.792	2550.519	0.0	0.0
1156	2628395.053	1104891.663	2492.647	2628395.053	1104891.663	2492.647	0.0	0.0
1157	2628390.671	1104891.002	2490.071	2628390.671	1104891.002	2490.071	0.0	0.0
1158	2628390.671	1104891.002	2490.071	2628390.671	1104891.002	2490.071	0.0	0.0
1159	2628390.671	1104891.002	2490.071	2628390.671	1104891.002	2490.071	0.0	0.0
1170	2628932.5129	1104722.419	2800.6831	2628932.5129	1104722.419	2800.6831	0.0	0.0
1171	2628854.4	1104837.763	2710.4399	2628854.4	1104837.763	2710.4399	0.0	0.0
1172	2628854.4	1104837.763	2710.4399	2628854.4	1104837.763	2710.4399	0.0	0.0
1173	2628854.4	1104837.763	2710.4399	2628854.4	1104837.763	2710.4399	0.0	0.0
1174	2628854.4	1104837.763	2710.4399	2628854.4	1104837.763	2710.4399	0.0	0.0
1175	2628854.4	1104837.763	2710.4399	2628854.4	1104837.763	2710.4399	0.0	0.0
1176	2628854.4	1104837.763	2710.4399	2628854.4	1104837.763	2710.4399	0.0	0.0
1177	2628854.4	1104837.763	2710.4399	2628854.4	1104837.763	2710.4399	0.0	0.0
1178	2628854.4	1104837.763	2710.4399	2628854.4	1104837.763	2710.4399	0.0	0.0
1179	2628854.4	1104837.763	2710.4399	2628854.4	1104837.763	2710.4399	0.0	0.0
1184	2628809.6689	1104908.719	2658.116	2628809.6689	1104908.719	2658.116	0.0	0.0
1185	2628809.6689	1104908.719	2658.116	2628809.6689	1104908.719	2658.116	0.0	0.0
1186	2628789.64	1104899.793	2647.552	2628789.524	1104899.627	2647.6599	0.2294654875386092	0.032780783934087
1190	2628684.019	1104874.316	2613.8159	2628683.933	1104874.226	2613.998	0.2205819801270629	0.0315117114467232
1191	2628657.365	1104870.769	2606.2971	2628657.365	1104870.769	2606.2971	0.0	0.0
1192	2628633.4301	1104870.846	2599.947	2628633.4301	1104870.846	2599.947	0.0	0.0
1197	2628450.7469	1104831.793	2543.0901	2628450.415	1104831.988	2542.9641	0.4050414917082957	0.0578630702440422
1198	2628409.19	1104823.903	2530.2581	2628407.155	1104822.913	2529.9231	2.2876953469787145	0.3268136209969592
1203	2628390.671	1104891.002	2490.071	2628390.671	1104891.002	2490.071	0.0	0.0
1204	2628390.671	1104891.002	2490.071	2628390.671	1104891.002	2490.071	0.0	0.0
1215	2628933.653	1104721.39	2801.0249	2628933.653	1104721.39	2801.0249	0.0	0.0
1216	2628854.4	1104837.763	2710.4399	2628854.4	1104837.763	2710.4399	0.0	0.0
1217	2628854.4	1104837.763	2710.4399	2628854.4	1104837.763	2710.4399	0.0	0.0
1218	2628854.4	1104837.763	2710.4399	2628854.4	1104837.763	2710.4399	0.0	0.0
1219	2628854.4	1104837.763	2710.4399	2628854.4	1104837.763	2710.4399	0.0	0.0
1220	2628854.4	1104837.763	2710.4399	2628854.4	1104837.763	2710.4399	0.0	0.0
1221	2628854.4	1104837.763	2710.4399	2628854.4	1104837.763	2710.4399	0.0	0.0
1222	2628854.4	1104837.763	2710.4399	2628854.4	1104837.763	2710.4399	0.0	0.0
1223	2628854.4	1104837.763	2710.4399	2628854.4	1104837.763	2710.4399	0.0	0.0
1229	2628815.298	1104888.582	2673.176	2628815.298	1104888.582	2673.176	0.0	0.0
1230	2628810.2419	1104907.786	2659.196	2628810.2419	1104907.786	2659.196	0.0	0.0
1231	2628802.103	1104920.144	2646.354	2628802.103	1104920.144	2646.354	0.0	0.0
1232	2628774.6899	1104905.08	2632.439	2628774.634	1104905.031	2632.5359	0.1221287026677869	0.0174469575239695
1237	2628646.993	1104884.056	2592.866	2628646.993	1104884.056	2592.866	0.0	0.0
1238	2628622.187	1104884.702	2586.385	2628622.605	1104885.082	2586.1709	0.6041215192062511	0.0863030741723216
1244	2628400.357	1104844.768	2516.2571	2628401.51	1104845.132	2516.6399	1.2682432100701366	0.1811776014385909
1247	2628390.671	1104891.002	2490.071	2628390.671	1104891.002	2490.071	0.0	0.0
1248	2628390.671	1104891.002	2490.071	2628390.671	1104891.002	2490.071	0.0	0.0
1249	2628390.671	1104891.002	2490.071	2628390.671	1104891.002	2490.071	0.0	0.0
1260	2628854.4	1104837.763	2710.4399	2628854.4	1104837.763	2710.4399	0.0	0.0
1261	2628854.4	1104837.763	2710.4399	2628854.4	1104837.763	2710.4399	0.0	0.0
1262	2628854.4	1104837.763	2710.4399	2628854.4	1104837.763	2710.4399	0.0	0.0
1263	2628854.4	1104837.763	2710.4399	2628854.4	1104837.763	2710.4399	0.0	0.0
1264	2628854.4	1104837.763	2710.4399	2628854.4	1104837.763	2710.4399	0.0	0.0
1265	2628854.4	1104837.763	2710.4399	2628854.4	1104837.763	2710.4399	0.0	0.0
1266	2628854.4	1104837.763	2710.4399	2628854.4	1104837.763	2710.4399	0.0	0.0
1267	2628854.4	1104837.763	2710.4399	2628854.4	1104837.763	2710.4399	0.0	0.0
1268	2628854.4	1104837.763	2710.4399	2628854.4	1104837.763	2710.4399	0.0	0.0
1274	2628815.298	1104888.582	2673.176	2628815.298	1104888.582	2673.176	0.0	0.0
1275	2628799.37	1104922.815	2642.4641	2628799.37	1104922.815	2642.4641	0.0	0.0
1276	2628799.37	1104922.815	2642.4641	2628799.37	1104922.815	2642.4641	0.0	0.0
1277	2628795.204	1104930.541	2636.0891	2628795.204	1104930.541	2636.0891	0.0	0.0
1284	2628612.381	1104899.639	2573.0759	2628613.225	1104900.345	2573.0281	1.101388596307881	0.157341228043983
1291	2628395.053	1104891.663	2492.647	2628395.053	1104891.663	2492.647	0.0	0.0
1292	2628390.671	1104891.002	2490.071	2628390.671	1104891.002	2490.071	0.0	0.0
1293	2628390.671	1104891.002	2490.071	2628390.671	1104891.002	2490.071	0.0	0.0
1305	2628854.4	1104837.763	2710.4399	2628854.4	1104837.763	2710.4399	0.0	0.0
1306	2628854.4	1104837.763	2710.4399	2628854.4	1104837.763	2710.4399	0.0	0.0
1307	2628854.4	1104837.763	2710.4399	2628854.4	1104837.763	2710.4399	0.0	0.0
1308	2628854.4	1104837.763	2710.4399	2628854.4	1104837.763	2710.4399	0.0	0.0
1309	2628854.4	1104837.763	2710.4399	2628854.4	1104837.763	2710.4399	0.0	0.0
1310	2628854.4	1104837.763	2710.4399	2628854.4	1104837.763	2710.4399	0.0	0.0
1311	2628854.4	1104837.763	2710.4399	2628854.4	1104837.763	2710.4399	0.0	0.0
1312	2628854.4	1104837.763	2710.4399	2628854.4	1104837.763	2710.4399	0.0	0.0
1313	2628854.4	1104837.763	2710.4399	2628854.4	1104837.763	2710.4399	0.0	0.0
1319	2628815.298	1104888.582	2673.176	2628815.298	1104888.582	2673.176	0.0	0.0
1320	2628799.37	1104922.815	2642.4641	2628799.37	1104922.815	2642.4641	0.0	0.0
1321	2628799.37	1104922.815	2642.4641	2628799.37	1104922.815	2642.4641	0.0	0.0
1322	2628795.204	1104930.541	2636.0891	2628795.204	1104930.541	2636.0891	0.0	0.0
1323	2628785.127	1104944.916	2622.812	2628785.127	1104944.916	2622.812	0.0	0.0
1324	2628760.134	1104933.631	2611.114	2628759.91	1104933.386	2611.147	0.3336015587838966	0.0476573655405566
1330	2628605.028	1104916.218	2561.27	2628605.542	1104916.392	2561.2529	0.5429221029988537	0.0775603004284076
1336	2628395.291	1104893.102	2492.3491	2628394.864	1104892.014	2492.377	1.169124206445396	0.1670177437779137
1338	2628373.755	1104923.795	2462.929	2628373.755	1104923.795	2462.929	0.0	0.0
1350	2628854.4	1104837.763	2710.4399	2628854.4	1104837.763	2710.4399	0.0	0.0
1351	2628854.4	1104837.763	2710.4399	2628854.4	1104837.763	2710.4399	0.0	0.0
1352	2628854.4	1104837.763	2710.4399	2628854.4	1104837.763	2710.4399	0.0	0.0
1353	2628854.4	1104837.763	2710.4399	2628854.4	1104837.763	2710.4399	0.0	0.0
1354	2628854.4	1104837.763	2710.4399	2628854.4	1104837.763	2710.4399	0.0	0.0
1355	2628854.4	1104837.763	2710.4399	2628854.4	1104837.763	2710.4399	0.0	0.0
1356	2628854.4	1104837.763	2710.4399	2628854.4	1104837.763	2710.4399	0.0	0.0
1357	2628854.4	1104837.763	2710.4399	2628854.4	1104837.763	2710.4399	0.0	0.0
1364	2628815.298	1104888.582	2673.176	2628815.298	1104888.582	2673.176	0.0	0.0
1365	2628799.37	1104922.815	2642.4641	2628799.37	1104922.815	2642.4641	0.0	0.0
1366	2628799.37	1104922.815	2642.4641	2628799.37	1104922.815	2642.4641	0.0	0.0
1367	2628795.204	1104930.541	2636.0891	2628795.204	1104930.541	2636.0891	0.0	0.0
1368	2628785.127	1104944.916	2622.812	2628785.127	1104944.916	2622.812	0.0	0.0
1369	2628777.434	1104957.45	2613.1531	2628777.434	1104957.45	2613.1531	0.0	0.0
1370	2628754.6021	1104950.054	2601.6279	2628754.6021	1104950.054	2601.6279	0.0	0.0
1376	2628596.572	1104932.576	2549.23	2628596.861	1104932.392	2549.3669	0.3689425563512912	0.0527060794787558
1381	2628429.599	1104918.53	2494.198	2628429.255	1104918.311	2494.23	0.4090488968890531	0.0584355566984361
1383	2628373.755	1104923.795	2462.929	2628373.755	1104923.795	2462.929	0.0	0.0
1395	2628854.4	1104837.763	2710.4399	2628854.4	1104837.763	2710.4399	0.0	0.0
1396	2628854.4	1104837.763	2710.4399	2628854.4	1104837.763	2710.4399	0.0	0.0
1397	2628854.4	1104837.763	2710.4399	2628854.4	1104837.763	2710.4399	0.0	0.0
1398	2628854.4	1104837.763	2710.4399	2628854.4	1104837.763	2710.4399	0.0	0.0
1399	2628854.4	1104837.763	2710.4399	2628854.4	1104837.763	2710.4399	0.0	0.0
1400	2628854.4	1104837.763	2710.4399	2628854.4	1104837.763	2710.4399	0.0	0.0
1401	2628854.4	1104837.763	2710.4399	2628854.4	1104837.763	2710.4399	0.0	0.0
1402	2628854.4	1104837.763	2710.4399	2628854.4	1104837.763	2710.4399	0.0	0.0
1409	2628815.298	1104888.582	2673.176	2628815.298	1104888.582	2673.176	0.0	0.0
1410	2628799.37	1104922.815	2642.4641	2628799.37	1104922.815	2642.4641	0.0	0.0
1411	2628799.37	1104922.815	2642.4641	2628799.37	1104922.815	2642.4641	0.0	0.0
1412	2628795.204	1104930.541	2636.0891	2628795.204	1104930.541	2636.0891	0.0	0.0
1413	2628785.127	1104944.916	2622.812	2628785.127	1104944.916	2622.812	0.0	0.0
1414	2628778.855	1104955.219	2614.998	2628778.985	1104955.106	2615.1101	0.2055125543609201	0.0293589363372743
1415	2628770.71	1104967.59	2606.0911	2628770.71	1104967.59	2606.0911	0.0	0.0
1416	2628745.151	1104961.889	2589.855	2628750.166	1104966.99	2593.051	7.83484792459651	1.119263989228073
1422	2628587.118	1104948.001	2536.0249	2628587.792	1104947.844	2535.9839	0.6932575279945696	0.0990367897135099
1427	2628417.3719	1104934.494	2478.552	2628415.9919	1104933.772	2478.458	1.5602948441680504	0.2228992634525786
1428	2628367.959	1104924.676	2458.4131	2628367.959	1104924.676	2458.4131	0.0	0.0
1437	2628236.817	1105065.895	2338.406	2628236.817	1105065.895	2338.406	0.0	0.0
1438	2628232.674	1105083.348	2325.905	2628232.674	1105083.348	2325.905	0.0	0.0
1440	2628854.4	1104837.763	2710.4399	2628854.4	1104837.763	2710.4399	0.0	0.0
1441	2628854.4	1104837.763	2710.4399	2628854.4	1104837.763	2710.4399	0.0	0.0
1442	2628854.4	1104837.763	2710.4399	2628854.4	1104837.763	2710.4399	0.0	0.0
1443	2628854.4	1104837.763	2710.4399	2628854.4	1104837.763	2710.4399	0.0	0.0
1444	2628854.4	1104837.763	2710.4399	2628854.4	1104837.763	2710.4399	0.0	0.0
1445	2628854.4	1104837.763	2710.4399	2628854.4	1104837.763	2710.4399	0.0	0.0
1446	2628854.4	1104837.763	2710.4399	2628854.4	1104837.763	2710.4399	0.0	0.0
1454	2628815.298	1104888.582	2673.176	2628815.298	1104888.582	2673.176	0.0	0.0
1455	2628799.37	1104922.815	2642.4641	2628799.37	1104922.815	2642.4641	0.0	0.0
1456	2628799.37	1104922.815	2642.4641	2628799.37	1104922.815	2642.4641	0.0	0.0
1457	2628795.204	1104930.541	2636.0891	2628795.204	1104930.541	2636.0891	0.0	0.0
1458	2628785.127	1104944.916	2622.812	2628785.127	1104944.916	2622.812	0.0	0.0
1459	2628778.859	1104955.271	2614.9619	2628778.859	1104955.271	2614.9619	0.0	0.0
1460	2628763.744	1104977.947	2596.0569	2628763.744	1104977.947	2596.0569	0.0	0.0
1461	2628762.199	1104980.432	2593.0381	2628762.238	1104980.386	2593.0991	0.0857787852461708	0.0122541121780244
1462	2628737.986	1104976.062	2579.2671	2628738.3101	1104976.04	2579.5281	0.4167083031319561	0.0595297575902794
1468	2628582.952	1104967.451	2526.0891	2628583.201	1104967.392	2525.897	0.3199756395504257	0.0457108056500608
1469	2628559.525	1104971.027	2519.7451	2628558.571	1104969.982	2519.8269	1.4173327907283042	0.2024761129611863
1473	2628402.981	1104949.628	2462.5901	2628403.449	1104949.721	2463.0029	0.6309333085692321	0.0901333297956046
1481	2628241.97	1105047.709	2348.771	2628241.918	1105048.145	2348.521	0.505272203869709	0.0721817434099584
1482	2628236.817	1105065.895	2338.406	2628236.817	1105065.895	2338.406	0.0	0.0
1483	2628232.674	1105083.348	2325.905	2628232.674	1105083.348	2325.905	0.0	0.0
1484	2628223.708	1105109.57	2304.2971	2628223.708	1105109.57	2304.2971	0.0	0.0
1485	2628854.4	1104837.763	2710.4399	2628854.4	1104837.763	2710.4399	0.0	0.0
1486	2628854.4	1104837.763	2710.4399	2628854.4	1104837.763	2710.4399	0.0	0.0
1487	2628854.4	1104837.763	2710.4399	2628854.4	1104837.763	2710.4399	0.0	0.0
1488	2628854.4	1104837.763	2710.4399	2628854.4	1104837.763	2710.4399	0.0	0.0
1489	2628854.4	1104837.763	2710.4399	2628854.4	1104837.763	2710.4399	0.0	0.0
1490	2628854.4	1104837.763	2710.4399	2628854.4	1104837.763	2710.4399	0.0	0.0
1491	2628854.4	1104837.763	2710.4399	2628854.4	1104837.763	2710.4399	0.0	0.0
1499	2628815.298	1104888.582	2673.176	2628815.298	1104888.582	2673.176	0.0	0.0
1500	2628799.37	1104922.815	2642.4641	2628799.37	1104922.815	2642.4641	0.0	0.0
1501	2628799.37	1104922.815	2642.4641	2628799.37	1104922.815	2642.4641	0.0	0.0
1502	2628795.204	1104930.541	2636.0891	2628795.204	1104930.541	2636.0891	0.0	0.0
1503	2628785.127	1104944.916	2622.812	2628785.127	1104944.916	2622.812	0.0	0.0
1504	2628778.859	1104955.271	2614.9619	2628778.855	1104955.219	2614.998	0.0634287788944946	0.0090612541277849
1505	2628763.744	1104977.947	2596.0569	2628763.744	1104977.947	2596.0569	0.0	0.0
1506	2628757.032	1104988.28	2585.636	2628757.032	1104988.28	2585.636	0.0	0.0
1507	2628752.902	1104994.469	2579.9529	2628752.902	1104994.469	2579.9529	0.0	0.0
1514	2628578.549	1104986.338	2516.186	2628578.564	1104985.947	2516.3931	0.4427148179560459	0.0632449739937208
1515	2628557.067	1104991.557	2510.4819	2628557.4969	1104991.952	2510.697	0.622179250943698	0.0888827501348139
1519	2628391.426	1104966.544	2447.8379	2628390.491	1104966.436	2447.522	0.992815093613176	0.1418307276590251
1520	2628353.022	1104966.278	2434.155	2628353.438	1104966.583	2434.1819	0.5165313255453348	0.0737901893636192
1525	2628250.332	1105028.453	2354.917	2628250.332	1105028.453	2354.917	0.0	0.0
1526	2628241.97	1105047.709	2348.771	2628241.97	1105047.709	2348.771	0.0	0.0
1527	2628236.817	1105065.895	2338.406	2628236.817	1105065.895	2338.406	0.0	0.0
1528	2628232.674	1105083.348	2325.905	2628232.674	1105083.348	2325.905	0.0	0.0
1529	2628223.793	1105109.236	2304.512	2628223.793	1105109.236	2304.512	0.0	0.0
1530	2628854.4	1104837.763	2710.4399	2628854.4	1104837.763	2710.4399	0.0	0.0
1531	2628854.4	1104837.763	2710.4399	2628854.4	1104837.763	2710.4399	0.0	0.0
1532	2628854.4	1104837.763	2710.4399	2628854.4	1104837.763	2710.4399	0.0	0.0
1533	2628854.4	1104837.763	2710.4399	2628854.4	1104837.763	2710.4399	0.0	0.0
1534	2628854.4	1104837.763	2710.4399	2628854.4	1104837.763	2710.4399	0.0	0.0
1535	2628854.4	1104837.763	2710.4399	2628854.4	1104837.763	2710.4399	0.0	0.0
1544	2628815.298	1104888.582	2673.176	2628815.298	1104888.582	2673.176	0.0	0.0
1545	2628799.37	1104922.815	2642.4641	2628799.37	1104922.815	2642.4641	0.0	0.0
1546	2628799.37	1104922.815	2642.4641	2628799.37	1104922.815	2642.4641	0.0	0.0
1547	2628795.204	1104930.541	2636.0891	2628795.204	1104930.541	2636.0891	0.0	0.0
1548	2628785.127	1104944.916	2622.812	2628785.127	1104944.916	2622.812	0.0	0.0
1549	2628763.744	1104977.947	2596.0569	2628763.744	1104977.947	2596.0569	0.0	0.0
1550	2628763.744	1104977.947	2596.0569	2628763.744	1104977.947	2596.0569	0.0	0.0
1551	2628761.991	1104980.412	2592.9619	2628761.991	1104980.412	2592.9619	0.0	0.0
1552	2628747.616	1105002.507	2572.6851	2628747.616	1105002.507	2572.6851	0.0	0.0
1553	2628745.775	1105005.287	2570.0171	2628745.775	1105005.287	2570.0171	0.0	0.0
1560	2628575.132	1105004.967	2507.063	2628575.55	1105004.753	2507.446	0.605977722056864	0.0865682460081234
1561	2628553.405	1105010.496	2501.0901	2628553.405	1105010.496	2501.0901	0.0	0.0
1565	2628375.848	1104980.759	2429.3469	2628375.168	1104980.779	2429.4009	0.6824338797486115	0.0974905542498016
1570	2628250.073	1105028.778	2354.488	2628250.073	1105028.778	2354.488	0.0	0.0
1571	2628241.97	1105047.709	2348.771	2628241.97	1105047.709	2348.771	0.0	0.0
1572	2628236.817	1105065.895	2338.406	2628236.817	1105065.895	2338.406	0.0	0.0
1573	2628234.41	1105085.582	2325.761	2628234.41	1105085.582	2325.761	0.0	0.0
1574	2628223.708	1105109.57	2304.2971	2628223.708	1105109.57	2304.2971	0.0	0.0
1575	2628854.4	1104837.763	2710.4399	2628854.4	1104837.763	2710.4399	0.0	0.0
1576	2628854.4	1104837.763	2710.4399	2628854.4	1104837.763	2710.4399	0.0	0.0
1577	2628854.4	1104837.763	2710.4399	2628854.4	1104837.763	2710.4399	0.0	0.0
1578	2628854.4	1104837.763	2710.4399	2628854.4	1104837.763	2710.4399	0.0	0.0
1579	2628854.4	1104837.763	2710.4399	2628854.4	1104837.763	2710.4399	0.0	0.0
1580	2628854.4	1104837.763	2710.4399	2628854.4	1104837.763	2710.4399	0.0	0.0
1589	2628815.298	1104888.582	2673.176	2628815.298	1104888.582	2673.176	0.0	0.0
1590	2628799.37	1104922.815	2642.4641	2628799.37	1104922.815	2642.4641	0.0	0.0
1591	2628799.37	1104922.815	2642.4641	2628799.37	1104922.815	2642.4641	0.0	0.0
1592	2628795.204	1104930.541	2636.0891	2628795.204	1104930.541	2636.0891	0.0	0.0
1593	2628785.127	1104944.916	2622.812	2628785.127	1104944.916	2622.812	0.0	0.0
1594	2628778.859	1104955.271	2614.9619	2628778.855	1104955.219	2614.998	0.0634287788944946	0.0090612541277849
1595	2628763.744	1104977.947	2596.0569	2628763.744	1104977.947	2596.0569	0.0	0.0
1596	2628762.501	1104979.986	2593.468	2628762.501	1104979.986	2593.468	0.0	0.0
1597	2628747.616	1105002.507	2572.6851	2628747.616	1105002.507	2572.6851	0.0	0.0
1598	2628745.775	1105005.287	2570.0171	2628745.775	1105005.287	2570.0171	0.0	0.0
1599	2628736.71	1105016.564	2559.604	2628736.71	1105016.564	2559.604	0.0	0.0
1601	2628714.424	1105036.958	2553.967	2628713.291	1105035.832	2553.4609	1.6756199480117913	0.2393742782873987
1605	2628579.2889	1105009.149	2495.448	2628579.2889	1105009.149	2495.448	0.0	0.0
1606	2628563.953	1105018.828	2493.4561	2628563.5909	1105019.068	2493.3811	0.4408417063022355	0.062977386614605
1607	2628545.2629	1105026.016	2489.5549	2628545.665	1105026.287	2489.427	0.5014816248127728	0.0716402321161104
1611	2628393.475	1105015.064	2430.3311	2628392.538	1105014.059	2429.969	1.4209540492534034	0.202993435607629
1615	2628250.073	1105028.778	2354.488	2628250.073	1105028.778	2354.488	0.0	0.0
1616	2628249.355	1105033.625	2354.8679	2628249.355	1105033.625	2354.8679	0.0	0.0
1617	2628249.355	1105033.625	2354.8679	2628236.817	1105065.895	2338.406	38.33469049849758	5.476384356928226
1618	2628249.355	1105033.625	2354.8679	2628249.355	1105033.625	2354.8679	0.0	0.0
1619	2628223.387	1105109.953	2304.2351	2628223.387	1105109.953	2304.2351	0.0	0.0
1620	2628854.4	1104837.763	2710.4399	2628854.4	1104837.763	2710.4399	0.0	0.0
1621	2628854.4	1104837.763	2710.4399	2628854.4	1104837.763	2710.4399	0.0	0.0
1622	2628854.4	1104837.763	2710.4399	2628854.4	1104837.763	2710.4399	0.0	0.0
1623	2628854.4	1104837.763	2710.4399	2628854.4	1104837.763	2710.4399	0.0	0.0
1624	2628854.4	1104837.763	2710.4399	2628854.4	1104837.763	2710.4399	0.0	0.0
1625	2628854.4	1104837.763	2710.4399	2628854.4	1104837.763	2710.4399	0.0	0.0
1634	2628815.298	1104888.582	2673.176	2628815.298	1104888.582	2673.176	0.0	0.0
1635	2628799.37	1104922.815	2642.4641	2628799.37	1104922.815	2642.4641	0.0	0.0
1636	2628799.37	1104922.815	2642.4641	2628799.37	1104922.815	2642.4641	0.0	0.0
1637	2628795.204	1104930.541	2636.0891	2628795.204	1104930.541	2636.0891	0.0	0.0
1638	2628785.127	1104944.916	2622.812	2628785.127	1104944.916	2622.812	0.0	0.0
1639	2628763.744	1104977.947	2596.0569	2628763.744	1104977.947	2596.0569	0.0	0.0
1640	2628763.744	1104977.947	2596.0569	2628763.744	1104977.947	2596.0569	0.0	0.0
1641	2628762.238	1104980.386	2593.0991	2628761.991	1104980.412	2592.9619	0.2837407971914361	0.0405343995987765
1642	2628753.292	1104993.211	2580.7981	2628753.292	1104993.211	2580.7981	0.0	0.0
1643	2628745.879	1105005.072	2570.2371	2628745.879	1105005.072	2570.2371	0.0	0.0
1645	2628720.814	1105022.148	2546.874	2628720.814	1105022.148	2546.874	0.0	0.0
1651	2628573.005	1105025.193	2484.6951	2628572.45	1105025.161	2484.541	0.5768845722170788	0.0824120817452969
1652	2628554.86	1105033.527	2480.124	2628554.86	1105033.527	2480.124	0.0	0.0
1653	2628536.274	1105041.37	2477.3501	2628536.743	1105041.658	2477.175	0.5775508718445183	0.0825072674063597
1657	2628382.487	1105031.382	2416.532	2628382.487	1105031.382	2416.532	0.0	0.0
1660	2628250.073	1105028.778	2354.488	2628250.332	1105028.453	2354.917	0.5972830150023778	0.0853261450003396
1661	2628241.918	1105048.145	2348.521	2628241.97	1105047.709	2348.771	0.505272203869709	0.0721817434099584
1662	2628236.817	1105065.895	2338.406	2628236.817	1105065.895	2338.406	0.0	0.0
1663	2628230.368	1105086.962	2321.436	2628234.41	1105085.582	2325.761	6.078469297716644	0.8683527568166635
1664	2628224.613	1105106.068	2306.644	2628224.613	1105106.068	2306.644	0.0	0.0
1665	2628854.4	1104837.763	2710.4399	2628854.4	1104837.763	2710.4399	0.0	0.0
1666	2628854.4	1104837.763	2710.4399	2628854.4	1104837.763	2710.4399	0.0	0.0
1667	2628854.4	1104837.763	2710.4399	2628854.4	1104837.763	2710.4399	0.0	0.0
1668	2628854.4	1104837.763	2710.4399	2628854.4	1104837.763	2710.4399	0.0	0.0
1669	2628854.4	1104837.763	2710.4399	2628854.4	1104837.763	2710.4399	0.0	0.0
1679	2628815.298	1104888.582	2673.176	2628815.298	1104888.582	2673.176	0.0	0.0
1680	2628799.37	1104922.815	2642.4641	2628799.37	1104922.815	2642.4641	0.0	0.0
1681	2628799.37	1104922.815	2642.4641	2628799.37	1104922.815	2642.4641	0.0	0.0
1682	2628795.204	1104930.541	2636.0891	2628795.204	1104930.541	2636.0891	0.0	0.0
1683	2628785.127	1104944.916	2622.812	2628785.127	1104944.916	2622.812	0.0	0.0
1684	2628763.744	1104977.947	2596.0569	2628763.744	1104977.947	2596.0569	0.0	0.0
1685	2628763.744	1104977.947	2596.0569	2628763.744	1104977.947	2596.0569	0.0	0.0
1686	2628762.238	1104980.386	2593.0991	2628762.238	1104980.386	2593.0991	0.0	0.0
1687	2628753.833	1104992.766	2581.5371	2628753.731	1104993.016	2581.3291	0.3408342705640313	0.0486906100805759
1688	2628745.879	1105005.072	2570.2371	2628745.879	1105005.072	2570.2371	0.0	0.0
1697	2628564.368	1105040.601	2473.0891	2628564.848	1105040.907	2472.9871	0.5783078767811678	0.0826154109687382
1698	2628549.6281	1105051.084	2470.8379	2628549.6281	1105051.084	2470.8379	0.0	0.0
1699	2628525.7419	1105055.328	2463.332	2628525.407	1105055.442	2463.1399	0.4025623178967759	0.0575089025566822
1705	2628261.68	1105034.993	2355.1509	2628261.382	1105034.454	2355.2319	0.6211972312282226	0.0887424616040317
1706	2628241.918	1105048.145	2348.521	2628241.97	1105047.709	2348.771	0.505272203869709	0.0721817434099584
1707	2628236.817	1105065.895	2338.406	2628236.817	1105065.895	2338.406	0.0	0.0
1708	2628229.799	1105088.381	2319.936	2628229.799	1105088.381	2319.936	0.0	0.0
1709	2628224.613	1105106.068	2306.644	2628224.613	1105106.068	2306.644	0.0	0.0
1710	2628854.4	1104837.763	2710.4399	2628854.4	1104837.763	2710.4399	0.0	0.0
1711	2628854.4	1104837.763	2710.4399	2628854.4	1104837.763	2710.4399	0.0	0.0
1712	2628854.4	1104837.763	2710.4399	2628854.4	1104837.763	2710.4399	0.0	0.0
1713	2628854.4	1104837.763	2710.4399	2628854.4	1104837.763	2710.4399	0.0	0.0
1714	2628854.4	1104837.763	2710.4399	2628854.4	1104837.763	2710.4399	0.0	0.0
1724	2628815.298	1104888.582	2673.176	2628815.298	1104888.582	2673.176	0.0	0.0
1725	2628799.37	1104922.815	2642.4641	2628799.37	1104922.815	2642.4641	0.0	0.0
1726	2628799.37	1104922.815	2642.4641	2628799.37	1104922.815	2642.4641	0.0	0.0
1727	2628795.204	1104930.541	2636.0891	2628795.204	1104930.541	2636.0891	0.0	0.0
1728	2628785.127	1104944.916	2622.812	2628785.127	1104944.916	2622.812	0.0	0.0
1729	2628763.744	1104977.947	2596.0569	2628763.744	1104977.947	2596.0569	0.0	0.0
1730	2628763.744	1104977.947	2596.0569	2628763.744	1104977.947	2596.0569	0.0	0.0
1731	2628762.238	1104980.386	2593.0991	2628762.0861	1104980.188	2593.134	0.2519833723192637	0.0359976246170376
1743	2628558.823	1105057.655	2462.2	2628558.4041	1105057.384	2462.469	0.5668149697347804	0.0809735671049686
1744	2628541.766	1105066.389	2459.2471	2628542.059	1105066.233	2459.4031	0.366771045782393	0.052395863683199
1745	2628515.3879	1105069.472	2449.9199	2628515.021	1105069.553	2449.6919	0.4395004093817878	0.0627857727688268
1751	2628256.115	1105056.056	2343.156	2628256.106	1105055.897	2343.345	0.2471497521678166	0.0353071074525452
1752	2628236.817	1105065.895	2338.406	2628236.817	1105065.895	2338.406	0.0	0.0
1753	2628229.799	1105088.381	2319.936	2628229.799	1105088.381	2319.936	0.0	0.0
1754	2628224.613	1105106.068	2306.644	2628224.613	1105106.068	2306.644	0.0	0.0
1755	2628854.4	1104837.763	2710.4399	2628854.4	1104837.763	2710.4399	0.0	0.0
1756	2628854.4	1104837.763	2710.4399	2628854.4	1104837.763	2710.4399	0.0	0.0
1757	2628854.4	1104837.763	2710.4399	2628854.4	1104837.763	2710.4399	0.0	0.0
1758	2628854.4	1104837.763	2710.4399	2628854.4	1104837.763	2710.4399	0.0	0.0
1769	2628815.298	1104888.582	2673.176	2628815.298	1104888.582	2673.176	0.0	0.0
1770	2628799.37	1104922.815	2642.4641	2628799.37	1104922.815	2642.4641	0.0	0.0
1771	2628799.37	1104922.815	2642.4641	2628799.37	1104922.815	2642.4641	0.0	0.0
1772	2628795.204	1104930.541	2636.0891	2628795.204	1104930.541	2636.0891	0.0	0.0
1773	2628785.127	1104944.916	2622.812	2628785.127	1104944.916	2622.812	0.0	0.0
1774	2628778.859	1104955.271	2614.9619	2628778.859	1104955.271	2614.9619	0.0	0.0
1775	2628763.744	1104977.947	2596.0569	2628763.744	1104977.947	2596.0569	0.0	0.0
1789	2628554.844	1105075.289	2453.386	2628554.844	1105075.289	2453.386	0.0	0.0
1790	2628534.51	1105082.177	2447.825	2628534.2679	1105082.05	2447.8711	0.2772483001286507	0.0396069000183786
1791	2628506.717	1105084.93	2437.6111	2628506.51	1105084.484	2437.812	0.5311551658067252	0.0758793094009607
1792	2628470.095	1105083.402	2422.3899	2628462.709	1105079.209	2418.093	9.518276872194397	1.3597538388849135
1794	2628376.316	1105073.741	2380.7949	2628376.518	1105073.424	2381.0811	0.4724441129877209	0.0674920161411029
1797	2628247.644	1105075.235	2329.4209	2628247.644	1105075.235	2329.4209	0.0	0.0
1798	2628229.799	1105088.381	2319.936	2628229.799	1105088.381	2319.936	0.0	0.0
1799	2628224.613	1105106.068	2306.644	2628224.613	1105106.068	2306.644	0.0	0.0
1800	2628854.4	1104837.763	2710.4399	2628854.4	1104837.763	2710.4399	0.0	0.0
1801	2628854.4	1104837.763	2710.4399	2628854.4	1104837.763	2710.4399	0.0	0.0
1802	2628854.4	1104837.763	2710.4399	2628854.4	1104837.763	2710.4399	0.0	0.0
1803	2628854.4	1104837.763	2710.4399	2628854.4	1104837.763	2710.4399	0.0	0.0
1814	2628815.298	1104888.582	2673.176	2628815.298	1104888.582	2673.176	0.0	0.0
1815	2628799.37	1104922.815	2642.4641	2628799.37	1104922.815	2642.4641	0.0	0.0
1816	2628799.37	1104922.815	2642.4641	2628799.37	1104922.815	2642.4641	0.0	0.0
1817	2628795.204	1104930.541	2636.0891	2628795.204	1104930.541	2636.0891	0.0	0.0
1818	2628785.127	1104944.916	2622.812	2628785.127	1104944.916	2622.812	0.0	0.0
1819	2628763.744	1104977.947	2596.0569	2628763.744	1104977.947	2596.0569	0.0	0.0
1820	2628763.744	1104977.947	2596.0569	2628763.744	1104977.947	2596.0569	0.0	0.0
1835	2628548.0959	1105091.719	2442.9041	2628548.0959	1105091.719	2442.9041	0.0	0.0
1836	2628530.334	1105099.475	2438.7729	2628530.0341	1105099.322	2438.7119	0.3421549503381677	0.0488792786197382
1837	2628498.0229	1105100.06	2425.4319	2628497.163	1105099.811	2425.2129	0.9216235728876812	0.1316605104125258
1838	2628466.863	1105102.081	2413.439	2628466.863	1105102.081	2413.439	0.0	0.0
1839	2628409.615	1105091.523	2385.1809	2628410.724	1105091.641	2385.8301	1.290451719109081	0.1843502455870115
1840	2628361.299	1105087.879	2363.5061	2628362.033	1105087.801	2364.009	0.8931676268006629	0.1275953752572375
1842	2628270.001	1105086.747	2325.324	2628269.508	1105086.534	2325.2839	0.5385406300747907	0.0769343757249701
1843	2628237.344	1105093.661	2314.4871	2628237.686	1105093.79	2314.6321	0.3932302126124727	0.0561757446589246
1844	2628224.613	1105106.068	2306.644	2628224.613	1105106.068	2306.644	0.0	0.0
1845	2628854.4	1104837.763	2710.4399	2628854.4	1104837.763	2710.4399	0.0	0.0
1846	2628854.4	1104837.763	2710.4399	2628854.4	1104837.763	2710.4399	0.0	0.0
1847	2628854.4	1104837.763	2710.4399	2628854.4	1104837.763	2710.4399	0.0	0.0
1860	2628799.37	1104922.815	2642.4641	2628799.37	1104922.815	2642.4641	0.0	0.0
1861	2628799.37	1104922.815	2642.4641	2628799.37	1104922.815	2642.4641	0.0	0.0
1864	2628763.744	1104977.947	2596.0569	2628763.744	1104977.947	2596.0569	0.0	0.0
1881	2628543.274	1105107.561	2433.1379	2628543.274	1105107.561	2433.1379	0.0	0.0
1882	2628525.494	1105116.448	2429.2781	2628524.193	1105115.852	2429.0081	1.4562681758879137	0.2080383108411305
1883	2628494.359	1105118.033	2416.7161	2628494.359	1105118.033	2416.7161	0.0	0.0
1884	2628460.158	1105119.089	2402.293	2628460.158	1105119.089	2402.293	0.0	0.0
1885	2628392.48	1105104.789	2367.2839	2628392.48	1105104.789	2367.2839	0.0	0.0
1888	2628260.342	1105104.902	2311.261	2628259.538	1105104.93	2311.124	0.8160692372601004	0.1165813196085857
1889	2628230.18	1105112.91	2301.9131	2628229.658	1105113.041	2302.1101	0.5731090649913216	0.0818727235701888
1890	2628854.4	1104837.763	2710.4399	2628854.4	1104837.763	2710.4399	0.0	0.0
1891	2628854.4	1104837.763	2710.4399	2628854.4	1104837.763	2710.4399	0.0	0.0
1892	2628854.4	1104837.763	2710.4399	2628854.4	1104837.763	2710.4399	0.0	0.0
1905	2628799.37	1104922.815	2642.4641	2628799.37	1104922.815	2642.4641	0.0	0.0
1909	2628763.744	1104977.947	2596.0569	2628763.744	1104977.947	2596.0569	0.0	0.0
1927	2628534.08	1105122.269	2420.967	2628534.08	1105122.269	2420.967	0.0	0.0
1928	2628518.051	1105131.59	2417.832	2628517.958	1105131.547	2417.8911	0.1182827543751578	0.0168975363393082
1929	2628488.681	1105134.639	2406.3611	2628489.033	1105134.491	2406.4939	0.4042818818370717	0.0577545545481531
1930	2628452.3571	1105135.032	2390.7839	2628452.787	1105134.809	2390.6101	0.5145380937199847	0.0735054419599978
1934	2628252.15	1105123.69	2297.647	2628252.468	1105123.843	2297.5791	0.3593652877390555	0.0513378982484365
1935	2628854.4	1104837.763	2710.4399	2628854.4	1104837.763	2710.4399	0.0	0.0
1936	2628854.4	1104837.763	2710.4399	2628854.4	1104837.763	2710.4399	0.0	0.0
1973	2628521.02	1105133.961	2406.6479	2628521.02	1105133.961	2406.6479	0.0	0.0
1974	2628510.057	1105146.458	2406.3589	2628510.057	1105146.458	2406.3589	0.0	0.0
1975	2628477.54	1105148.098	2392.4221	2628477.089	1105147.877	2392.4189	0.5022471899901683	0.071749598570024
1976	2628454.5959	1105155.09	2385.0271	2628454.454	1105155.03	2385.1211	0.1804760650413529	0.0257822950059075
1977	2628373.015	1105137.01	2340.5139	2628373.015	1105137.01	2340.5139	0.0	0.0
1980	2628854.4	1104837.763	2710.4399	2628854.4	1104837.763	2710.4399	0.0	0.0
1981	2628854.4	1104837.763	2710.4399	2628854.4	1104837.763	2710.4399	0.0	0.0
2019	2628517.095	1105150.276	2400.6709	2628517.095	1105150.276	2400.6709	0.0	0.0
2020	2628495.467	1105157.869	2390.5701	2628495.299	1105157.801	2390.7109	0.2295052069502158	0.0327864581357451
2021	2628466.476	1105161.683	2378.2	2628466.014	1105161.738	2378.3269	0.4822578250594789	0.0688939750084969
2022	2628449.844	1105172.03	2375.0349	2628449.3149	1105172.152	2374.9829	0.545467514996435	0.0779239307137764
