ID	X_x	Y_x	Z_x	X_y	Y_y	Z_y	Distances	Velocity
10	2628632.103	1104505.282	2802.4541	2628632.103	1104505.282	2802.4541	0.0	0.0
11	2628632.103	1104505.282	2802.4541	2628632.103	1104505.282	2802.4541	0.0	0.0
12	2628632.103	1104505.282	2802.4541	2628632.103	1104505.282	2802.4541	0.0	0.0
13	2628632.103	1104505.282	2802.4541	2628632.103	1104505.282	2802.4541	0.0	0.0
14	2628632.103	1104505.282	2802.4541	2628632.103	1104505.282	2802.4541	0.0	0.0
15	2628564.757	1104513.436	2769.6909	2628564.757	1104513.436	2769.6909	0.0	0.0
16	2628564.757	1104513.436	2769.6909	2628564.757	1104513.436	2769.6909	0.0	0.0
17	2628564.757	1104513.436	2769.6909	2628564.757	1104513.436	2769.6909	0.0	0.0
18	2628564.757	1104513.436	2769.6909	2628564.757	1104513.436	2769.6909	0.0	0.0
19	2628564.757	1104513.436	2769.6909	2628564.757	1104513.436	2769.6909	0.0	0.0
20	2628564.757	1104513.436	2769.6909	2628564.757	1104513.436	2769.6909	0.0	0.0
21	2628564.757	1104513.436	2769.6909	2628564.757	1104513.436	2769.6909	0.0	0.0
22	2628428.046	1104663.164	2643.2561	2628428.046	1104663.164	2643.2561	0.0	0.0
23	2628419.439	1104670.181	2637.4299	2628419.439	1104670.181	2637.4299	0.0	0.0
24	2628419.439	1104670.181	2637.4299	2628419.439	1104670.181	2637.4299	0.0	0.0
25	2628397.174	1104732.771	2588.054	2628397.174	1104732.771	2588.054	0.0	0.0
26	2628397.009	1104733.501	2587.8831	2628397.009	1104733.501	2587.8831	0.0	0.0
27	2628397.009	1104733.501	2587.8831	2628397.009	1104733.501	2587.8831	0.0	0.0
28	2628397.009	1104733.501	2587.8831	2628397.009	1104733.501	2587.8831	0.0	0.0
29	2628397.009	1104733.501	2587.8831	2628397.009	1104733.501	2587.8831	0.0	0.0
30	2628397.009	1104733.501	2587.8831	2628397.009	1104733.501	2587.8831	0.0	0.0
31	2628397.009	1104733.501	2587.8831	2628397.009	1104733.501	2587.8831	0.0	0.0
32	2628397.009	1104733.501	2587.8831	2628397.009	1104733.501	2587.8831	0.0	0.0
33	2628373.755	1104923.795	2462.929	2628373.755	1104923.795	2462.929	0.0	0.0
55	2628632.103	1104505.282	2802.4541	2628632.103	1104505.282	2802.4541	0.0	0.0
56	2628632.103	1104505.282	2802.4541	2628632.103	1104505.282	2802.4541	0.0	0.0
57	2628632.103	1104505.282	2802.4541	2628632.103	1104505.282	2802.4541	0.0	0.0
58	2628632.103	1104505.282	2802.4541	2628632.103	1104505.282	2802.4541	0.0	0.0
59	2628632.103	1104505.282	2802.4541	2628632.103	1104505.282	2802.4541	0.0	0.0
60	2628564.757	1104513.436	2769.6909	2628564.757	1104513.436	2769.6909	0.0	0.0
61	2628564.757	1104513.436	2769.6909	2628564.757	1104513.436	2769.6909	0.0	0.0
62	2628564.757	1104513.436	2769.6909	2628564.757	1104513.436	2769.6909	0.0	0.0
63	2628564.757	1104513.436	2769.6909	2628564.757	1104513.436	2769.6909	0.0	0.0
64	2628564.757	1104513.436	2769.6909	2628564.757	1104513.436	2769.6909	0.0	0.0
65	2628564.757	1104513.436	2769.6909	2628564.757	1104513.436	2769.6909	0.0	0.0
66	2628564.757	1104513.436	2769.6909	2628564.757	1104513.436	2769.6909	0.0	0.0
67	2628427.089	1104662.762	2642.6919	2628427.089	1104662.762	2642.6919	0.0	0.0
68	2628419.439	1104670.181	2637.4299	2628419.439	1104670.181	2637.4299	0.0	0.0
69	2628419.439	1104670.181	2637.4299	2628419.439	1104670.181	2637.4299	0.0	0.0
70	2628399.492	1104728.371	2591.7991	2628399.492	1104728.371	2591.7991	0.0	0.0
71	2628397.009	1104733.501	2587.8831	2628397.009	1104733.501	2587.8831	0.0	0.0
72	2628397.009	1104733.501	2587.8831	2628397.009	1104733.501	2587.8831	0.0	0.0
73	2628397.009	1104733.501	2587.8831	2628397.009	1104733.501	2587.8831	0.0	0.0
74	2628397.009	1104733.501	2587.8831	2628397.009	1104733.501	2587.8831	0.0	0.0
75	2628397.009	1104733.501	2587.8831	2628397.009	1104733.501	2587.8831	0.0	0.0
76	2628397.009	1104733.501	2587.8831	2628397.009	1104733.501	2587.8831	0.0	0.0
77	2628397.009	1104733.501	2587.8831	2628397.009	1104733.501	2587.8831	0.0	0.0
78	2628373.755	1104923.795	2462.929	2628373.755	1104923.795	2462.929	0.0	0.0
100	2628632.103	1104505.282	2802.4541	2628632.103	1104505.282	2802.4541	0.0	0.0
101	2628632.103	1104505.282	2802.4541	2628632.103	1104505.282	2802.4541	0.0	0.0
102	2628632.103	1104505.282	2802.4541	2628632.103	1104505.282	2802.4541	0.0	0.0
103	2628632.103	1104505.282	2802.4541	2628632.103	1104505.282	2802.4541	0.0	0.0
104	2628564.757	1104513.436	2769.6909	2628564.757	1104513.436	2769.6909	0.0	0.0
105	2628564.757	1104513.436	2769.6909	2628564.757	1104513.436	2769.6909	0.0	0.0
106	2628564.757	1104513.436	2769.6909	2628564.757	1104513.436	2769.6909	0.0	0.0
107	2628564.757	1104513.436	2769.6909	2628564.757	1104513.436	2769.6909	0.0	0.0
108	2628564.757	1104513.436	2769.6909	2628564.757	1104513.436	2769.6909	0.0	0.0
109	2628564.757	1104513.436	2769.6909	2628564.757	1104513.436	2769.6909	0.0	0.0
110	2628564.757	1104513.436	2769.6909	2628564.757	1104513.436	2769.6909	0.0	0.0
111	2628564.757	1104513.436	2769.6909	2628564.757	1104513.436	2769.6909	0.0	0.0
112	2628427.089	1104662.762	2642.6919	2628427.089	1104662.762	2642.6919	0.0	0.0
113	2628419.439	1104670.181	2637.4299	2628419.439	1104670.181	2637.4299	0.0	0.0
114	2628419.439	1104670.181	2637.4299	2628419.439	1104670.181	2637.4299	0.0	0.0
115	2628399.492	1104728.371	2591.7991	2628399.492	1104728.371	2591.7991	0.0	0.0
116	2628397.009	1104733.501	2587.8831	2628397.009	1104733.501	2587.8831	0.0	0.0
117	2628397.009	1104733.501	2587.8831	2628397.009	1104733.501	2587.8831	0.0	0.0
118	2628397.009	1104733.501	2587.8831	2628397.009	1104733.501	2587.8831	0.0	0.0
119	2628397.009	1104733.501	2587.8831	2628397.009	1104733.501	2587.8831	0.0	0.0
120	2628397.009	1104733.501	2587.8831	2628397.009	1104733.501	2587.8831	0.0	0.0
121	2628397.009	1104733.501	2587.8831	2628397.009	1104733.501	2587.8831	0.0	0.0
122	2628397.009	1104733.501	2587.8831	2628397.009	1104733.501	2587.8831	0.0	0.0
123	2628373.755	1104923.795	2462.929	2628373.755	1104923.795	2462.929	0.0	0.0
145	2628632.103	1104505.282	2802.4541	2628632.103	1104505.282	2802.4541	0.0	0.0
146	2628632.103	1104505.282	2802.4541	2628632.103	1104505.282	2802.4541	0.0	0.0
147	2628632.103	1104505.282	2802.4541	2628632.103	1104505.282	2802.4541	0.0	0.0
148	2628632.103	1104505.282	2802.4541	2628632.103	1104505.282	2802.4541	0.0	0.0
149	2628564.757	1104513.436	2769.6909	2628564.757	1104513.436	2769.6909	0.0	0.0
150	2628564.757	1104513.436	2769.6909	2628564.757	1104513.436	2769.6909	0.0	0.0
151	2628564.757	1104513.436	2769.6909	2628564.757	1104513.436	2769.6909	0.0	0.0
152	2628564.757	1104513.436	2769.6909	2628564.757	1104513.436	2769.6909	0.0	0.0
153	2628564.757	1104513.436	2769.6909	2628564.757	1104513.436	2769.6909	0.0	0.0
155	2628564.757	1104513.436	2769.6909	2628564.757	1104513.436	2769.6909	0.0	0.0
156	2628442.646	1104630.67	2666.2451	2628442.646	1104630.67	2666.2451	0.0	0.0
157	2628427.089	1104662.762	2642.6919	2628427.089	1104662.762	2642.6919	0.0	0.0
158	2628419.439	1104670.181	2637.4299	2628419.439	1104670.181	2637.4299	0.0	0.0
159	2628419.439	1104670.181	2637.4299	2628419.439	1104670.181	2637.4299	0.0	0.0
160	2628397.569	1104723.089	2596.342	2628397.569	1104723.089	2596.342	0.0	0.0
161	2628397.009	1104733.501	2587.8831	2628397.009	1104733.501	2587.8831	0.0	0.0
162	2628397.009	1104733.501	2587.8831	2628397.009	1104733.501	2587.8831	0.0	0.0
163	2628397.009	1104733.501	2587.8831	2628397.009	1104733.501	2587.8831	0.0	0.0
164	2628397.009	1104733.501	2587.8831	2628397.009	1104733.501	2587.8831	0.0	0.0
165	2628397.009	1104733.501	2587.8831	2628397.009	1104733.501	2587.8831	0.0	0.0
166	2628397.009	1104733.501	2587.8831	2628397.009	1104733.501	2587.8831	0.0	0.0
167	2628397.009	1104733.501	2587.8831	2628397.009	1104733.501	2587.8831	0.0	0.0
168	2628373.755	1104923.795	2462.929	2628373.755	1104923.795	2462.929	0.0	0.0
190	2628632.103	1104505.282	2802.4541	2628632.103	1104505.282	2802.4541	0.0	0.0
191	2628632.103	1104505.282	2802.4541	2628632.103	1104505.282	2802.4541	0.0	0.0
192	2628632.103	1104505.282	2802.4541	2628632.103	1104505.282	2802.4541	0.0	0.0
193	2628564.757	1104513.436	2769.6909	2628564.757	1104513.436	2769.6909	0.0	0.0
194	2628564.757	1104513.436	2769.6909	2628564.757	1104513.436	2769.6909	0.0	0.0
195	2628564.757	1104513.436	2769.6909	2628564.757	1104513.436	2769.6909	0.0	0.0
196	2628564.757	1104513.436	2769.6909	2628564.757	1104513.436	2769.6909	0.0	0.0
197	2628564.757	1104513.436	2769.6909	2628564.757	1104513.436	2769.6909	0.0	0.0
198	2628564.757	1104513.436	2769.6909	2628564.757	1104513.436	2769.6909	0.0	0.0
200	2628564.757	1104513.436	2769.6909	2628564.757	1104513.436	2769.6909	0.0	0.0
201	2628442.646	1104630.67	2666.2451	2628442.646	1104630.67	2666.2451	0.0	0.0
202	2628427.089	1104662.762	2642.6919	2628427.089	1104662.762	2642.6919	0.0	0.0
203	2628419.439	1104670.181	2637.4299	2628419.439	1104670.181	2637.4299	0.0	0.0
204	2628419.439	1104670.181	2637.4299	2628419.439	1104670.181	2637.4299	0.0	0.0
205	2628399.492	1104728.371	2591.7991	2628399.492	1104728.371	2591.7991	0.0	0.0
206	2628397.009	1104733.501	2587.8831	2628397.009	1104733.501	2587.8831	0.0	0.0
207	2628397.009	1104733.501	2587.8831	2628397.009	1104733.501	2587.8831	0.0	0.0
208	2628397.009	1104733.501	2587.8831	2628397.009	1104733.501	2587.8831	0.0	0.0
209	2628397.009	1104733.501	2587.8831	2628397.009	1104733.501	2587.8831	0.0	0.0
210	2628397.009	1104733.501	2587.8831	2628397.009	1104733.501	2587.8831	0.0	0.0
211	2628397.009	1104733.501	2587.8831	2628397.009	1104733.501	2587.8831	0.0	0.0
212	2628397.009	1104733.501	2587.8831	2628397.009	1104733.501	2587.8831	0.0	0.0
213	2628373.755	1104923.795	2462.929	2628373.755	1104923.795	2462.929	0.0	0.0
235	2628632.103	1104505.282	2802.4541	2628632.103	1104505.282	2802.4541	0.0	0.0
236	2628632.103	1104505.282	2802.4541	2628632.103	1104505.282	2802.4541	0.0	0.0
237	2628632.103	1104505.282	2802.4541	2628632.103	1104505.282	2802.4541	0.0	0.0
238	2628564.757	1104513.436	2769.6909	2628564.757	1104513.436	2769.6909	0.0	0.0
239	2628564.757	1104513.436	2769.6909	2628564.757	1104513.436	2769.6909	0.0	0.0
240	2628564.757	1104513.436	2769.6909	2628564.757	1104513.436	2769.6909	0.0	0.0
241	2628564.757	1104513.436	2769.6909	2628564.757	1104513.436	2769.6909	0.0	0.0
242	2628564.757	1104513.436	2769.6909	2628564.757	1104513.436	2769.6909	0.0	0.0
245	2628450.246	1104623.759	2669.917	2628450.246	1104623.759	2669.917	0.0	0.0
246	2628442.646	1104630.67	2666.2451	2628442.646	1104630.67	2666.2451	0.0	0.0
247	2628427.089	1104662.762	2642.6919	2628427.089	1104662.762	2642.6919	0.0	0.0
248	2628419.439	1104670.181	2637.4299	2628419.439	1104670.181	2637.4299	0.0	0.0
249	2628419.439	1104670.181	2637.4299	2628419.439	1104670.181	2637.4299	0.0	0.0
250	2628399.423	1104728.827	2591.457	2628399.423	1104728.827	2591.457	0.0	0.0
251	2628397.009	1104733.501	2587.8831	2628397.009	1104733.501	2587.8831	0.0	0.0
252	2628397.009	1104733.501	2587.8831	2628397.009	1104733.501	2587.8831	0.0	0.0
253	2628397.009	1104733.501	2587.8831	2628397.009	1104733.501	2587.8831	0.0	0.0
254	2628397.009	1104733.501	2587.8831	2628397.009	1104733.501	2587.8831	0.0	0.0
255	2628397.009	1104733.501	2587.8831	2628397.009	1104733.501	2587.8831	0.0	0.0
256	2628397.009	1104733.501	2587.8831	2628397.009	1104733.501	2587.8831	0.0	0.0
257	2628397.009	1104733.501	2587.8831	2628397.009	1104733.501	2587.8831	0.0	0.0
258	2628374.258	1104922.794	2464.001	2628374.258	1104922.794	2464.001	0.0	0.0
280	2628632.103	1104505.282	2802.4541	2628632.103	1104505.282	2802.4541	0.0	0.0
281	2628632.103	1104505.282	2802.4541	2628632.103	1104505.282	2802.4541	0.0	0.0
282	2628584.207	1104516.514	2778.25	2628584.207	1104516.514	2778.25	0.0	0.0
283	2628564.757	1104513.436	2769.6909	2628564.757	1104513.436	2769.6909	0.0	0.0
284	2628564.757	1104513.436	2769.6909	2628564.757	1104513.436	2769.6909	0.0	0.0
285	2628564.757	1104513.436	2769.6909	2628564.757	1104513.436	2769.6909	0.0	0.0
286	2628564.757	1104513.436	2769.6909	2628564.757	1104513.436	2769.6909	0.0	0.0
287	2628564.757	1104513.436	2769.6909	2628564.757	1104513.436	2769.6909	0.0	0.0
290	2628450.246	1104623.759	2669.917	2628450.246	1104623.759	2669.917	0.0	0.0
291	2628442.646	1104630.67	2666.2451	2628442.646	1104630.67	2666.2451	0.0	0.0
292	2628427.089	1104662.762	2642.6919	2628427.089	1104662.762	2642.6919	0.0	0.0
293	2628419.439	1104670.181	2637.4299	2628419.439	1104670.181	2637.4299	0.0	0.0
294	2628419.439	1104670.181	2637.4299	2628419.439	1104670.181	2637.4299	0.0	0.0
295	2628399.423	1104728.827	2591.457	2628399.423	1104728.827	2591.457	0.0	0.0
296	2628397.009	1104733.501	2587.8831	2628397.009	1104733.501	2587.8831	0.0	0.0
297	2628397.009	1104733.501	2587.8831	2628397.009	1104733.501	2587.8831	0.0	0.0
298	2628397.009	1104733.501	2587.8831	2628397.009	1104733.501	2587.8831	0.0	0.0
299	2628397.009	1104733.501	2587.8831	2628397.009	1104733.501	2587.8831	0.0	0.0
300	2628397.009	1104733.501	2587.8831	2628397.009	1104733.501	2587.8831	0.0	0.0
301	2628397.009	1104733.501	2587.8831	2628397.009	1104733.501	2587.8831	0.0	0.0
302	2628397.009	1104733.501	2587.8831	2628397.009	1104733.501	2587.8831	0.0	0.0
303	2628373.755	1104923.795	2462.929	2628373.755	1104923.795	2462.929	0.0	0.0
325	2628632.103	1104505.282	2802.4541	2628632.103	1104505.282	2802.4541	0.0	0.0
326	2628632.103	1104505.282	2802.4541	2628632.103	1104505.282	2802.4541	0.0	0.0
327	2628585.184	1104515.364	2779.0791	2628585.184	1104515.364	2779.0791	0.0	0.0
328	2628564.757	1104513.436	2769.6909	2628564.757	1104513.436	2769.6909	0.0	0.0
329	2628564.757	1104513.436	2769.6909	2628564.757	1104513.436	2769.6909	0.0	0.0
330	2628564.757	1104513.436	2769.6909	2628564.757	1104513.436	2769.6909	0.0	0.0
331	2628564.757	1104513.436	2769.6909	2628564.757	1104513.436	2769.6909	0.0	0.0
335	2628450.679	1104625.43	2669.752	2628450.679	1104625.43	2669.752	0.0	0.0
336	2628442.646	1104630.67	2666.2451	2628442.646	1104630.67	2666.2451	0.0	0.0
337	2628427.089	1104662.762	2642.6919	2628427.089	1104662.762	2642.6919	0.0	0.0
338	2628419.439	1104670.181	2637.4299	2628419.439	1104670.181	2637.4299	0.0	0.0
339	2628419.439	1104670.181	2637.4299	2628419.439	1104670.181	2637.4299	0.0	0.0
340	2628399.423	1104728.827	2591.457	2628399.423	1104728.827	2591.457	0.0	0.0
341	2628397.009	1104733.501	2587.8831	2628397.009	1104733.501	2587.8831	0.0	0.0
342	2628397.009	1104733.501	2587.8831	2628397.009	1104733.501	2587.8831	0.0	0.0
343	2628397.009	1104733.501	2587.8831	2628397.009	1104733.501	2587.8831	0.0	0.0
344	2628397.009	1104733.501	2587.8831	2628397.009	1104733.501	2587.8831	0.0	0.0
345	2628397.009	1104733.501	2587.8831	2628397.009	1104733.501	2587.8831	0.0	0.0
346	2628397.009	1104733.501	2587.8831	2628397.009	1104733.501	2587.8831	0.0	0.0
347	2628397.009	1104733.501	2587.8831	2628397.009	1104733.501	2587.8831	0.0	0.0
348	2628373.755	1104923.795	2462.929	2628373.755	1104923.795	2462.929	0.0	0.0
370	2628632.103	1104505.282	2802.4541	2628632.103	1104505.282	2802.4541	0.0	0.0
372	2628581.953	1104515.039	2777.5691	2628582.7	1104516.278	2777.729	1.4555748038255112	0.2079392576893587
373	2628564.757	1104513.436	2769.6909	2628564.757	1104513.436	2769.6909	0.0	0.0
374	2628564.757	1104513.436	2769.6909	2628564.757	1104513.436	2769.6909	0.0	0.0
375	2628535.0601	1104534.28	2746.2639	2628535.0601	1104534.28	2746.2639	0.0	0.0
380	2628450.246	1104623.759	2669.917	2628450.246	1104623.759	2669.917	0.0	0.0
381	2628442.646	1104630.67	2666.2451	2628442.646	1104630.67	2666.2451	0.0	0.0
382	2628427.089	1104662.762	2642.6919	2628427.089	1104662.762	2642.6919	0.0	0.0
383	2628419.439	1104670.181	2637.4299	2628419.439	1104670.181	2637.4299	0.0	0.0
384	2628419.439	1104670.181	2637.4299	2628419.439	1104670.181	2637.4299	0.0	0.0
385	2628399.423	1104728.827	2591.457	2628399.423	1104728.827	2591.457	0.0	0.0
386	2628397.009	1104733.501	2587.8831	2628397.009	1104733.501	2587.8831	0.0	0.0
387	2628397.009	1104733.501	2587.8831	2628397.009	1104733.501	2587.8831	0.0	0.0
388	2628397.009	1104733.501	2587.8831	2628397.009	1104733.501	2587.8831	0.0	0.0
389	2628397.009	1104733.501	2587.8831	2628397.009	1104733.501	2587.8831	0.0	0.0
390	2628397.009	1104733.501	2587.8831	2628397.009	1104733.501	2587.8831	0.0	0.0
391	2628397.009	1104733.501	2587.8831	2628397.009	1104733.501	2587.8831	0.0	0.0
392	2628397.009	1104733.501	2587.8831	2628397.009	1104733.501	2587.8831	0.0	0.0
393	2628373.755	1104923.795	2462.929	2628373.755	1104923.795	2462.929	0.0	0.0
415	2628629.957	1104512.854	2799.0129	2628629.321	1104512.429	2799.1379	0.7750780605614922	0.1107254372230703
417	2628584.722	1104516.028	2778.708	2628584.012	1104514.821	2778.6101	1.4037568912722256	0.2005366987531751
418	2628564.757	1104513.436	2769.6909	2628564.757	1104513.436	2769.6909	0.0	0.0
419	2628564.757	1104513.436	2769.6909	2628564.757	1104513.436	2769.6909	0.0	0.0
420	2628535.0601	1104534.28	2746.2639	2628535.0601	1104534.28	2746.2639	0.0	0.0
425	2628450.246	1104623.759	2669.917	2628449.926	1104622.86	2669.9399	0.9545288941929266	0.1363612705989895
426	2628442.646	1104630.67	2666.2451	2628442.646	1104630.67	2666.2451	0.0	0.0
427	2628427.089	1104662.762	2642.6919	2628427.089	1104662.762	2642.6919	0.0	0.0
428	2628419.439	1104670.181	2637.4299	2628419.439	1104670.181	2637.4299	0.0	0.0
429	2628419.439	1104670.181	2637.4299	2628419.439	1104670.181	2637.4299	0.0	0.0
430	2628397.569	1104723.089	2596.342	2628397.569	1104723.089	2596.342	0.0	0.0
431	2628397.009	1104733.501	2587.8831	2628397.009	1104733.501	2587.8831	0.0	0.0
432	2628397.009	1104733.501	2587.8831	2628397.009	1104733.501	2587.8831	0.0	0.0
433	2628397.009	1104733.501	2587.8831	2628397.009	1104733.501	2587.8831	0.0	0.0
434	2628397.009	1104733.501	2587.8831	2628397.009	1104733.501	2587.8831	0.0	0.0
435	2628397.009	1104733.501	2587.8831	2628397.009	1104733.501	2587.8831	0.0	0.0
436	2628397.009	1104733.501	2587.8831	2628397.009	1104733.501	2587.8831	0.0	0.0
437	2628397.009	1104733.501	2587.8831	2628397.009	1104733.501	2587.8831	0.0	0.0
438	2628373.755	1104923.795	2462.929	2628373.755	1104923.795	2462.929	0.0	0.0
450	2628918.297	1104679.326	2825.564	2628917.988	1104678.992	2825.583	0.4554097054289308	0.0650585293469901
451	2628894.386	1104663.586	2821.9331	2628895.351	1104665.053	2822.4009	1.817182115319472	0.2595974450456388
452	2628876.281	1104660.102	2819.731	2628876.281	1104660.102	2819.731	0.0	0.0
453	2628856.277	1104653.881	2817.24	2628856.277	1104653.881	2817.24	0.0	0.0
461	2628619.886	1104532.705	2783.917	2628619.598	1104532.602	2784.2429	0.4469494488836137	0.0638499212690876
462	2628582.7	1104516.278	2777.729	2628582.7	1104516.278	2777.729	0.0	0.0
463	2628566.198	1104527.13	2767.29	2628565.949	1104527.364	2766.9331	0.4940997976101633	0.0705856853728804
464	2628547.439	1104535.12	2753.9551	2628547.134	1104535.938	2753.623	0.9340446508435792	0.1334349501205113
465	2628535.0601	1104534.28	2746.2639	2628535.0601	1104534.28	2746.2639	0.0	0.0
470	2628450.246	1104623.759	2669.917	2628450.246	1104623.759	2669.917	0.0	0.0
471	2628442.646	1104630.67	2666.2451	2628442.646	1104630.67	2666.2451	0.0	0.0
472	2628427.089	1104662.762	2642.6919	2628427.089	1104662.762	2642.6919	0.0	0.0
473	2628419.439	1104670.181	2637.4299	2628419.439	1104670.181	2637.4299	0.0	0.0
474	2628419.439	1104670.181	2637.4299	2628419.439	1104670.181	2637.4299	0.0	0.0
475	2628397.839	1104723.888	2595.6021	2628397.839	1104723.888	2595.6021	0.0	0.0
476	2628397.009	1104733.501	2587.8831	2628397.009	1104733.501	2587.8831	0.0	0.0
477	2628397.009	1104733.501	2587.8831	2628397.009	1104733.501	2587.8831	0.0	0.0
478	2628397.009	1104733.501	2587.8831	2628397.009	1104733.501	2587.8831	0.0	0.0
479	2628397.009	1104733.501	2587.8831	2628397.009	1104733.501	2587.8831	0.0	0.0
480	2628397.009	1104733.501	2587.8831	2628397.009	1104733.501	2587.8831	0.0	0.0
481	2628397.009	1104733.501	2587.8831	2628397.009	1104733.501	2587.8831	0.0	0.0
482	2628397.009	1104733.501	2587.8831	2628397.009	1104733.501	2587.8831	0.0	0.0
483	2628373.755	1104923.795	2462.929	2628373.755	1104923.795	2462.929	0.0	0.0
495	2628928.4561	1104699.623	2816.8069	2628928.4561	1104699.623	2816.8069	0.0	0.0
496	2628911.652	1104697.93	2814.896	2628911.27	1104697.644	2814.915	0.4775782655460107	0.0682254665065729
497	2628892.134	1104690.621	2812.0791	2628892.134	1104690.621	2812.0791	0.0	0.0
498	2628869.326	1104677.422	2808.4319	2628869.326	1104677.422	2808.4319	0.0	0.0
499	2628843.8361	1104660.992	2804.241	2628842.101	1104658.399	2803.991	3.1299714074003777	0.4471387724857682
507	2628609.03	1104551.899	2768.5281	2628609.2531	1104551.675	2768.8479	0.449690615863493	0.0642415165519275
508	2628571.386	1104533.907	2763.002	2628570.901	1104533.888	2762.885	0.499274473479211	0.0713249247827444
509	2628547.134	1104535.938	2753.623	2628548.324	1104538.394	2753.8899	2.742129028673614	0.3917327183819448
510	2628535.0601	1104534.28	2746.2639	2628535.0601	1104534.28	2746.2639	0.0	0.0
515	2628450.246	1104623.759	2669.917	2628449.479	1104623.568	2669.603	0.8505092592263448	0.1215013227466206
516	2628442.646	1104630.67	2666.2451	2628442.646	1104630.67	2666.2451	0.0	0.0
517	2628427.089	1104662.762	2642.6919	2628427.089	1104662.762	2642.6919	0.0	0.0
518	2628419.439	1104670.181	2637.4299	2628419.439	1104670.181	2637.4299	0.0	0.0
519	2628419.439	1104670.181	2637.4299	2628419.439	1104670.181	2637.4299	0.0	0.0
520	2628397.839	1104723.888	2595.6021	2628399.492	1104728.371	2591.7991	6.106759124105374	0.872394160586482
521	2628397.009	1104733.501	2587.8831	2628397.009	1104733.501	2587.8831	0.0	0.0
522	2628397.009	1104733.501	2587.8831	2628397.009	1104733.501	2587.8831	0.0	0.0
523	2628397.009	1104733.501	2587.8831	2628397.009	1104733.501	2587.8831	0.0	0.0
524	2628397.009	1104733.501	2587.8831	2628397.009	1104733.501	2587.8831	0.0	0.0
525	2628397.009	1104733.501	2587.8831	2628397.009	1104733.501	2587.8831	0.0	0.0
526	2628397.009	1104733.501	2587.8831	2628397.009	1104733.501	2587.8831	0.0	0.0
527	2628397.009	1104733.501	2587.8831	2628397.009	1104733.501	2587.8831	0.0	0.0
528	2628373.755	1104923.795	2462.929	2628373.755	1104923.795	2462.929	0.0	0.0
540	2628935.16	1104712.586	2807.314	2628935.076	1104712.722	2807.1299	0.2438130638245869	0.0348304376892267
541	2628919.361	1104712.747	2805.543	2628919.4139	1104712.857	2805.324	0.2507177896033408	0.0358168270861915
542	2628902.965	1104711.488	2803.1741	2628902.965	1104711.488	2803.1741	0.0	0.0
543	2628885.709	1104708.164	2801.0691	2628885.5551	1104707.932	2801.127	0.2843617765702343	0.0406231109386049
544	2628868.069	1104706.597	2798.8779	2628868.0179	1104706.697	2798.719	0.1945775423834281	0.0277967917690611
554	2628557.666	1104551.364	2746.605	2628558.392	1104551.723	2746.53	0.8133769111875062	0.1161967015982151
560	2628449.926	1104622.86	2669.9399	2628450.246	1104623.759	2669.917	0.9545288941929266	0.1363612705989895
561	2628442.646	1104630.67	2666.2451	2628442.646	1104630.67	2666.2451	0.0	0.0
562	2628427.089	1104662.762	2642.6919	2628427.089	1104662.762	2642.6919	0.0	0.0
563	2628419.439	1104670.181	2637.4299	2628419.439	1104670.181	2637.4299	0.0	0.0
564	2628419.439	1104670.181	2637.4299	2628419.439	1104670.181	2637.4299	0.0	0.0
565	2628399.492	1104728.371	2591.7991	2628397.839	1104723.888	2595.6021	6.106759124105374	0.872394160586482
566	2628397.009	1104733.501	2587.8831	2628397.009	1104733.501	2587.8831	0.0	0.0
567	2628397.009	1104733.501	2587.8831	2628397.009	1104733.501	2587.8831	0.0	0.0
568	2628397.009	1104733.501	2587.8831	2628397.009	1104733.501	2587.8831	0.0	0.0
569	2628397.009	1104733.501	2587.8831	2628397.009	1104733.501	2587.8831	0.0	0.0
570	2628397.009	1104733.501	2587.8831	2628397.009	1104733.501	2587.8831	0.0	0.0
571	2628397.009	1104733.501	2587.8831	2628397.009	1104733.501	2587.8831	0.0	0.0
572	2628397.009	1104733.501	2587.8831	2628397.009	1104733.501	2587.8831	0.0	0.0
573	2628373.755	1104923.795	2462.929	2628373.755	1104923.795	2462.929	0.0	0.0
585	2628933.653	1104721.39	2801.0249	2628933.653	1104721.39	2801.0249	0.0	0.0
586	2628928.226	1104729.596	2797.53	2628928.226	1104729.596	2797.53	0.0	0.0
587	2628913.989	1104732.322	2795.1631	2628914.2371	1104732.392	2795.1179	0.2617186466288407	0.0373883780898343
588	2628898.3199	1104731.507	2793.0859	2628898.389	1104731.615	2792.9771	0.168155434038455	0.0240222048626364
589	2628879.386	1104725.328	2790.3279	2628879.574	1104725.619	2789.989	0.4846423526813543	0.069234621811622
590	2628859.524	1104720.249	2787.353	2628859.524	1104720.249	2787.353	0.0	0.0
600	2628546.358	1104570.903	2730.4541	2628546.408	1104570.961	2730.271	0.1984681585966399	0.0283525940852342
605	2628450.246	1104623.759	2669.917	2628449.479	1104623.568	2669.603	0.8505092592263448	0.1215013227466206
606	2628442.646	1104630.67	2666.2451	2628442.646	1104630.67	2666.2451	0.0	0.0
607	2628427.089	1104662.762	2642.6919	2628427.089	1104662.762	2642.6919	0.0	0.0
608	2628419.439	1104670.181	2637.4299	2628419.439	1104670.181	2637.4299	0.0	0.0
609	2628419.439	1104670.181	2637.4299	2628419.439	1104670.181	2637.4299	0.0	0.0
610	2628397.839	1104723.888	2595.6021	2628397.839	1104723.888	2595.6021	0.0	0.0
611	2628397.009	1104733.501	2587.8831	2628397.009	1104733.501	2587.8831	0.0	0.0
612	2628397.009	1104733.501	2587.8831	2628397.009	1104733.501	2587.8831	0.0	0.0
613	2628397.009	1104733.501	2587.8831	2628397.009	1104733.501	2587.8831	0.0	0.0
614	2628397.009	1104733.501	2587.8831	2628397.009	1104733.501	2587.8831	0.0	0.0
615	2628397.009	1104733.501	2587.8831	2628397.009	1104733.501	2587.8831	0.0	0.0
616	2628397.009	1104733.501	2587.8831	2628397.009	1104733.501	2587.8831	0.0	0.0
617	2628397.009	1104733.501	2587.8831	2628397.009	1104733.501	2587.8831	0.0	0.0
618	2628373.755	1104923.795	2462.929	2628373.755	1104923.795	2462.929	0.0	0.0
630	2628933.653	1104721.39	2801.0249	2628933.653	1104721.39	2801.0249	0.0	0.0
631	2628928.219	1104729.509	2797.603	2628928.219	1104729.509	2797.603	0.0	0.0
632	2628918.066	1104744.928	2788.897	2628918.066	1104744.928	2788.897	0.0	0.0
633	2628907.736	1104748.431	2785.0071	2628907.736	1104748.431	2785.0071	0.0	0.0
634	2628888.856	1104742.249	2782.104	2628889.075	1104742.634	2781.8259	0.5229967590961886	0.0747138227280269
635	2628870.059	1104737.336	2778.5569	2628870.059	1104737.336	2778.5569	0.0	0.0
636	2628847.106	1104726.893	2774.2319	2628846.377	1104725.782	2773.999	1.3490753909576323	0.1927250558510903
637	2628818.964	1104708.967	2767.8879	2628818.964	1104708.967	2767.8879	0.0	0.0
638	2628800.66	1104709.271	2765.7671	2628800.609	1104709.065	2765.9609	0.2873942240199449	0.0410563177171349
646	2628532.373	1104586.507	2714.4031	2628533.734	1104587.585	2714.436	1.7365158824632436	0.248073697494749
650	2628450.246	1104623.759	2669.917	2628449.926	1104622.86	2669.9399	0.9545288941929266	0.1363612705989895
651	2628442.646	1104630.67	2666.2451	2628442.646	1104630.67	2666.2451	0.0	0.0
652	2628427.089	1104662.762	2642.6919	2628427.089	1104662.762	2642.6919	0.0	0.0
653	2628419.439	1104670.181	2637.4299	2628419.439	1104670.181	2637.4299	0.0	0.0
654	2628419.439	1104670.181	2637.4299	2628419.439	1104670.181	2637.4299	0.0	0.0
655	2628397.839	1104723.888	2595.6021	2628397.839	1104723.888	2595.6021	0.0	0.0
656	2628397.009	1104733.501	2587.8831	2628397.009	1104733.501	2587.8831	0.0	0.0
657	2628397.009	1104733.501	2587.8831	2628397.009	1104733.501	2587.8831	0.0	0.0
658	2628397.009	1104733.501	2587.8831	2628397.009	1104733.501	2587.8831	0.0	0.0
659	2628397.009	1104733.501	2587.8831	2628397.009	1104733.501	2587.8831	0.0	0.0
660	2628397.009	1104733.501	2587.8831	2628397.009	1104733.501	2587.8831	0.0	0.0
661	2628397.009	1104733.501	2587.8831	2628397.009	1104733.501	2587.8831	0.0	0.0
662	2628397.009	1104733.501	2587.8831	2628397.009	1104733.501	2587.8831	0.0	0.0
663	2628373.755	1104923.795	2462.929	2628373.755	1104923.795	2462.929	0.0	0.0
675	2628933.653	1104721.39	2801.0249	2628933.653	1104721.39	2801.0249	0.0	0.0
676	2628919.934	1104742.132	2790.7839	2628919.934	1104742.132	2790.7839	0.0	0.0
677	2628919.36	1104742.907	2790.314	2628919.36	1104742.907	2790.314	0.0	0.0
678	2628911.276	1104754.943	2781.6379	2628911.276	1104754.943	2781.6379	0.0	0.0
679	2628899.798	1104761.712	2774.1011	2628900.0439	1104761.799	2774.2629	0.3069447018605383	0.043849243122934
680	2628878.564	1104751.131	2769.3579	2628878.564	1104751.131	2769.3579	0.0	0.0
681	2628857.97	1104745.178	2765.5769	2628857.97	1104745.178	2765.5769	0.0	0.0
682	2628831.5909	1104728.041	2760.2229	2628831.1639	1104727.749	2760.217	0.5173275655347915	0.0739039379335416
683	2628810.325	1104723.018	2755.6169	2628810.325	1104723.018	2755.6169	0.0	0.0
684	2628791.584	1104722.953	2753.197	2628791.584	1104722.953	2753.197	0.0	0.0
692	2628522.4561	1104607.205	2699.0549	2628522.4561	1104607.205	2699.0549	0.0	0.0
695	2628449.926	1104622.86	2669.9399	2628450.246	1104623.759	2669.917	0.9545288941929266	0.1363612705989895
696	2628442.646	1104630.67	2666.2451	2628442.646	1104630.67	2666.2451	0.0	0.0
697	2628427.089	1104662.762	2642.6919	2628427.089	1104662.762	2642.6919	0.0	0.0
698	2628419.439	1104670.181	2637.4299	2628419.439	1104670.181	2637.4299	0.0	0.0
699	2628419.439	1104670.181	2637.4299	2628419.439	1104670.181	2637.4299	0.0	0.0
700	2628397.839	1104723.888	2595.6021	2628399.423	1104728.827	2591.457	6.639625818485032	0.9485179740692904
701	2628397.009	1104733.501	2587.8831	2628397.009	1104733.501	2587.8831	0.0	0.0
702	2628397.009	1104733.501	2587.8831	2628397.009	1104733.501	2587.8831	0.0	0.0
703	2628397.009	1104733.501	2587.8831	2628397.009	1104733.501	2587.8831	0.0	0.0
704	2628397.009	1104733.501	2587.8831	2628397.009	1104733.501	2587.8831	0.0	0.0
705	2628397.009	1104733.501	2587.8831	2628397.009	1104733.501	2587.8831	0.0	0.0
706	2628397.009	1104733.501	2587.8831	2628397.009	1104733.501	2587.8831	0.0	0.0
707	2628397.009	1104733.501	2587.8831	2628397.009	1104733.501	2587.8831	0.0	0.0
708	2628373.755	1104923.795	2462.929	2628373.755	1104923.795	2462.929	0.0	0.0
720	2628933.653	1104721.39	2801.0249	2628933.653	1104721.39	2801.0249	0.0	0.0
721	2628919.934	1104742.132	2790.7839	2628919.934	1104742.132	2790.7839	0.0	0.0
722	2628918.066	1104744.928	2788.897	2628918.066	1104744.928	2788.897	0.0	0.0
723	2628911.027	1104755.516	2781.062	2628911.027	1104755.516	2781.062	0.0	0.0
724	2628903.082	1104767.526	2772.217	2628903.082	1104767.526	2772.217	0.0	0.0
725	2628889.4659	1104769.381	2762.28	2628889.3521	1104769.137	2762.4609	0.3243628370596459	0.0463375481513779
726	2628866.811	1104758.282	2756.9299	2628866.474	1104758.165	2756.938	0.3568243407636499	0.0509749058233785
727	2628844.816	1104749.664	2752.1221	2628844.767	1104749.928	2751.9021	0.3471267779842502	0.0495895397120357
729	2628797.765	1104732.718	2742.3069	2628797.928	1104732.907	2742.0769	0.3393965229966274	0.0484852175709467
730	2628776.998	1104729.052	2738.896	2628776.998	1104729.052	2738.896	0.0	0.0
738	2628514.838	1104630.949	2682.854	2628515.2271	1104630.853	2683.042	0.4426723504668646	0.0632389072095521
739	2628485.384	1104629.835	2678.5879	2628484.925	1104629.354	2678.7271	0.6792780286146534	0.0970397183735219
740	2628450.577	1104622.966	2670.1699	2628450.577	1104622.966	2670.1699	0.0	0.0
741	2628433.0699	1104637.693	2657.863	2628433.0699	1104637.693	2657.863	0.0	0.0
742	2628427.089	1104662.762	2642.6919	2628427.089	1104662.762	2642.6919	0.0	0.0
743	2628419.439	1104670.181	2637.4299	2628419.439	1104670.181	2637.4299	0.0	0.0
744	2628419.439	1104670.181	2637.4299	2628419.439	1104670.181	2637.4299	0.0	0.0
745	2628399.423	1104728.827	2591.457	2628399.423	1104728.827	2591.457	0.0	0.0
746	2628397.009	1104733.501	2587.8831	2628397.009	1104733.501	2587.8831	0.0	0.0
747	2628397.009	1104733.501	2587.8831	2628397.009	1104733.501	2587.8831	0.0	0.0
748	2628397.009	1104733.501	2587.8831	2628397.009	1104733.501	2587.8831	0.0	0.0
749	2628397.009	1104733.501	2587.8831	2628397.009	1104733.501	2587.8831	0.0	0.0
750	2628397.009	1104733.501	2587.8831	2628397.009	1104733.501	2587.8831	0.0	0.0
751	2628397.009	1104733.501	2587.8831	2628397.009	1104733.501	2587.8831	0.0	0.0
752	2628397.009	1104733.501	2587.8831	2628397.009	1104733.501	2587.8831	0.0	0.0
753	2628373.755	1104923.795	2462.929	2628373.755	1104923.795	2462.929	0.0	0.0
765	2628919.934	1104742.132	2790.7839	2628919.934	1104742.132	2790.7839	0.0	0.0
766	2628919.934	1104742.132	2790.7839	2628919.934	1104742.132	2790.7839	0.0	0.0
767	2628919.36	1104742.907	2790.314	2628919.36	1104742.907	2790.314	0.0	0.0
768	2628911.027	1104755.516	2781.062	2628911.333	1104755.088	2781.334	0.5922870927726318	0.0846124418246616
769	2628903.179	1104767.432	2772.3159	2628903.179	1104767.432	2772.3159	0.0	0.0
770	2628892.024	1104784.272	2755.291	2628892.024	1104784.272	2755.291	0.0	0.0
771	2628879.666	1104779.239	2750.6431	2628879.4709	1104778.923	2750.6641	0.3719690983378714	0.0531384426196959
772	2628855.817	1104767.234	2744.5911	2628855.582	1104767.19	2744.4661	0.2697888061766597	0.0385412580252371
773	2628834.356	1104760.546	2739.844	2628834.522	1104760.465	2739.968	0.2224702225311113	0.0317814603615873
775	2628787.625	1104744.886	2730.012	2628788.681	1104746.754	2730.238	2.157692285702304	0.3082417551003291
776	2628764.869	1104739.175	2725.25	2628764.869	1104739.175	2725.25	0.0	0.0
784	2628504.0	1104650.261	2668.2029	2628504.0	1104650.261	2668.2029	0.0	0.0
785	2628477.225	1104653.137	2663.9121	2628477.225	1104653.137	2663.9121	0.0	0.0
786	2628440.254	1104644.945	2657.0791	2628439.104	1104644.333	2656.822	1.327834481708244	0.1896906402440348
787	2628427.089	1104662.762	2642.6919	2628427.089	1104662.762	2642.6919	0.0	0.0
788	2628419.439	1104670.181	2637.4299	2628419.439	1104670.181	2637.4299	0.0	0.0
789	2628419.439	1104670.181	2637.4299	2628419.439	1104670.181	2637.4299	0.0	0.0
790	2628399.492	1104728.371	2591.7991	2628399.423	1104728.827	2591.457	0.5742206980106247	0.0820315282872321
791	2628397.009	1104733.501	2587.8831	2628397.009	1104733.501	2587.8831	0.0	0.0
792	2628397.009	1104733.501	2587.8831	2628397.009	1104733.501	2587.8831	0.0	0.0
793	2628397.009	1104733.501	2587.8831	2628397.009	1104733.501	2587.8831	0.0	0.0
794	2628397.009	1104733.501	2587.8831	2628397.009	1104733.501	2587.8831	0.0	0.0
795	2628397.009	1104733.501	2587.8831	2628397.009	1104733.501	2587.8831	0.0	0.0
796	2628397.009	1104733.501	2587.8831	2628397.009	1104733.501	2587.8831	0.0	0.0
797	2628397.009	1104733.501	2587.8831	2628397.009	1104733.501	2587.8831	0.0	0.0
798	2628373.755	1104923.795	2462.929	2628373.755	1104923.795	2462.929	0.0	0.0
810	2628919.934	1104742.132	2790.7839	2628919.934	1104742.132	2790.7839	0.0	0.0
811	2628919.934	1104742.132	2790.7839	2628919.934	1104742.132	2790.7839	0.0	0.0
812	2628919.36	1104742.907	2790.314	2628919.36	1104742.907	2790.314	0.0	0.0
813	2628911.276	1104754.943	2781.6379	2628911.333	1104755.088	2781.334	0.3415101901978997	0.0487871700282713
814	2628903.179	1104767.432	2772.3159	2628903.212	1104767.3	2772.3889	0.1544085489335127	0.0220583641333589
815	2628895.014	1104779.738	2759.8879	2628895.007	1104779.635	2759.9241	0.1094003655071602	0.01562862364388
816	2628886.556	1104792.567	2749.3889	2628886.556	1104792.567	2749.3889	0.0	0.0
817	2628873.986	1104797.622	2740.5859	2628871.468	1104793.248	2739.4419	5.175030048356374	0.7392900069080534
822	2628751.345	1104749.097	2711.3899	2628751.345	1104749.097	2711.3899	0.0	0.0
830	2628498.824	1104674.331	2653.988	2628498.824	1104674.331	2653.988	0.0	0.0
831	2628473.303	1104680.091	2650.918	2628473.025	1104679.719	2651.072	0.4892688421954895	0.0698955488850699
832	2628404.873	1104640.824	2632.387	2628437.2	1104673.793	2643.4319	47.4760961539155	6.782299450559357
833	2628416.589	1104684.857	2630.603	2628416.554	1104685.395	2630.3459	0.5973017746068031	0.085328824943829
834	2628404.913	1104704.048	2617.0	2628404.913	1104704.048	2617.0	0.0	0.0
835	2628399.423	1104728.827	2591.457	2628399.423	1104728.827	2591.457	0.0	0.0
836	2628397.009	1104733.501	2587.8831	2628397.009	1104733.501	2587.8831	0.0	0.0
837	2628397.009	1104733.501	2587.8831	2628397.009	1104733.501	2587.8831	0.0	0.0
838	2628397.009	1104733.501	2587.8831	2628397.009	1104733.501	2587.8831	0.0	0.0
839	2628397.009	1104733.501	2587.8831	2628397.009	1104733.501	2587.8831	0.0	0.0
840	2628397.009	1104733.501	2587.8831	2628397.009	1104733.501	2587.8831	0.0	0.0
841	2628397.009	1104733.501	2587.8831	2628397.009	1104733.501	2587.8831	0.0	0.0
842	2628397.009	1104733.501	2587.8831	2628397.009	1104733.501	2587.8831	0.0	0.0
843	2628373.755	1104923.795	2462.929	2628373.755	1104923.795	2462.929	0.0	0.0
855	2628919.934	1104742.132	2790.7839	2628919.934	1104742.132	2790.7839	0.0	0.0
856	2628919.934	1104742.132	2790.7839	2628919.934	1104742.132	2790.7839	0.0	0.0
857	2628919.36	1104742.907	2790.314	2628919.36	1104742.907	2790.314	0.0	0.0
858	2628911.276	1104754.943	2781.6379	2628911.276	1104754.943	2781.6379	0.0	0.0
859	2628903.082	1104767.526	2772.217	2628903.082	1104767.526	2772.217	0.0	0.0
860	2628894.756	1104779.609	2759.7261	2628894.756	1104779.609	2759.7261	0.0	0.0
861	2628886.035	1104792.109	2749.1851	2628886.035	1104792.109	2749.1851	0.0	0.0
862	2628875.307	1104809.465	2737.2881	2628875.307	1104809.465	2737.2881	0.0	0.0
863	2628866.776	1104813.786	2730.321	2628867.421	1104814.616	2730.906	1.2029754776225705	0.1718536396603672
868	2628744.916	1104768.022	2699.0769	2628745.077	1104768.245	2699.1399	0.2821683893528841	0.0403097699075548
876	2628490.4449	1104698.411	2639.9851	2628490.6899	1104698.627	2639.7939	0.3784685456693921	0.0540669350956274
877	2628463.5389	1104700.615	2635.4741	2628463.125	1104700.4	2635.603	0.4838940173962217	0.0691277167708888
878	2628427.137	1104694.12	2627.584	2628427.137	1104694.12	2627.584	0.0	0.0
879	2628404.913	1104704.048	2617.0	2628404.913	1104704.048	2617.0	0.0	0.0
880	2628410.153	1104693.826	2622.864	2628410.153	1104693.826	2622.864	0.0	0.0
881	2628397.009	1104733.501	2587.8831	2628397.009	1104733.501	2587.8831	0.0	0.0
882	2628397.009	1104733.501	2587.8831	2628397.009	1104733.501	2587.8831	0.0	0.0
883	2628397.009	1104733.501	2587.8831	2628397.009	1104733.501	2587.8831	0.0	0.0
884	2628397.009	1104733.501	2587.8831	2628397.009	1104733.501	2587.8831	0.0	0.0
885	2628397.009	1104733.501	2587.8831	2628397.009	1104733.501	2587.8831	0.0	0.0
886	2628397.009	1104733.501	2587.8831	2628397.009	1104733.501	2587.8831	0.0	0.0
887	2628397.009	1104733.501	2587.8831	2628397.009	1104733.501	2587.8831	0.0	0.0
888	2628373.755	1104923.795	2462.929	2628373.755	1104923.795	2462.929	0.0	0.0
900	2628919.934	1104742.132	2790.7839	2628919.934	1104742.132	2790.7839	0.0	0.0
901	2628919.934	1104742.132	2790.7839	2628919.934	1104742.132	2790.7839	0.0	0.0
902	2628919.36	1104742.907	2790.314	2628919.36	1104742.907	2790.314	0.0	0.0
903	2628911.276	1104754.943	2781.6379	2628911.276	1104754.943	2781.6379	0.0	0.0
904	2628903.082	1104767.526	2772.217	2628903.082	1104767.526	2772.217	0.0	0.0
905	2628894.756	1104779.609	2759.7261	2628894.756	1104779.609	2759.7261	0.0	0.0
906	2628886.035	1104792.109	2749.1851	2628886.035	1104792.109	2749.1851	0.0	0.0
907	2628875.307	1104809.465	2737.2881	2628875.307	1104809.465	2737.2881	0.0	0.0
908	2628863.7581	1104826.993	2721.531	2628863.7581	1104826.993	2721.531	0.0	0.0
909	2628856.821	1104822.644	2718.166	2628856.821	1104822.644	2718.166	0.0	0.0
914	2628736.786	1104784.883	2687.9209	2628736.892	1104785.024	2687.825	0.2007829924276047	0.0286832846325149
915	2628715.955	1104784.694	2683.7859	2628715.955	1104784.694	2683.7859	0.0	0.0
922	2628483.912	1104720.204	2625.8711	2628484.129	1104720.424	2625.6179	0.3994987361276388	0.0570712480182341
923	2628452.16	1104718.956	2619.3069	2628452.16	1104718.956	2619.3069	0.0	0.0
924	2628413.066	1104712.214	2610.1641	2628413.066	1104712.214	2610.1641	0.0	0.0
925	2628397.593	1104713.24	2607.606	2628397.593	1104713.24	2607.606	0.0	0.0
926	2628397.009	1104733.501	2587.8831	2628397.009	1104733.501	2587.8831	0.0	0.0
927	2628397.009	1104733.501	2587.8831	2628397.009	1104733.501	2587.8831	0.0	0.0
928	2628397.617	1104771.839	2564.644	2628397.617	1104771.839	2564.644	0.0	0.0
929	2628397.009	1104733.501	2587.8831	2628397.009	1104733.501	2587.8831	0.0	0.0
930	2628397.009	1104733.501	2587.8831	2628397.009	1104733.501	2587.8831	0.0	0.0
931	2628397.009	1104733.501	2587.8831	2628397.009	1104733.501	2587.8831	0.0	0.0
932	2628397.009	1104733.501	2587.8831	2628397.009	1104733.501	2587.8831	0.0	0.0
933	2628373.755	1104923.795	2462.929	2628373.755	1104923.795	2462.929	0.0	0.0
945	2628919.934	1104742.132	2790.7839	2628919.934	1104742.132	2790.7839	0.0	0.0
946	2628919.934	1104742.132	2790.7839	2628919.934	1104742.132	2790.7839	0.0	0.0
947	2628919.105	1104743.349	2790.177	2628919.105	1104743.349	2790.177	0.0	0.0
948	2628911.027	1104755.516	2781.062	2628911.027	1104755.516	2781.062	0.0	0.0
949	2628903.212	1104767.3	2772.3889	2628903.212	1104767.3	2772.3889	0.0	0.0
950	2628895.014	1104779.738	2759.8879	2628894.756	1104779.609	2759.7261	0.3307328830715753	0.0472475547245107
951	2628886.556	1104792.567	2749.3889	2628886.035	1104792.109	2749.1851	0.7230072197405975	0.1032867456772282
952	2628875.307	1104809.465	2737.2881	2628875.307	1104809.465	2737.2881	0.0	0.0
953	2628870.094	1104817.28	2732.6709	2628870.094	1104817.28	2732.6709	0.0	0.0
954	2628854.4	1104837.763	2710.4399	2628854.4	1104837.763	2710.4399	0.0	0.0
955	2628846.5179	1104830.744	2706.2981	2628849.527	1104835.292	2707.7791	5.650871420321704	0.8072673457602434
960	2628730.424	1104801.889	2675.9819	2628730.424	1104801.889	2675.9819	0.0	0.0
968	2628468.079	1104735.077	2609.0129	2628468.079	1104735.077	2609.0129	0.0	0.0
969	2628444.088	1104740.923	2604.989	2628444.485	1104740.784	2605.104	0.4360676551820565	0.0622953793117223
970	2628399.423	1104728.827	2591.457	2628399.423	1104728.827	2591.457	0.0	0.0
971	2628397.009	1104733.501	2587.8831	2628397.009	1104733.501	2587.8831	0.0	0.0
972	2628397.617	1104771.839	2564.644	2628397.617	1104771.839	2564.644	0.0	0.0
973	2628397.617	1104771.839	2564.644	2628397.617	1104771.839	2564.644	0.0	0.0
975	2628397.009	1104733.501	2587.8831	2628397.009	1104733.501	2587.8831	0.0	0.0
976	2628397.009	1104733.501	2587.8831	2628397.009	1104733.501	2587.8831	0.0	0.0
978	2628373.755	1104923.795	2462.929	2628373.755	1104923.795	2462.929	0.0	0.0
990	2628933.653	1104721.39	2801.0249	2628933.653	1104721.39	2801.0249	0.0	0.0
991	2628928.3101	1104729.347	2797.7871	2628928.226	1104729.596	2797.53	0.3676604682777152	0.0525229240396736
992	2628919.36	1104742.907	2790.314	2628919.36	1104742.907	2790.314	0.0	0.0
993	2628911.027	1104755.516	2781.062	2628911.333	1104755.088	2781.334	0.5922870927726318	0.0846124418246616
994	2628902.958	1104767.725	2772.1179	2628902.958	1104767.725	2772.1179	0.0	0.0
995	2628895.014	1104779.738	2759.8879	2628895.141	1104779.591	2760.0359	0.2442171163736246	0.0348881594819463
996	2628886.035	1104792.109	2749.1851	2628886.035	1104792.109	2749.1851	0.0	0.0
997	2628875.307	1104809.465	2737.2881	2628875.307	1104809.465	2737.2881	0.0	0.0
998	2628854.4	1104837.763	2710.4399	2628854.4	1104837.763	2710.4399	0.0	0.0
999	2628854.4	1104837.763	2710.4399	2628854.4	1104837.763	2710.4399	0.0	0.0
1000	2628852.176	1104841.122	2708.197	2628852.176	1104841.122	2708.197	0.0	0.0
1001	2628839.1899	1104845.936	2696.7981	2628839.1899	1104845.936	2696.7981	0.0	0.0
1006	2628721.774	1104817.575	2664.157	2628721.774	1104817.575	2664.157	0.0	0.0
1008	2628672.619	1104811.805	2652.0601	2628673.623	1104813.287	2652.3101	1.8074401789845924	0.2582057398549418
1014	2628459.37	1104755.969	2594.8669	2628459.37	1104755.969	2594.8669	0.0	0.0
1015	2628430.193	1104757.257	2589.04	2628429.563	1104757.177	2589.1421	0.643214124433783	0.091887732061969
1016	2628401.734	1104760.564	2576.7639	2628401.299	1104760.879	2576.5149	0.5919890201796901	0.08456986002567
1017	2628397.617	1104771.839	2564.644	2628397.617	1104771.839	2564.644	0.0	0.0
1018	2628397.617	1104771.839	2564.644	2628397.617	1104771.839	2564.644	0.0	0.0
1021	2628395.053	1104891.663	2492.647	2628395.053	1104891.663	2492.647	0.0	0.0
1022	2628390.671	1104891.002	2490.071	2628390.671	1104891.002	2490.071	0.0	0.0
1023	2628390.671	1104891.002	2490.071	2628390.671	1104891.002	2490.071	0.0	0.0
1024	2628390.671	1104891.002	2490.071	2628390.671	1104891.002	2490.071	0.0	0.0
1035	2628933.653	1104721.39	2801.0249	2628933.653	1104721.39	2801.0249	0.0	0.0
1036	2628928.442	1104729.155	2797.9961	2628928.3101	1104729.347	2797.7871	0.3129578406014458	0.0447082629430636
1037	2628919.36	1104742.907	2790.314	2628919.36	1104742.907	2790.314	0.0	0.0
1038	2628911.276	1104754.943	2781.6379	2628911.276	1104754.943	2781.6379	0.0	0.0
1039	2628903.212	1104767.3	2772.3889	2628903.212	1104767.3	2772.3889	0.0	0.0
1040	2628894.644	1104779.382	2759.8701	2628894.889	1104779.903	2759.6909	0.6029748253471047	0.0861392607638721
1041	2628854.4	1104837.763	2710.4399	2628854.4	1104837.763	2710.4399	0.0	0.0
1042	2628854.4	1104837.763	2710.4399	2628854.4	1104837.763	2710.4399	0.0	0.0
1043	2628854.4	1104837.763	2710.4399	2628854.4	1104837.763	2710.4399	0.0	0.0
1044	2628854.4	1104837.763	2710.4399	2628854.4	1104837.763	2710.4399	0.0	0.0
1045	2628851.64	1104838.915	2708.208	2628852.261	1104840.094	2708.4641	1.356933752905	0.1938476789864285
1046	2628840.7159	1104847.65	2697.4331	2628839.1899	1104845.936	2696.7981	2.381112555076248	0.340158936439464
1047	2628834.3051	1104863.705	2691.0879	2628834.3051	1104863.705	2691.0879	0.0	0.0
1052	2628711.9	1104831.122	2651.0381	2628711.9	1104831.122	2651.0381	0.0	0.0
1053	2628689.656	1104830.779	2646.2739	2628690.058	1104830.839	2646.2549	0.406896793016937	0.0581281132881338
1054	2628657.319	1104820.258	2636.7681	2628657.033	1104820.398	2636.813	0.3215773782708134	0.045939625467259
1060	2628444.571	1104771.474	2578.2439	2628443.827	1104770.856	2578.429	0.9847446419976956	0.1406778059996707
1061	2628416.236	1104774.173	2571.4299	2628416.406	1104773.997	2571.408	0.2456737877080263	0.0350962553868609
1062	2628397.617	1104771.839	2564.644	2628397.617	1104771.839	2564.644	0.0	0.0
1063	2628397.617	1104771.839	2564.644	2628397.617	1104771.839	2564.644	0.0	0.0
1066	2628395.053	1104891.663	2492.647	2628395.053	1104891.663	2492.647	0.0	0.0
1067	2628390.671	1104891.002	2490.071	2628390.671	1104891.002	2490.071	0.0	0.0
1068	2628390.671	1104891.002	2490.071	2628390.671	1104891.002	2490.071	0.0	0.0
1069	2628390.671	1104891.002	2490.071	2628390.671	1104891.002	2490.071	0.0	0.0
1080	2628933.653	1104721.39	2801.0249	2628933.653	1104721.39	2801.0249	0.0	0.0
1081	2628928.219	1104729.509	2797.603	2628928.226	1104729.596	2797.53	0.1137848846113604	0.0162549835159086
1082	2628919.36	1104742.907	2790.314	2628919.36	1104742.907	2790.314	0.0	0.0
1083	2628911.276	1104754.943	2781.6379	2628911.027	1104755.516	2781.062	0.8497004238289997	0.1213857748327142
1084	2628854.4	1104837.763	2710.4399	2628854.4	1104837.763	2710.4399	0.0	0.0
1085	2628854.4	1104837.763	2710.4399	2628854.4	1104837.763	2710.4399	0.0	0.0
1086	2628854.4	1104837.763	2710.4399	2628854.4	1104837.763	2710.4399	0.0	0.0
1087	2628854.4	1104837.763	2710.4399	2628854.4	1104837.763	2710.4399	0.0	0.0
1088	2628854.4	1104837.763	2710.4399	2628854.4	1104837.763	2710.4399	0.0	0.0
1089	2628854.4	1104837.763	2710.4399	2628854.4	1104837.763	2710.4399	0.0	0.0
1090	2628852.176	1104841.122	2708.197	2628851.551	1104840.004	2707.9409	1.306191490570014	0.1865987843671448
1091	2628840.7159	1104847.65	2697.4331	2628840.7159	1104847.65	2697.4331	0.0	0.0
1094	2628819.552	1104892.954	2676.5801	2628819.855	1104892.942	2676.4861	0.3174728333257058	0.0453532619036722
1098	2628701.488	1104844.643	2638.5239	2628701.488	1104844.643	2638.5239	0.0	0.0
1099	2628679.425	1104844.696	2633.1399	2628679.425	1104844.696	2633.1399	0.0	0.0
1106	2628439.4091	1104793.704	2564.552	2628439.4091	1104793.704	2564.552	0.0	0.0
1107	2628387.513	1104777.295	2547.7251	2628387.513	1104777.295	2547.7251	0.0	0.0
1108	2628387.269	1104777.581	2547.344	2628387.269	1104777.581	2547.344	0.0	0.0
1111	2628395.053	1104891.663	2492.647	2628395.053	1104891.663	2492.647	0.0	0.0
1112	2628390.671	1104891.002	2490.071	2628390.671	1104891.002	2490.071	0.0	0.0
1113	2628390.671	1104891.002	2490.071	2628390.671	1104891.002	2490.071	0.0	0.0
1114	2628390.671	1104891.002	2490.071	2628390.671	1104891.002	2490.071	0.0	0.0
1125	2628933.653	1104721.39	2801.0249	2628933.653	1104721.39	2801.0249	0.0	0.0
1126	2628928.532	1104729.089	2798.0339	2628928.442	1104729.155	2797.9961	0.1178339512672895	0.0168334216096127
1127	2628854.4	1104837.763	2710.4399	2628854.4	1104837.763	2710.4399	0.0	0.0
1128	2628854.4	1104837.763	2710.4399	2628854.4	1104837.763	2710.4399	0.0	0.0
1129	2628854.4	1104837.763	2710.4399	2628854.4	1104837.763	2710.4399	0.0	0.0
1130	2628854.4	1104837.763	2710.4399	2628854.4	1104837.763	2710.4399	0.0	0.0
1131	2628854.4	1104837.763	2710.4399	2628854.4	1104837.763	2710.4399	0.0	0.0
1132	2628854.4	1104837.763	2710.4399	2628854.4	1104837.763	2710.4399	0.0	0.0
1133	2628854.4	1104837.763	2710.4399	2628854.4	1104837.763	2710.4399	0.0	0.0
1134	2628854.4	1104837.763	2710.4399	2628854.4	1104837.763	2710.4399	0.0	0.0
1139	2628815.298	1104888.582	2673.176	2628815.298	1104888.582	2673.176	0.0	0.0
1140	2628800.119	1104891.157	2660.4961	2628800.119	1104891.157	2660.4961	0.0	0.0
1144	2628691.988	1104858.475	2626.0229	2628691.786	1104858.349	2626.2271	0.3136521003610904	0.0448074429087272
1145	2628667.593	1104857.059	2619.4309	2628667.593	1104857.059	2619.4309	0.0	0.0
1146	2628640.99	1104854.209	2612.196	2628640.972	1104854.549	2611.989	0.3984632982629389	0.056923328323277
1147	2628613.769	1104851.27	2604.72	2628613.551	1104850.999	2604.8259	0.3635654135353729	0.0519379162193389
1151	2628460.859	1104812.719	2557.772	2628460.063	1104813.041	2557.335	0.9634671764494442	0.1376381680642063
1152	2628430.885	1104814.792	2550.519	2628429.9871	1104814.523	2550.3359	0.9550450353102952	0.1364350050443279
1156	2628395.053	1104891.663	2492.647	2628395.053	1104891.663	2492.647	0.0	0.0
1157	2628390.671	1104891.002	2490.071	2628390.671	1104891.002	2490.071	0.0	0.0
1158	2628390.671	1104891.002	2490.071	2628390.671	1104891.002	2490.071	0.0	0.0
1159	2628390.671	1104891.002	2490.071	2628390.671	1104891.002	2490.071	0.0	0.0
1170	2628932.5129	1104722.419	2800.6831	2628932.5129	1104722.419	2800.6831	0.0	0.0
1171	2628854.4	1104837.763	2710.4399	2628854.4	1104837.763	2710.4399	0.0	0.0
1172	2628854.4	1104837.763	2710.4399	2628854.4	1104837.763	2710.4399	0.0	0.0
1173	2628854.4	1104837.763	2710.4399	2628854.4	1104837.763	2710.4399	0.0	0.0
1174	2628854.4	1104837.763	2710.4399	2628854.4	1104837.763	2710.4399	0.0	0.0
1175	2628854.4	1104837.763	2710.4399	2628854.4	1104837.763	2710.4399	0.0	0.0
1176	2628854.4	1104837.763	2710.4399	2628854.4	1104837.763	2710.4399	0.0	0.0
1177	2628854.4	1104837.763	2710.4399	2628854.4	1104837.763	2710.4399	0.0	0.0
1178	2628854.4	1104837.763	2710.4399	2628854.4	1104837.763	2710.4399	0.0	0.0
1179	2628854.4	1104837.763	2710.4399	2628854.4	1104837.763	2710.4399	0.0	0.0
1184	2628809.6689	1104908.719	2658.116	2628809.6689	1104908.719	2658.116	0.0	0.0
1185	2628809.6689	1104908.719	2658.116	2628809.6689	1104908.719	2658.116	0.0	0.0
1186	2628789.524	1104899.627	2647.6599	2628789.524	1104899.627	2647.6599	0.0	0.0
1190	2628683.933	1104874.226	2613.998	2628684.019	1104874.316	2613.8159	0.2205819801270629	0.0315117114467232
1191	2628656.532	1104870.325	2605.564	2628656.899	1104870.646	2605.594	0.4884976970882367	0.0697853852983195
1192	2628632.665	1104870.889	2599.718	2628633.231	1104871.042	2599.5791	0.6025431188734571	0.0860775884104938
1197	2628449.994	1104832.138	2542.824	2628449.994	1104832.138	2542.824	0.0	0.0
1198	2628407.155	1104822.913	2529.9231	2628407.76	1104823.783	2529.7739	1.0701334683916175	0.1528762097702311
1203	2628390.671	1104891.002	2490.071	2628390.671	1104891.002	2490.071	0.0	0.0
1204	2628390.671	1104891.002	2490.071	2628390.671	1104891.002	2490.071	0.0	0.0
1215	2628933.653	1104721.39	2801.0249	2628933.653	1104721.39	2801.0249	0.0	0.0
1216	2628854.4	1104837.763	2710.4399	2628854.4	1104837.763	2710.4399	0.0	0.0
1217	2628854.4	1104837.763	2710.4399	2628854.4	1104837.763	2710.4399	0.0	0.0
1218	2628854.4	1104837.763	2710.4399	2628854.4	1104837.763	2710.4399	0.0	0.0
1219	2628854.4	1104837.763	2710.4399	2628854.4	1104837.763	2710.4399	0.0	0.0
1220	2628854.4	1104837.763	2710.4399	2628854.4	1104837.763	2710.4399	0.0	0.0
1221	2628854.4	1104837.763	2710.4399	2628854.4	1104837.763	2710.4399	0.0	0.0
1222	2628854.4	1104837.763	2710.4399	2628854.4	1104837.763	2710.4399	0.0	0.0
1223	2628854.4	1104837.763	2710.4399	2628854.4	1104837.763	2710.4399	0.0	0.0
1229	2628815.298	1104888.582	2673.176	2628815.298	1104888.582	2673.176	0.0	0.0
1230	2628810.2419	1104907.786	2659.196	2628810.2419	1104907.786	2659.196	0.0	0.0
1231	2628802.103	1104920.144	2646.354	2628802.103	1104920.144	2646.354	0.0	0.0
1232	2628774.08	1104904.74	2632.344	2628774.08	1104904.74	2632.344	0.0	0.0
1237	2628646.993	1104884.056	2592.866	2628647.1021	1104884.118	2592.7939	0.1447246350492649	0.0206749478641807
1238	2628622.076	1104885.057	2586.103	2628622.386	1104885.279	2586.0349	0.3873262320891938	0.0553323188698848
1240	2628550.2371	1104869.451	2561.8799	2628550.61	1104871.028	2561.8279	1.6213227346937775	0.2316175335276825
1243	2628443.843	1104853.513	2530.241	2628443.843	1104853.513	2530.241	0.0	0.0
1244	2628401.834	1104845.431	2516.5471	2628401.834	1104845.431	2516.5471	0.0	0.0
1247	2628390.671	1104891.002	2490.071	2628390.671	1104891.002	2490.071	0.0	0.0
1248	2628390.671	1104891.002	2490.071	2628390.671	1104891.002	2490.071	0.0	0.0
1249	2628390.671	1104891.002	2490.071	2628390.671	1104891.002	2490.071	0.0	0.0
1260	2628854.4	1104837.763	2710.4399	2628854.4	1104837.763	2710.4399	0.0	0.0
1261	2628854.4	1104837.763	2710.4399	2628854.4	1104837.763	2710.4399	0.0	0.0
1262	2628854.4	1104837.763	2710.4399	2628854.4	1104837.763	2710.4399	0.0	0.0
1263	2628854.4	1104837.763	2710.4399	2628854.4	1104837.763	2710.4399	0.0	0.0
1264	2628854.4	1104837.763	2710.4399	2628854.4	1104837.763	2710.4399	0.0	0.0
1265	2628854.4	1104837.763	2710.4399	2628854.4	1104837.763	2710.4399	0.0	0.0
1266	2628854.4	1104837.763	2710.4399	2628854.4	1104837.763	2710.4399	0.0	0.0
1267	2628854.4	1104837.763	2710.4399	2628854.4	1104837.763	2710.4399	0.0	0.0
1268	2628854.4	1104837.763	2710.4399	2628854.4	1104837.763	2710.4399	0.0	0.0
1274	2628815.298	1104888.582	2673.176	2628815.298	1104888.582	2673.176	0.0	0.0
1275	2628799.37	1104922.815	2642.4641	2628799.37	1104922.815	2642.4641	0.0	0.0
1276	2628799.37	1104922.815	2642.4641	2628799.37	1104922.815	2642.4641	0.0	0.0
1277	2628795.204	1104930.541	2636.0891	2628795.204	1104930.541	2636.0891	0.0	0.0
1278	2628766.994	1104918.735	2621.488	2628767.197	1104918.929	2621.5029	0.2811885667090875	0.0401697952441553
1284	2628613.225	1104900.345	2573.0281	2628613.802	1104900.897	2572.731	0.8519984801700267	0.1217140685957181
1291	2628395.053	1104891.663	2492.647	2628395.053	1104891.663	2492.647	0.0	0.0
1292	2628390.671	1104891.002	2490.071	2628390.671	1104891.002	2490.071	0.0	0.0
1293	2628390.671	1104891.002	2490.071	2628390.671	1104891.002	2490.071	0.0	0.0
1305	2628854.4	1104837.763	2710.4399	2628854.4	1104837.763	2710.4399	0.0	0.0
1306	2628854.4	1104837.763	2710.4399	2628854.4	1104837.763	2710.4399	0.0	0.0
1307	2628854.4	1104837.763	2710.4399	2628854.4	1104837.763	2710.4399	0.0	0.0
1308	2628854.4	1104837.763	2710.4399	2628854.4	1104837.763	2710.4399	0.0	0.0
1309	2628854.4	1104837.763	2710.4399	2628854.4	1104837.763	2710.4399	0.0	0.0
1310	2628854.4	1104837.763	2710.4399	2628854.4	1104837.763	2710.4399	0.0	0.0
1311	2628854.4	1104837.763	2710.4399	2628854.4	1104837.763	2710.4399	0.0	0.0
1312	2628854.4	1104837.763	2710.4399	2628854.4	1104837.763	2710.4399	0.0	0.0
1313	2628854.4	1104837.763	2710.4399	2628854.4	1104837.763	2710.4399	0.0	0.0
1319	2628815.298	1104888.582	2673.176	2628815.298	1104888.582	2673.176	0.0	0.0
1320	2628799.37	1104922.815	2642.4641	2628799.37	1104922.815	2642.4641	0.0	0.0
1321	2628799.37	1104922.815	2642.4641	2628799.37	1104922.815	2642.4641	0.0	0.0
1322	2628794.8781	1104931.049	2635.719	2628795.204	1104930.541	2636.0891	0.7079892797105216	0.1011413256729316
1323	2628785.127	1104944.916	2622.812	2628785.127	1104944.916	2622.812	0.0	0.0
1324	2628759.674	1104933.454	2610.9971	2628759.674	1104933.454	2610.9971	0.0	0.0
1330	2628605.542	1104916.392	2561.2529	2628605.8929	1104916.602	2561.283	0.4100448999282405	0.0585778428468915
1335	2628437.717	1104900.369	2508.4409	2628437.717	1104900.369	2508.4409	0.0	0.0
1336	2628395.116	1104892.56	2492.3569	2628394.864	1104892.014	2492.377	0.6016843109373489	0.0859549015624784
1338	2628373.755	1104923.795	2462.929	2628373.755	1104923.795	2462.929	0.0	0.0
1350	2628854.4	1104837.763	2710.4399	2628854.4	1104837.763	2710.4399	0.0	0.0
1351	2628854.4	1104837.763	2710.4399	2628854.4	1104837.763	2710.4399	0.0	0.0
1352	2628854.4	1104837.763	2710.4399	2628854.4	1104837.763	2710.4399	0.0	0.0
1353	2628854.4	1104837.763	2710.4399	2628854.4	1104837.763	2710.4399	0.0	0.0
1354	2628854.4	1104837.763	2710.4399	2628854.4	1104837.763	2710.4399	0.0	0.0
1355	2628854.4	1104837.763	2710.4399	2628854.4	1104837.763	2710.4399	0.0	0.0
1356	2628854.4	1104837.763	2710.4399	2628854.4	1104837.763	2710.4399	0.0	0.0
1357	2628854.4	1104837.763	2710.4399	2628854.4	1104837.763	2710.4399	0.0	0.0
1364	2628815.298	1104888.582	2673.176	2628815.298	1104888.582	2673.176	0.0	0.0
1365	2628799.37	1104922.815	2642.4641	2628799.37	1104922.815	2642.4641	0.0	0.0
1366	2628799.37	1104922.815	2642.4641	2628799.37	1104922.815	2642.4641	0.0	0.0
1367	2628795.204	1104930.541	2636.0891	2628795.204	1104930.541	2636.0891	0.0	0.0
1368	2628785.127	1104944.916	2622.812	2628785.127	1104944.916	2622.812	0.0	0.0
1369	2628777.434	1104957.45	2613.1531	2628777.434	1104957.45	2613.1531	0.0	0.0
1370	2628752.728	1104948.062	2600.45	2628754.667	1104950.111	2601.5811	3.039327098161867	0.4341895854516953
1376	2628596.572	1104932.576	2549.23	2628596.572	1104932.576	2549.23	0.0	0.0
1381	2628429.599	1104918.53	2494.198	2628428.754	1104918.405	2493.979	0.8818225442566778	0.1259746491795254
1383	2628373.755	1104923.795	2462.929	2628373.755	1104923.795	2462.929	0.0	0.0
1395	2628854.4	1104837.763	2710.4399	2628854.4	1104837.763	2710.4399	0.0	0.0
1396	2628854.4	1104837.763	2710.4399	2628854.4	1104837.763	2710.4399	0.0	0.0
1397	2628854.4	1104837.763	2710.4399	2628854.4	1104837.763	2710.4399	0.0	0.0
1398	2628854.4	1104837.763	2710.4399	2628854.4	1104837.763	2710.4399	0.0	0.0
1399	2628854.4	1104837.763	2710.4399	2628854.4	1104837.763	2710.4399	0.0	0.0
1400	2628854.4	1104837.763	2710.4399	2628854.4	1104837.763	2710.4399	0.0	0.0
1401	2628854.4	1104837.763	2710.4399	2628854.4	1104837.763	2710.4399	0.0	0.0
1402	2628854.4	1104837.763	2710.4399	2628854.4	1104837.763	2710.4399	0.0	0.0
1409	2628815.298	1104888.582	2673.176	2628815.298	1104888.582	2673.176	0.0	0.0
1410	2628799.37	1104922.815	2642.4641	2628799.37	1104922.815	2642.4641	0.0	0.0
1411	2628799.37	1104922.815	2642.4641	2628799.37	1104922.815	2642.4641	0.0	0.0
1412	2628795.204	1104930.541	2636.0891	2628795.204	1104930.541	2636.0891	0.0	0.0
1413	2628785.127	1104944.916	2622.812	2628785.127	1104944.916	2622.812	0.0	0.0
1414	2628778.855	1104955.219	2614.998	2628778.855	1104955.219	2614.998	0.0	0.0
1415	2628770.51	1104967.56	2605.9661	2628770.7629	1104967.491	2606.1399	0.3145248004810252	0.0449321143544321
1416	2628745.151	1104961.889	2589.855	2628745.2679	1104962.072	2589.8091	0.2219491381748702	0.0317070197392671
1422	2628588.0551	1104948.008	2535.842	2628588.0551	1104948.008	2535.842	0.0	0.0
1427	2628415.662	1104933.855	2478.283	2628415.9919	1104933.772	2478.458	0.3825545841211532	0.0546506548744504
1428	2628367.439	1104925.241	2457.9221	2628367.382	1104924.78	2458.053	0.4826021237546014	0.0689431605363716
1437	2628236.817	1105065.895	2338.406	2628236.817	1105065.895	2338.406	0.0	0.0
1438	2628232.674	1105083.348	2325.905	2628232.674	1105083.348	2325.905	0.0	0.0
1440	2628854.4	1104837.763	2710.4399	2628854.4	1104837.763	2710.4399	0.0	0.0
1441	2628854.4	1104837.763	2710.4399	2628854.4	1104837.763	2710.4399	0.0	0.0
1442	2628854.4	1104837.763	2710.4399	2628854.4	1104837.763	2710.4399	0.0	0.0
1443	2628854.4	1104837.763	2710.4399	2628854.4	1104837.763	2710.4399	0.0	0.0
1444	2628854.4	1104837.763	2710.4399	2628854.4	1104837.763	2710.4399	0.0	0.0
1445	2628854.4	1104837.763	2710.4399	2628854.4	1104837.763	2710.4399	0.0	0.0
1446	2628854.4	1104837.763	2710.4399	2628854.4	1104837.763	2710.4399	0.0	0.0
1454	2628815.298	1104888.582	2673.176	2628815.298	1104888.582	2673.176	0.0	0.0
1455	2628799.37	1104922.815	2642.4641	2628799.37	1104922.815	2642.4641	0.0	0.0
1456	2628799.37	1104922.815	2642.4641	2628799.37	1104922.815	2642.4641	0.0	0.0
1457	2628795.204	1104930.541	2636.0891	2628795.057	1104930.785	2635.99	0.3016053877827335	0.0430864839689619
1458	2628780.269	1104951.186	2617.572	2628780.269	1104951.186	2617.572	0.0	0.0
1459	2628778.728	1104955.479	2614.8259	2628778.859	1104955.271	2614.9619	0.280928816705403	0.0401326881007718
1460	2628763.744	1104977.947	2596.0569	2628763.744	1104977.947	2596.0569	0.0	0.0
1461	2628762.199	1104980.432	2593.0381	2628762.238	1104980.386	2593.0991	0.0857787852461708	0.0122541121780244
1462	2628738.498	1104976.252	2579.5071	2628738.688	1104976.387	2579.51	0.2330952809073637	0.0332993258439091
1468	2628583.201	1104967.392	2525.897	2628583.402	1104967.388	2525.7771	0.2340790677383757	0.0334398668197679
1469	2628558.571	1104969.982	2519.8269	2628557.66	1104969.653	2519.6311	0.9881799632739332	0.1411685661819904
1473	2628402.981	1104949.628	2462.5901	2628402.162	1104949.588	2462.406	0.8403890826412683	0.1200555832344669
1481	2628241.918	1105048.145	2348.521	2628241.918	1105048.145	2348.521	0.0	0.0
1482	2628236.817	1105065.895	2338.406	2628236.817	1105065.895	2338.406	0.0	0.0
1483	2628232.674	1105083.348	2325.905	2628232.674	1105083.348	2325.905	0.0	0.0
1484	2628223.793	1105109.236	2304.512	2628223.708	1105109.57	2304.2971	0.4061563861556165	0.0580223408793737
1485	2628854.4	1104837.763	2710.4399	2628854.4	1104837.763	2710.4399	0.0	0.0
1486	2628854.4	1104837.763	2710.4399	2628854.4	1104837.763	2710.4399	0.0	0.0
1487	2628854.4	1104837.763	2710.4399	2628854.4	1104837.763	2710.4399	0.0	0.0
1488	2628854.4	1104837.763	2710.4399	2628854.4	1104837.763	2710.4399	0.0	0.0
1489	2628854.4	1104837.763	2710.4399	2628854.4	1104837.763	2710.4399	0.0	0.0
1490	2628854.4	1104837.763	2710.4399	2628854.4	1104837.763	2710.4399	0.0	0.0
1491	2628854.4	1104837.763	2710.4399	2628854.4	1104837.763	2710.4399	0.0	0.0
1499	2628811.058	1104887.483	2669.3911	2628811.058	1104887.483	2669.3911	0.0	0.0
1500	2628799.37	1104922.815	2642.4641	2628799.37	1104922.815	2642.4641	0.0	0.0
1501	2628799.37	1104922.815	2642.4641	2628799.37	1104922.815	2642.4641	0.0	0.0
1502	2628795.057	1104930.785	2635.99	2628795.057	1104930.785	2635.99	0.0	0.0
1503	2628785.127	1104944.916	2622.812	2628785.127	1104944.916	2622.812	0.0	0.0
1504	2628763.744	1104977.947	2596.0569	2628778.859	1104955.271	2614.9619	33.16720105775785	4.738171579679693
1505	2628763.744	1104977.947	2596.0569	2628763.744	1104977.947	2596.0569	0.0	0.0
1506	2628757.032	1104988.28	2585.636	2628757.032	1104988.28	2585.636	0.0	0.0
1507	2628752.902	1104994.469	2579.9529	2628752.902	1104994.469	2579.9529	0.0	0.0
1514	2628578.549	1104986.338	2516.186	2628578.549	1104986.338	2516.186	0.0	0.0
1515	2628557.468	1104992.153	2510.5869	2628557.4969	1104991.952	2510.697	0.2309939825386476	0.0329991403626639
1519	2628390.491	1104966.436	2447.522	2628389.324	1104966.158	2447.0161	1.3019630600474303	0.1859947228639186
1520	2628352.469	1104966.441	2433.925	2628351.903	1104966.085	2433.7439	0.692740362780909	0.0989629089687012
1525	2628250.332	1105028.453	2354.917	2628250.073	1105028.778	2354.488	0.5972830150023778	0.0853261450003396
1526	2628241.918	1105048.145	2348.521	2628241.97	1105047.709	2348.771	0.505272203869709	0.0721817434099584
1527	2628236.817	1105065.895	2338.406	2628236.817	1105065.895	2338.406	0.0	0.0
1528	2628232.674	1105083.348	2325.905	2628232.674	1105083.348	2325.905	0.0	0.0
1529	2628223.793	1105109.236	2304.512	2628223.793	1105109.236	2304.512	0.0	0.0
1530	2628854.4	1104837.763	2710.4399	2628854.4	1104837.763	2710.4399	0.0	0.0
1531	2628854.4	1104837.763	2710.4399	2628854.4	1104837.763	2710.4399	0.0	0.0
1532	2628854.4	1104837.763	2710.4399	2628854.4	1104837.763	2710.4399	0.0	0.0
1533	2628854.4	1104837.763	2710.4399	2628854.4	1104837.763	2710.4399	0.0	0.0
1534	2628854.4	1104837.763	2710.4399	2628854.4	1104837.763	2710.4399	0.0	0.0
1535	2628854.4	1104837.763	2710.4399	2628854.4	1104837.763	2710.4399	0.0	0.0
1544	2628815.298	1104888.582	2673.176	2628815.298	1104888.582	2673.176	0.0	0.0
1545	2628799.37	1104922.815	2642.4641	2628799.37	1104922.815	2642.4641	0.0	0.0
1546	2628799.37	1104922.815	2642.4641	2628799.37	1104922.815	2642.4641	0.0	0.0
1547	2628795.057	1104930.785	2635.99	2628795.057	1104930.785	2635.99	0.0	0.0
1548	2628780.269	1104951.186	2617.572	2628780.269	1104951.186	2617.572	0.0	0.0
1549	2628763.744	1104977.947	2596.0569	2628763.744	1104977.947	2596.0569	0.0	0.0
1550	2628763.744	1104977.947	2596.0569	2628763.744	1104977.947	2596.0569	0.0	0.0
1551	2628761.991	1104980.412	2592.9619	2628761.991	1104980.412	2592.9619	0.0	0.0
1552	2628747.616	1105002.507	2572.6851	2628747.616	1105002.507	2572.6851	0.0	0.0
1553	2628744.382	1105007.316	2568.2571	2628744.382	1105007.316	2568.2571	0.0	0.0
1559	2628586.7321	1104993.032	2506.8049	2628586.7321	1104993.032	2506.8049	0.0	0.0
1560	2628575.494	1105004.906	2507.595	2628575.494	1105004.906	2507.595	0.0	0.0
1561	2628553.226	1105010.76	2500.8811	2628553.226	1105010.76	2500.8811	0.0	0.0
1565	2628375.421	1104980.932	2429.1179	2628375.421	1104980.932	2429.1179	0.0	0.0
1570	2628250.332	1105028.453	2354.917	2628250.073	1105028.778	2354.488	0.5972830150023778	0.0853261450003396
1571	2628241.918	1105048.145	2348.521	2628241.97	1105047.709	2348.771	0.505272203869709	0.0721817434099584
1572	2628236.817	1105065.895	2338.406	2628236.817	1105065.895	2338.406	0.0	0.0
1573	2628234.41	1105085.582	2325.761	2628234.41	1105085.582	2325.761	0.0	0.0
1574	2628223.387	1105109.953	2304.2351	2628223.387	1105109.953	2304.2351	0.0	0.0
1575	2628854.4	1104837.763	2710.4399	2628854.4	1104837.763	2710.4399	0.0	0.0
1576	2628854.4	1104837.763	2710.4399	2628854.4	1104837.763	2710.4399	0.0	0.0
1577	2628854.4	1104837.763	2710.4399	2628854.4	1104837.763	2710.4399	0.0	0.0
1578	2628854.4	1104837.763	2710.4399	2628854.4	1104837.763	2710.4399	0.0	0.0
1579	2628854.4	1104837.763	2710.4399	2628854.4	1104837.763	2710.4399	0.0	0.0
1580	2628854.4	1104837.763	2710.4399	2628854.4	1104837.763	2710.4399	0.0	0.0
1589	2628815.298	1104888.582	2673.176	2628815.298	1104888.582	2673.176	0.0	0.0
1590	2628799.37	1104922.815	2642.4641	2628799.37	1104922.815	2642.4641	0.0	0.0
1591	2628799.37	1104922.815	2642.4641	2628799.37	1104922.815	2642.4641	0.0	0.0
1592	2628795.204	1104930.541	2636.0891	2628795.204	1104930.541	2636.0891	0.0	0.0
1593	2628785.127	1104944.916	2622.812	2628785.127	1104944.916	2622.812	0.0	0.0
1594	2628778.859	1104955.271	2614.9619	2628778.859	1104955.271	2614.9619	0.0	0.0
1595	2628763.744	1104977.947	2596.0569	2628763.744	1104977.947	2596.0569	0.0	0.0
1596	2628762.238	1104980.386	2593.0991	2628761.923	1104980.868	2592.5349	0.8061455451952768	0.1151636493136109
1597	2628747.616	1105002.507	2572.6851	2628747.616	1105002.507	2572.6851	0.0	0.0
1598	2628745.775	1105005.287	2570.0171	2628745.775	1105005.287	2570.0171	0.0	0.0
1599	2628735.358	1105015.115	2559.02	2628735.358	1105015.115	2559.02	0.0	0.0
1605	2628579.2889	1105009.149	2495.448	2628579.2889	1105009.149	2495.448	0.0	0.0
1606	2628563.3051	1105019.217	2493.3201	2628563.406	1105018.95	2493.5581	0.3716366639452277	0.0530909519921753
1607	2628545.447	1105026.184	2489.438	2628545.447	1105026.184	2489.438	0.0	0.0
1615	2628250.073	1105028.778	2354.488	2628250.073	1105028.778	2354.488	0.0	0.0
1616	2628249.355	1105033.625	2354.8679	2628249.355	1105033.625	2354.8679	0.0	0.0
1617	2628236.817	1105065.895	2338.406	2628236.817	1105065.895	2338.406	0.0	0.0
1618	2628249.355	1105033.625	2354.8679	2628249.355	1105033.625	2354.8679	0.0	0.0
1619	2628223.387	1105109.953	2304.2351	2628223.387	1105109.953	2304.2351	0.0	0.0
1620	2628854.4	1104837.763	2710.4399	2628854.4	1104837.763	2710.4399	0.0	0.0
1621	2628854.4	1104837.763	2710.4399	2628854.4	1104837.763	2710.4399	0.0	0.0
1622	2628854.4	1104837.763	2710.4399	2628854.4	1104837.763	2710.4399	0.0	0.0
1623	2628854.4	1104837.763	2710.4399	2628854.4	1104837.763	2710.4399	0.0	0.0
1624	2628854.4	1104837.763	2710.4399	2628854.4	1104837.763	2710.4399	0.0	0.0
1625	2628854.4	1104837.763	2710.4399	2628854.4	1104837.763	2710.4399	0.0	0.0
1634	2628815.298	1104888.582	2673.176	2628811.058	1104887.483	2669.3911	5.788857314513103	0.8269796163590147
1635	2628799.37	1104922.815	2642.4641	2628799.37	1104922.815	2642.4641	0.0	0.0
1636	2628799.37	1104922.815	2642.4641	2628799.37	1104922.815	2642.4641	0.0	0.0
1637	2628795.204	1104930.541	2636.0891	2628795.204	1104930.541	2636.0891	0.0	0.0
1638	2628785.127	1104944.916	2622.812	2628785.127	1104944.916	2622.812	0.0	0.0
1639	2628763.744	1104977.947	2596.0569	2628763.744	1104977.947	2596.0569	0.0	0.0
1640	2628763.744	1104977.947	2596.0569	2628763.744	1104977.947	2596.0569	0.0	0.0
1641	2628761.991	1104980.412	2592.9619	2628761.991	1104980.412	2592.9619	0.0	0.0
1642	2628753.292	1104993.211	2580.7981	2628753.292	1104993.211	2580.7981	0.0	0.0
1643	2628745.775	1105005.287	2570.0171	2628745.8831	1105005.124	2570.2009	0.2683971871064594	0.0383424553009227
1645	2628722.723	1105024.968	2548.2749	2628722.469	1105025.003	2548.0281	0.3558809352727328	0.0508401336103904
1651	2628573.005	1105025.193	2484.6951	2628572.803	1105025.033	2484.741	0.2617456971809659	0.0373922424544237
1652	2628554.86	1105033.527	2480.124	2628554.86	1105033.527	2480.124	0.0	0.0
1653	2628536.743	1105041.658	2477.175	2628536.058	1105041.603	2476.9451	0.7246406070992457	0.1035200867284636
1660	2628250.332	1105028.453	2354.917	2628250.073	1105028.778	2354.488	0.5972830150023778	0.0853261450003396
1661	2628241.918	1105048.145	2348.521	2628241.918	1105048.145	2348.521	0.0	0.0
1662	2628236.817	1105065.895	2338.406	2628236.817	1105065.895	2338.406	0.0	0.0
1663	2628230.368	1105086.962	2321.436	2628230.368	1105086.962	2321.436	0.0	0.0
1664	2628224.613	1105106.068	2306.644	2628224.613	1105106.068	2306.644	0.0	0.0
1665	2628854.4	1104837.763	2710.4399	2628854.4	1104837.763	2710.4399	0.0	0.0
1666	2628854.4	1104837.763	2710.4399	2628854.4	1104837.763	2710.4399	0.0	0.0
1667	2628854.4	1104837.763	2710.4399	2628854.4	1104837.763	2710.4399	0.0	0.0
1668	2628854.4	1104837.763	2710.4399	2628854.4	1104837.763	2710.4399	0.0	0.0
1669	2628854.4	1104837.763	2710.4399	2628854.4	1104837.763	2710.4399	0.0	0.0
1679	2628815.298	1104888.582	2673.176	2628815.298	1104888.582	2673.176	0.0	0.0
1680	2628799.37	1104922.815	2642.4641	2628799.37	1104922.815	2642.4641	0.0	0.0
1681	2628799.37	1104922.815	2642.4641	2628799.37	1104922.815	2642.4641	0.0	0.0
1682	2628795.204	1104930.541	2636.0891	2628795.204	1104930.541	2636.0891	0.0	0.0
1683	2628785.127	1104944.916	2622.812	2628785.127	1104944.916	2622.812	0.0	0.0
1684	2628763.744	1104977.947	2596.0569	2628763.744	1104977.947	2596.0569	0.0	0.0
1685	2628763.744	1104977.947	2596.0569	2628763.744	1104977.947	2596.0569	0.0	0.0
1686	2628761.991	1104980.412	2592.9619	2628761.991	1104980.412	2592.9619	0.0	0.0
1687	2628753.369	1104992.955	2580.9451	2628753.292	1104993.211	2580.7981	0.3050803171542411	0.0435829024506058
1688	2628745.613	1105005.437	2569.8811	2628745.613	1105005.437	2569.8811	0.0	0.0
1697	2628565.256	1105041.149	2472.8091	2628565.005	1105041.027	2472.8789	0.2876752336854031	0.0410964619550575
1698	2628549.6281	1105051.084	2470.8379	2628549.6281	1105051.084	2470.8379	0.0	0.0
1699	2628525.7419	1105055.328	2463.332	2628525.541	1105055.192	2463.3899	0.2494177616341042	0.035631108804872
1703	2628360.625	1105042.614	2396.23	2628360.625	1105042.614	2396.23	0.0	0.0
1705	2628261.68	1105034.993	2355.1509	2628260.971	1105034.677	2355.0271	0.7860428998746866	0.1122918428392409
1706	2628241.97	1105047.709	2348.771	2628241.918	1105048.145	2348.521	0.505272203869709	0.0721817434099584
1707	2628235.64	1105069.017	2335.761	2628236.817	1105065.895	2338.406	4.257726858204286	0.6082466940291837
1708	2628229.799	1105088.381	2319.936	2628229.799	1105088.381	2319.936	0.0	0.0
1709	2628224.613	1105106.068	2306.644	2628224.613	1105106.068	2306.644	0.0	0.0
1710	2628854.4	1104837.763	2710.4399	2628854.4	1104837.763	2710.4399	0.0	0.0
1711	2628854.4	1104837.763	2710.4399	2628854.4	1104837.763	2710.4399	0.0	0.0
1712	2628854.4	1104837.763	2710.4399	2628854.4	1104837.763	2710.4399	0.0	0.0
1713	2628854.4	1104837.763	2710.4399	2628854.4	1104837.763	2710.4399	0.0	0.0
1714	2628854.4	1104837.763	2710.4399	2628854.4	1104837.763	2710.4399	0.0	0.0
1724	2628815.298	1104888.582	2673.176	2628815.298	1104888.582	2673.176	0.0	0.0
1725	2628799.37	1104922.815	2642.4641	2628799.37	1104922.815	2642.4641	0.0	0.0
1726	2628799.37	1104922.815	2642.4641	2628799.37	1104922.815	2642.4641	0.0	0.0
1727	2628795.204	1104930.541	2636.0891	2628795.204	1104930.541	2636.0891	0.0	0.0
1728	2628785.127	1104944.916	2622.812	2628785.127	1104944.916	2622.812	0.0	0.0
1729	2628763.744	1104977.947	2596.0569	2628763.744	1104977.947	2596.0569	0.0	0.0
1730	2628763.744	1104977.947	2596.0569	2628763.744	1104977.947	2596.0569	0.0	0.0
1731	2628762.238	1104980.386	2593.0991	2628762.199	1104980.432	2593.0381	0.0857787852461708	0.0122541121780244
1743	2628558.4449	1105057.66	2462.3269	2628558.4041	1105057.384	2462.469	0.3131022994433236	0.0447288999204747
1744	2628541.849	1105066.139	2459.4729	2628541.4399	1105065.876	2459.553	0.4928973725506971	0.0704139103643853
1745	2628514.911	1105069.778	2449.5491	2628514.761	1105069.392	2449.7729	0.4707254400666444	0.067246491438092
1751	2628256.115	1105056.056	2343.156	2628256.115	1105056.056	2343.156	0.0	0.0
1752	2628236.817	1105065.895	2338.406	2628236.817	1105065.895	2338.406	0.0	0.0
1753	2628229.799	1105088.381	2319.936	2628229.799	1105088.381	2319.936	0.0	0.0
1754	2628224.613	1105106.068	2306.644	2628224.613	1105106.068	2306.644	0.0	0.0
1755	2628854.4	1104837.763	2710.4399	2628854.4	1104837.763	2710.4399	0.0	0.0
1756	2628854.4	1104837.763	2710.4399	2628854.4	1104837.763	2710.4399	0.0	0.0
1757	2628854.4	1104837.763	2710.4399	2628854.4	1104837.763	2710.4399	0.0	0.0
1758	2628854.4	1104837.763	2710.4399	2628854.4	1104837.763	2710.4399	0.0	0.0
1769	2628815.298	1104888.582	2673.176	2628815.298	1104888.582	2673.176	0.0	0.0
1770	2628799.37	1104922.815	2642.4641	2628799.37	1104922.815	2642.4641	0.0	0.0
1771	2628799.37	1104922.815	2642.4641	2628799.37	1104922.815	2642.4641	0.0	0.0
1772	2628795.204	1104930.541	2636.0891	2628795.204	1104930.541	2636.0891	0.0	0.0
1773	2628785.127	1104944.916	2622.812	2628785.127	1104944.916	2622.812	0.0	0.0
1774	2628778.859	1104955.271	2614.9619	2628778.859	1104955.271	2614.9619	0.0	0.0
1775	2628763.744	1104977.947	2596.0569	2628763.744	1104977.947	2596.0569	0.0	0.0
1789	2628554.844	1105075.289	2453.386	2628555.187	1105075.183	2453.5669	0.4020072262365551	0.0574296037480793
1790	2628534.2679	1105082.05	2447.8711	2628534.026	1105081.956	2447.833	0.2623036787886056	0.0374719541126579
1791	2628506.149	1105084.641	2437.6311	2628506.51	1105084.484	2437.812	0.4332375903895485	0.061891084341364
1794	2628376.164	1105073.572	2381.1851	2628376.366	1105073.322	2381.293	0.339037475833512	0.0484339251190731
1796	2628278.179	1105067.608	2338.9141	2628277.678	1105067.403	2338.8269	0.5482972188464732	0.0783281741209247
1797	2628247.644	1105075.235	2329.4209	2628247.309	1105075.082	2329.5129	0.3796024236300209	0.0542289176614315
1798	2628229.799	1105088.381	2319.936	2628229.799	1105088.381	2319.936	0.0	0.0
1799	2628224.613	1105106.068	2306.644	2628224.613	1105106.068	2306.644	0.0	0.0
1800	2628854.4	1104837.763	2710.4399	2628854.4	1104837.763	2710.4399	0.0	0.0
1801	2628854.4	1104837.763	2710.4399	2628854.4	1104837.763	2710.4399	0.0	0.0
1802	2628854.4	1104837.763	2710.4399	2628854.4	1104837.763	2710.4399	0.0	0.0
1803	2628854.4	1104837.763	2710.4399	2628854.4	1104837.763	2710.4399	0.0	0.0
1814	2628815.298	1104888.582	2673.176	2628815.298	1104888.582	2673.176	0.0	0.0
1815	2628799.37	1104922.815	2642.4641	2628799.37	1104922.815	2642.4641	0.0	0.0
1816	2628799.37	1104922.815	2642.4641	2628799.37	1104922.815	2642.4641	0.0	0.0
1817	2628795.204	1104930.541	2636.0891	2628795.204	1104930.541	2636.0891	0.0	0.0
1818	2628785.127	1104944.916	2622.812	2628785.127	1104944.916	2622.812	0.0	0.0
1819	2628763.744	1104977.947	2596.0569	2628763.744	1104977.947	2596.0569	0.0	0.0
1820	2628763.744	1104977.947	2596.0569	2628763.744	1104977.947	2596.0569	0.0	0.0
1835	2628548.0959	1105091.719	2442.9041	2628547.9351	1105091.777	2442.998	0.1950329460772627	0.0278618494396089
1836	2628530.334	1105099.475	2438.7729	2628529.6591	1105099.126	2438.626	0.7738673142670567	0.1105524734667223
1837	2628497.163	1105099.811	2425.2129	2628496.905	1105099.616	2425.1631	0.3272140587161138	0.0467448655308734
1838	2628466.5031	1105102.221	2413.293	2628466.217	1105102.42	2413.137	0.3818248418113764	0.0545464059730537
1839	2628408.706	1105091.155	2384.9729	2628407.829	1105091.106	2384.563	0.9693028472926516	0.1384718353275216
1840	2628360.171	1105087.392	2363.45	2628360.171	1105087.392	2363.45	0.0	0.0
1842	2628269.508	1105086.534	2325.2839	2628270.085	1105086.363	2325.6089	0.6839554079665146	0.0977079154237877
1843	2628237.344	1105093.661	2314.4871	2628237.344	1105093.661	2314.4871	0.0	0.0
1844	2628224.613	1105106.068	2306.644	2628224.613	1105106.068	2306.644	0.0	0.0
1845	2628854.4	1104837.763	2710.4399	2628854.4	1104837.763	2710.4399	0.0	0.0
1846	2628854.4	1104837.763	2710.4399	2628854.4	1104837.763	2710.4399	0.0	0.0
1847	2628854.4	1104837.763	2710.4399	2628854.4	1104837.763	2710.4399	0.0	0.0
1860	2628799.37	1104922.815	2642.4641	2628799.37	1104922.815	2642.4641	0.0	0.0
1861	2628799.37	1104922.815	2642.4641	2628799.37	1104922.815	2642.4641	0.0	0.0
1864	2628763.744	1104977.947	2596.0569	2628763.744	1104977.947	2596.0569	0.0	0.0
1881	2628543.238	1105107.779	2433.3391	2628543.274	1105107.561	2433.1379	0.2988334654459467	0.0426904950637066
1882	2628525.136	1105116.27	2429.1689	2628525.136	1105116.27	2429.1689	0.0	0.0
1883	2628494.61	1105118.169	2416.646	2628494.594	1105117.901	2416.801	0.3100080643362426	0.0442868663337489
1884	2628460.1639	1105119.399	2402.198	2628460.158	1105119.089	2402.293	0.3242835334045093	0.046326219057787
1885	2628390.101	1105104.51	2366.282	2628389.59	1105104.247	2366.4919	0.6118398564637888	0.0874056937805412
1888	2628259.93	1105105.176	2311.1509	2628259.019	1105105.11	2310.918	0.9426130757387478	0.1346590108198211
1889	2628229.223	1105112.886	2302.1189	2628228.794	1105113.193	2302.0439	0.5328367480021133	0.0761195354288733
1890	2628854.4	1104837.763	2710.4399	2628854.4	1104837.763	2710.4399	0.0	0.0
1891	2628854.4	1104837.763	2710.4399	2628854.4	1104837.763	2710.4399	0.0	0.0
1892	2628854.4	1104837.763	2710.4399	2628854.4	1104837.763	2710.4399	0.0	0.0
1905	2628799.37	1104922.815	2642.4641	2628799.37	1104922.815	2642.4641	0.0	0.0
1909	2628763.744	1104977.947	2596.0569	2628763.744	1104977.947	2596.0569	0.0	0.0
1927	2628534.08	1105122.269	2420.967	2628534.08	1105122.269	2420.967	0.0	0.0
1928	2628517.515	1105131.652	2417.6499	2628517.515	1105131.652	2417.6499	0.0	0.0
1929	2628488.681	1105134.639	2406.3611	2628488.681	1105134.639	2406.3611	0.0	0.0
1930	2628452.3571	1105135.032	2390.7839	2628452.28	1105135.191	2390.76	0.1783160680431372	0.0254737240061624
1934	2628252.181	1105124.092	2297.5171	2628252.181	1105124.092	2297.5171	0.0	0.0
1935	2628854.4	1104837.763	2710.4399	2628854.4	1104837.763	2710.4399	0.0	0.0
1936	2628854.4	1104837.763	2710.4399	2628854.4	1104837.763	2710.4399	0.0	0.0
1973	2628520.9611	1105133.986	2406.6479	2628520.9611	1105133.986	2406.6479	0.0	0.0
1974	2628510.057	1105146.458	2406.3589	2628510.057	1105146.458	2406.3589	0.0	0.0
1975	2628477.089	1105147.877	2392.4189	2628477.089	1105147.877	2392.4189	0.0	0.0
1976	2628454.454	1105155.03	2385.1211	2628454.191	1105155.372	2385.2019	0.4389323864323846	0.0627046266331978
1977	2628373.015	1105137.01	2340.5139	2628373.015	1105137.01	2340.5139	0.0	0.0
1980	2628854.4	1104837.763	2710.4399	2628854.4	1104837.763	2710.4399	0.0	0.0
1981	2628854.4	1104837.763	2710.4399	2628854.4	1104837.763	2710.4399	0.0	0.0
2019	2628517.095	1105150.276	2400.6709	2628517.095	1105150.276	2400.6709	0.0	0.0
2020	2628495.299	1105157.801	2390.7109	2628494.9301	1105157.916	2390.6841	0.387337643516243	0.055333949073749
2021	2628465.61	1105161.853	2378.3831	2628465.61	1105161.853	2378.3831	0.0	0.0
2022	2628449.3149	1105172.152	2374.9829	2628449.23	1105172.084	2375.208	0.2500040400043886	0.0357148628577698
