ID	X_x	Y_x	Z_x	X_y	Y_y	Z_y	Distances	Velocity
10	2628632.103	1104505.282	2802.4541	2628632.103	1104505.282	2802.4541	0.0	0.0
11	2628632.103	1104505.282	2802.4541	2628632.103	1104505.282	2802.4541	0.0	0.0
12	2628632.103	1104505.282	2802.4541	2628632.103	1104505.282	2802.4541	0.0	0.0
13	2628632.103	1104505.282	2802.4541	2628632.103	1104505.282	2802.4541	0.0	0.0
14	2628564.757	1104513.436	2769.6909	2628564.757	1104513.436	2769.6909	0.0	0.0
15	2628564.757	1104513.436	2769.6909	2628564.757	1104513.436	2769.6909	0.0	0.0
16	2628564.757	1104513.436	2769.6909	2628564.757	1104513.436	2769.6909	0.0	0.0
17	2628564.757	1104513.436	2769.6909	2628564.757	1104513.436	2769.6909	0.0	0.0
18	2628564.757	1104513.436	2769.6909	2628564.757	1104513.436	2769.6909	0.0	0.0
19	2628564.757	1104513.436	2769.6909	2628564.757	1104513.436	2769.6909	0.0	0.0
20	2628564.757	1104513.436	2769.6909	2628564.757	1104513.436	2769.6909	0.0	0.0
21	2628564.757	1104513.436	2769.6909	2628442.646	1104630.67	2666.2451	198.38331737984868	28.340473911406956
22	2628425.899	1104658.338	2643.72	2628425.899	1104658.338	2643.72	0.0	0.0
23	2628419.439	1104670.181	2637.4299	2628419.439	1104670.181	2637.4299	0.0	0.0
24	2628419.439	1104670.181	2637.4299	2628419.439	1104670.181	2637.4299	0.0	0.0
25	2628396.415	1104727.809	2590.585	2628396.415	1104727.809	2590.585	0.0	0.0
26	2628397.009	1104733.501	2587.8831	2628397.009	1104733.501	2587.8831	0.0	0.0
27	2628397.009	1104733.501	2587.8831	2628397.009	1104733.501	2587.8831	0.0	0.0
28	2628397.009	1104733.501	2587.8831	2628397.009	1104733.501	2587.8831	0.0	0.0
29	2628397.009	1104733.501	2587.8831	2628397.009	1104733.501	2587.8831	0.0	0.0
30	2628397.009	1104733.501	2587.8831	2628397.009	1104733.501	2587.8831	0.0	0.0
31	2628397.009	1104733.501	2587.8831	2628397.009	1104733.501	2587.8831	0.0	0.0
32	2628397.009	1104733.501	2587.8831	2628397.009	1104733.501	2587.8831	0.0	0.0
33	2628373.755	1104923.795	2462.929	2628373.755	1104923.795	2462.929	0.0	0.0
55	2628632.103	1104505.282	2802.4541	2628632.103	1104505.282	2802.4541	0.0	0.0
56	2628632.103	1104505.282	2802.4541	2628632.103	1104505.282	2802.4541	0.0	0.0
57	2628632.103	1104505.282	2802.4541	2628632.103	1104505.282	2802.4541	0.0	0.0
58	2628632.103	1104505.282	2802.4541	2628632.103	1104505.282	2802.4541	0.0	0.0
59	2628564.757	1104513.436	2769.6909	2628564.757	1104513.436	2769.6909	0.0	0.0
60	2628564.757	1104513.436	2769.6909	2628564.757	1104513.436	2769.6909	0.0	0.0
61	2628564.757	1104513.436	2769.6909	2628564.757	1104513.436	2769.6909	0.0	0.0
62	2628564.757	1104513.436	2769.6909	2628564.757	1104513.436	2769.6909	0.0	0.0
63	2628564.757	1104513.436	2769.6909	2628564.757	1104513.436	2769.6909	0.0	0.0
64	2628564.757	1104513.436	2769.6909	2628564.757	1104513.436	2769.6909	0.0	0.0
65	2628564.757	1104513.436	2769.6909	2628564.757	1104513.436	2769.6909	0.0	0.0
66	2628564.757	1104513.436	2769.6909	2628564.757	1104513.436	2769.6909	0.0	0.0
67	2628428.046	1104663.164	2643.2561	2628427.089	1104662.762	2642.6919	1.1814290668002765	0.168775580971468
68	2628419.439	1104670.181	2637.4299	2628419.439	1104670.181	2637.4299	0.0	0.0
69	2628419.439	1104670.181	2637.4299	2628419.439	1104670.181	2637.4299	0.0	0.0
70	2628395.987	1104719.162	2600.8081	2628395.987	1104719.162	2600.8081	0.0	0.0
71	2628397.009	1104733.501	2587.8831	2628397.009	1104733.501	2587.8831	0.0	0.0
72	2628397.009	1104733.501	2587.8831	2628397.009	1104733.501	2587.8831	0.0	0.0
73	2628397.009	1104733.501	2587.8831	2628397.009	1104733.501	2587.8831	0.0	0.0
74	2628397.009	1104733.501	2587.8831	2628397.009	1104733.501	2587.8831	0.0	0.0
75	2628397.009	1104733.501	2587.8831	2628397.009	1104733.501	2587.8831	0.0	0.0
76	2628397.009	1104733.501	2587.8831	2628397.009	1104733.501	2587.8831	0.0	0.0
77	2628397.009	1104733.501	2587.8831	2628397.009	1104733.501	2587.8831	0.0	0.0
78	2628362.306	1104925.207	2455.061	2628362.306	1104925.207	2455.061	0.0	0.0
100	2628632.103	1104505.282	2802.4541	2628632.103	1104505.282	2802.4541	0.0	0.0
101	2628632.103	1104505.282	2802.4541	2628632.103	1104505.282	2802.4541	0.0	0.0
102	2628632.103	1104505.282	2802.4541	2628632.103	1104505.282	2802.4541	0.0	0.0
103	2628632.103	1104505.282	2802.4541	2628632.103	1104505.282	2802.4541	0.0	0.0
104	2628564.757	1104513.436	2769.6909	2628564.757	1104513.436	2769.6909	0.0	0.0
105	2628564.757	1104513.436	2769.6909	2628564.757	1104513.436	2769.6909	0.0	0.0
106	2628564.757	1104513.436	2769.6909	2628564.757	1104513.436	2769.6909	0.0	0.0
107	2628564.757	1104513.436	2769.6909	2628564.757	1104513.436	2769.6909	0.0	0.0
108	2628564.757	1104513.436	2769.6909	2628564.757	1104513.436	2769.6909	0.0	0.0
109	2628564.757	1104513.436	2769.6909	2628564.757	1104513.436	2769.6909	0.0	0.0
110	2628564.757	1104513.436	2769.6909	2628564.757	1104513.436	2769.6909	0.0	0.0
111	2628564.757	1104513.436	2769.6909	2628564.757	1104513.436	2769.6909	0.0	0.0
112	2628425.375	1104659.975	2642.7649	2628425.375	1104659.975	2642.7649	0.0	0.0
113	2628419.439	1104670.181	2637.4299	2628419.439	1104670.181	2637.4299	0.0	0.0
114	2628419.439	1104670.181	2637.4299	2628419.439	1104670.181	2637.4299	0.0	0.0
115	2628397.839	1104723.888	2595.6021	2628397.839	1104723.888	2595.6021	0.0	0.0
116	2628397.009	1104733.501	2587.8831	2628397.009	1104733.501	2587.8831	0.0	0.0
117	2628397.009	1104733.501	2587.8831	2628397.009	1104733.501	2587.8831	0.0	0.0
118	2628397.009	1104733.501	2587.8831	2628397.009	1104733.501	2587.8831	0.0	0.0
119	2628397.009	1104733.501	2587.8831	2628397.009	1104733.501	2587.8831	0.0	0.0
120	2628397.009	1104733.501	2587.8831	2628397.009	1104733.501	2587.8831	0.0	0.0
121	2628397.009	1104733.501	2587.8831	2628397.009	1104733.501	2587.8831	0.0	0.0
122	2628397.009	1104733.501	2587.8831	2628397.009	1104733.501	2587.8831	0.0	0.0
123	2628373.755	1104923.795	2462.929	2628373.755	1104923.795	2462.929	0.0	0.0
144	2628632.103	1104505.282	2802.4541	2628632.103	1104505.282	2802.4541	0.0	0.0
145	2628632.103	1104505.282	2802.4541	2628632.103	1104505.282	2802.4541	0.0	0.0
146	2628632.103	1104505.282	2802.4541	2628632.103	1104505.282	2802.4541	0.0	0.0
147	2628632.103	1104505.282	2802.4541	2628632.103	1104505.282	2802.4541	0.0	0.0
148	2628632.103	1104505.282	2802.4541	2628632.103	1104505.282	2802.4541	0.0	0.0
149	2628564.757	1104513.436	2769.6909	2628564.757	1104513.436	2769.6909	0.0	0.0
150	2628564.757	1104513.436	2769.6909	2628564.757	1104513.436	2769.6909	0.0	0.0
151	2628564.757	1104513.436	2769.6909	2628564.757	1104513.436	2769.6909	0.0	0.0
152	2628564.757	1104513.436	2769.6909	2628564.757	1104513.436	2769.6909	0.0	0.0
153	2628564.757	1104513.436	2769.6909	2628564.757	1104513.436	2769.6909	0.0	0.0
155	2628564.757	1104513.436	2769.6909	2628564.757	1104513.436	2769.6909	0.0	0.0
156	2628442.646	1104630.67	2666.2451	2628442.646	1104630.67	2666.2451	0.0	0.0
157	2628427.089	1104662.762	2642.6919	2628427.089	1104662.762	2642.6919	0.0	0.0
158	2628419.439	1104670.181	2637.4299	2628419.439	1104670.181	2637.4299	0.0	0.0
159	2628419.439	1104670.181	2637.4299	2628419.439	1104670.181	2637.4299	0.0	0.0
160	2628397.903	1104713.575	2607.428	2628419.439	1104670.181	2637.4299	56.98203695543732	8.140290993633903
161	2628397.009	1104733.501	2587.8831	2628397.009	1104733.501	2587.8831	0.0	0.0
162	2628397.009	1104733.501	2587.8831	2628397.009	1104733.501	2587.8831	0.0	0.0
163	2628397.009	1104733.501	2587.8831	2628397.009	1104733.501	2587.8831	0.0	0.0
164	2628397.009	1104733.501	2587.8831	2628397.009	1104733.501	2587.8831	0.0	0.0
165	2628397.009	1104733.501	2587.8831	2628397.009	1104733.501	2587.8831	0.0	0.0
166	2628397.009	1104733.501	2587.8831	2628397.009	1104733.501	2587.8831	0.0	0.0
167	2628397.009	1104733.501	2587.8831	2628397.009	1104733.501	2587.8831	0.0	0.0
168	2628373.755	1104923.795	2462.929	2628373.755	1104923.795	2462.929	0.0	0.0
190	2628632.103	1104505.282	2802.4541	2628632.103	1104505.282	2802.4541	0.0	0.0
191	2628632.103	1104505.282	2802.4541	2628632.103	1104505.282	2802.4541	0.0	0.0
192	2628632.103	1104505.282	2802.4541	2628632.103	1104505.282	2802.4541	0.0	0.0
193	2628564.757	1104513.436	2769.6909	2628564.757	1104513.436	2769.6909	0.0	0.0
194	2628564.757	1104513.436	2769.6909	2628564.757	1104513.436	2769.6909	0.0	0.0
195	2628564.757	1104513.436	2769.6909	2628564.757	1104513.436	2769.6909	0.0	0.0
196	2628564.757	1104513.436	2769.6909	2628564.757	1104513.436	2769.6909	0.0	0.0
197	2628564.757	1104513.436	2769.6909	2628564.757	1104513.436	2769.6909	0.0	0.0
198	2628564.757	1104513.436	2769.6909	2628564.757	1104513.436	2769.6909	0.0	0.0
200	2628564.757	1104513.436	2769.6909	2628564.757	1104513.436	2769.6909	0.0	0.0
201	2628442.646	1104630.67	2666.2451	2628442.646	1104630.67	2666.2451	0.0	0.0
202	2628427.089	1104662.762	2642.6919	2628428.046	1104663.164	2643.2561	1.1814290668002765	0.168775580971468
203	2628419.439	1104670.181	2637.4299	2628419.439	1104670.181	2637.4299	0.0	0.0
204	2628419.439	1104670.181	2637.4299	2628419.439	1104670.181	2637.4299	0.0	0.0
205	2628396.415	1104727.809	2590.585	2628399.423	1104728.827	2591.457	3.2931401427517204	0.4704485918216743
206	2628397.009	1104733.501	2587.8831	2628397.009	1104733.501	2587.8831	0.0	0.0
207	2628397.009	1104733.501	2587.8831	2628397.009	1104733.501	2587.8831	0.0	0.0
208	2628397.009	1104733.501	2587.8831	2628397.009	1104733.501	2587.8831	0.0	0.0
209	2628397.009	1104733.501	2587.8831	2628397.009	1104733.501	2587.8831	0.0	0.0
210	2628397.009	1104733.501	2587.8831	2628397.009	1104733.501	2587.8831	0.0	0.0
211	2628397.009	1104733.501	2587.8831	2628397.009	1104733.501	2587.8831	0.0	0.0
212	2628397.009	1104733.501	2587.8831	2628397.009	1104733.501	2587.8831	0.0	0.0
213	2628373.755	1104923.795	2462.929	2628373.755	1104923.795	2462.929	0.0	0.0
214	2628362.306	1104925.207	2455.061	2628362.306	1104925.207	2455.061	0.0	0.0
235	2628632.103	1104505.282	2802.4541	2628632.103	1104505.282	2802.4541	0.0	0.0
236	2628632.103	1104505.282	2802.4541	2628632.103	1104505.282	2802.4541	0.0	0.0
237	2628632.103	1104505.282	2802.4541	2628632.103	1104505.282	2802.4541	0.0	0.0
238	2628564.757	1104513.436	2769.6909	2628564.757	1104513.436	2769.6909	0.0	0.0
239	2628564.757	1104513.436	2769.6909	2628564.757	1104513.436	2769.6909	0.0	0.0
240	2628564.757	1104513.436	2769.6909	2628564.757	1104513.436	2769.6909	0.0	0.0
241	2628564.757	1104513.436	2769.6909	2628564.757	1104513.436	2769.6909	0.0	0.0
242	2628564.757	1104513.436	2769.6909	2628564.757	1104513.436	2769.6909	0.0	0.0
245	2628450.246	1104623.759	2669.917	2628451.606	1104622.899	2670.5449	1.727269061579029	0.2467527230827184
246	2628442.646	1104630.67	2666.2451	2628442.646	1104630.67	2666.2451	0.0	0.0
247	2628425.375	1104659.975	2642.7649	2628426.071	1104659.034	2643.5779	1.4250845589642387	0.2035835084234626
248	2628419.439	1104670.181	2637.4299	2628419.439	1104670.181	2637.4299	0.0	0.0
249	2628419.439	1104670.181	2637.4299	2628419.439	1104670.181	2637.4299	0.0	0.0
250	2628399.423	1104728.827	2591.457	2628397.569	1104723.089	2596.342	7.760488708889421	1.10864124412706
251	2628397.009	1104733.501	2587.8831	2628397.009	1104733.501	2587.8831	0.0	0.0
252	2628397.009	1104733.501	2587.8831	2628397.009	1104733.501	2587.8831	0.0	0.0
253	2628397.009	1104733.501	2587.8831	2628397.009	1104733.501	2587.8831	0.0	0.0
254	2628397.009	1104733.501	2587.8831	2628397.009	1104733.501	2587.8831	0.0	0.0
255	2628397.009	1104733.501	2587.8831	2628397.009	1104733.501	2587.8831	0.0	0.0
256	2628397.009	1104733.501	2587.8831	2628397.009	1104733.501	2587.8831	0.0	0.0
257	2628397.009	1104733.501	2587.8831	2628397.009	1104733.501	2587.8831	0.0	0.0
258	2628397.009	1104733.501	2587.8831	2628397.009	1104733.501	2587.8831	0.0	0.0
279	2628635.196	1104502.449	2803.7581	2628634.799	1104502.441	2803.655	0.4102470108409546	0.0586067158344221
280	2628632.103	1104505.282	2802.4541	2628632.103	1104505.282	2802.4541	0.0	0.0
281	2628632.103	1104505.282	2802.4541	2628632.103	1104505.282	2802.4541	0.0	0.0
282	2628581.953	1104515.039	2777.5691	2628581.953	1104515.039	2777.5691	0.0	0.0
283	2628564.757	1104513.436	2769.6909	2628564.757	1104513.436	2769.6909	0.0	0.0
284	2628564.757	1104513.436	2769.6909	2628564.757	1104513.436	2769.6909	0.0	0.0
285	2628564.757	1104513.436	2769.6909	2628564.757	1104513.436	2769.6909	0.0	0.0
286	2628564.757	1104513.436	2769.6909	2628564.757	1104513.436	2769.6909	0.0	0.0
287	2628564.757	1104513.436	2769.6909	2628564.757	1104513.436	2769.6909	0.0	0.0
290	2628451.4919	1104622.211	2670.699	2628451.744	1104622.112	2670.761	0.2778478181768077	0.0396925454538296
291	2628442.646	1104630.67	2666.2451	2628442.646	1104630.67	2666.2451	0.0	0.0
292	2628427.089	1104662.762	2642.6919	2628428.046	1104663.164	2643.2561	1.1814290668002765	0.168775580971468
293	2628419.439	1104670.181	2637.4299	2628419.439	1104670.181	2637.4299	0.0	0.0
294	2628419.439	1104670.181	2637.4299	2628419.439	1104670.181	2637.4299	0.0	0.0
295	2628399.492	1104728.371	2591.7991	2628399.423	1104728.827	2591.457	0.5742206980106247	0.0820315282872321
296	2628397.009	1104733.501	2587.8831	2628397.009	1104733.501	2587.8831	0.0	0.0
297	2628397.009	1104733.501	2587.8831	2628397.009	1104733.501	2587.8831	0.0	0.0
298	2628397.009	1104733.501	2587.8831	2628397.009	1104733.501	2587.8831	0.0	0.0
299	2628397.009	1104733.501	2587.8831	2628397.009	1104733.501	2587.8831	0.0	0.0
300	2628397.009	1104733.501	2587.8831	2628397.009	1104733.501	2587.8831	0.0	0.0
301	2628397.009	1104733.501	2587.8831	2628397.009	1104733.501	2587.8831	0.0	0.0
302	2628397.009	1104733.501	2587.8831	2628397.009	1104733.501	2587.8831	0.0	0.0
303	2628374.392	1104922.461	2464.2749	2628397.009	1104733.501	2587.8831	226.9281767349084	32.41831096212977
325	2628632.103	1104505.282	2802.4541	2628632.103	1104505.282	2802.4541	0.0	0.0
326	2628632.103	1104505.282	2802.4541	2628632.103	1104505.282	2802.4541	0.0	0.0
327	2628584.012	1104514.821	2778.6101	2628584.012	1104514.821	2778.6101	0.0	0.0
328	2628564.757	1104513.436	2769.6909	2628564.757	1104513.436	2769.6909	0.0	0.0
329	2628564.757	1104513.436	2769.6909	2628564.757	1104513.436	2769.6909	0.0	0.0
330	2628564.757	1104513.436	2769.6909	2628564.757	1104513.436	2769.6909	0.0	0.0
331	2628564.757	1104513.436	2769.6909	2628564.757	1104513.436	2769.6909	0.0	0.0
335	2628450.246	1104623.759	2669.917	2628450.246	1104623.759	2669.917	0.0	0.0
336	2628442.646	1104630.67	2666.2451	2628442.646	1104630.67	2666.2451	0.0	0.0
337	2628427.089	1104662.762	2642.6919	2628428.046	1104663.164	2643.2561	1.1814290668002765	0.168775580971468
338	2628419.439	1104670.181	2637.4299	2628419.439	1104670.181	2637.4299	0.0	0.0
339	2628419.439	1104670.181	2637.4299	2628419.439	1104670.181	2637.4299	0.0	0.0
340	2628397.839	1104723.888	2595.6021	2628397.569	1104723.089	2596.342	1.1219416251279084	0.1602773750182726
341	2628397.009	1104733.501	2587.8831	2628397.009	1104733.501	2587.8831	0.0	0.0
342	2628397.009	1104733.501	2587.8831	2628397.009	1104733.501	2587.8831	0.0	0.0
343	2628397.009	1104733.501	2587.8831	2628397.009	1104733.501	2587.8831	0.0	0.0
344	2628397.009	1104733.501	2587.8831	2628397.009	1104733.501	2587.8831	0.0	0.0
345	2628397.009	1104733.501	2587.8831	2628397.009	1104733.501	2587.8831	0.0	0.0
346	2628397.009	1104733.501	2587.8831	2628397.009	1104733.501	2587.8831	0.0	0.0
347	2628397.009	1104733.501	2587.8831	2628397.009	1104733.501	2587.8831	0.0	0.0
348	2628373.755	1104923.795	2462.929	2628373.755	1104923.795	2462.929	0.0	0.0
370	2628632.103	1104505.282	2802.4541	2628632.103	1104505.282	2802.4541	0.0	0.0
372	2628581.111	1104517.72	2776.7949	2628581.111	1104517.72	2776.7949	0.0	0.0
373	2628564.757	1104513.436	2769.6909	2628564.757	1104513.436	2769.6909	0.0	0.0
374	2628564.757	1104513.436	2769.6909	2628564.757	1104513.436	2769.6909	0.0	0.0
375	2628535.0601	1104534.28	2746.2639	2628535.0601	1104534.28	2746.2639	0.0	0.0
380	2628449.926	1104622.86	2669.9399	2628451.606	1104622.899	2670.5449	1.786041992942329	0.2551488561346184
381	2628442.646	1104630.67	2666.2451	2628442.646	1104630.67	2666.2451	0.0	0.0
382	2628428.046	1104663.164	2643.2561	2628427.089	1104662.762	2642.6919	1.1814290668002765	0.168775580971468
383	2628419.439	1104670.181	2637.4299	2628419.439	1104670.181	2637.4299	0.0	0.0
384	2628419.439	1104670.181	2637.4299	2628419.439	1104670.181	2637.4299	0.0	0.0
385	2628397.839	1104723.888	2595.6021	2628399.492	1104728.371	2591.7991	6.106759124105374	0.872394160586482
386	2628397.009	1104733.501	2587.8831	2628397.009	1104733.501	2587.8831	0.0	0.0
387	2628397.009	1104733.501	2587.8831	2628397.009	1104733.501	2587.8831	0.0	0.0
388	2628397.009	1104733.501	2587.8831	2628397.009	1104733.501	2587.8831	0.0	0.0
389	2628397.009	1104733.501	2587.8831	2628397.009	1104733.501	2587.8831	0.0	0.0
390	2628397.009	1104733.501	2587.8831	2628397.009	1104733.501	2587.8831	0.0	0.0
391	2628397.009	1104733.501	2587.8831	2628397.009	1104733.501	2587.8831	0.0	0.0
392	2628397.009	1104733.501	2587.8831	2628397.009	1104733.501	2587.8831	0.0	0.0
393	2628373.755	1104923.795	2462.929	2628373.755	1104923.795	2462.929	0.0	0.0
415	2628628.437	1104515.928	2797.791	2628628.115	1104516.166	2797.751	0.4024027829844387	0.0574861118549198
417	2628581.953	1104515.039	2777.5691	2628584.207	1104516.514	2778.25	2.77844665385984	0.3969209505514057
418	2628564.757	1104513.436	2769.6909	2628564.757	1104513.436	2769.6909	0.0	0.0
419	2628564.757	1104513.436	2769.6909	2628564.757	1104513.436	2769.6909	0.0	0.0
420	2628535.0601	1104534.28	2746.2639	2628535.0601	1104534.28	2746.2639	0.0	0.0
425	2628450.577	1104622.966	2670.1699	2628450.577	1104622.966	2670.1699	0.0	0.0
426	2628442.646	1104630.67	2666.2451	2628442.646	1104630.67	2666.2451	0.0	0.0
427	2628428.046	1104663.164	2643.2561	2628428.046	1104663.164	2643.2561	0.0	0.0
428	2628419.439	1104670.181	2637.4299	2628419.439	1104670.181	2637.4299	0.0	0.0
429	2628419.439	1104670.181	2637.4299	2628419.439	1104670.181	2637.4299	0.0	0.0
430	2628397.569	1104723.089	2596.342	2628396.891	1104721.998	2596.9529	1.422379629510664	0.2031970899300948
431	2628397.009	1104733.501	2587.8831	2628397.009	1104733.501	2587.8831	0.0	0.0
432	2628397.009	1104733.501	2587.8831	2628397.009	1104733.501	2587.8831	0.0	0.0
433	2628397.009	1104733.501	2587.8831	2628397.009	1104733.501	2587.8831	0.0	0.0
434	2628397.009	1104733.501	2587.8831	2628397.009	1104733.501	2587.8831	0.0	0.0
435	2628397.009	1104733.501	2587.8831	2628397.009	1104733.501	2587.8831	0.0	0.0
436	2628397.009	1104733.501	2587.8831	2628397.009	1104733.501	2587.8831	0.0	0.0
437	2628397.009	1104733.501	2587.8831	2628397.009	1104733.501	2587.8831	0.0	0.0
438	2628373.755	1104923.795	2462.929	2628373.755	1104923.795	2462.929	0.0	0.0
450	2628919.087	1104680.001	2825.4419	2628919.111	1104680.182	2825.198	0.3046706583275141	0.0435243797610734
451	2628896.3199	1104664.843	2822.0349	2628895.533	1104665.049	2822.3911	0.887989893122121	0.1268556990174458
452	2628876.0551	1104658.056	2820.064	2628875.938	1104657.907	2820.3069	0.3080808660766562	0.0440115522966651
461	2628620.858	1104532.536	2784.1731	2628620.467	1104531.339	2784.8491	1.429218667751506	0.2041740953930722
462	2628582.079	1104515.862	2777.4021	2628581.953	1104515.039	2777.5691	0.8491725382341765	0.1213103626048823
463	2628565.949	1104527.364	2766.9331	2628566.198	1104527.13	2767.29	0.4940997976101633	0.0705856853728804
464	2628548.324	1104538.394	2753.8899	2628547.134	1104535.938	2753.623	2.742129028673614	0.3917327183819448
465	2628535.0601	1104534.28	2746.2639	2628535.0601	1104534.28	2746.2639	0.0	0.0
470	2628449.926	1104622.86	2669.9399	2628449.926	1104622.86	2669.9399	0.0	0.0
471	2628442.646	1104630.67	2666.2451	2628442.646	1104630.67	2666.2451	0.0	0.0
472	2628428.046	1104663.164	2643.2561	2628428.046	1104663.164	2643.2561	0.0	0.0
473	2628419.439	1104670.181	2637.4299	2628419.439	1104670.181	2637.4299	0.0	0.0
474	2628419.439	1104670.181	2637.4299	2628419.439	1104670.181	2637.4299	0.0	0.0
475	2628397.839	1104723.888	2595.6021	2628399.423	1104728.827	2591.457	6.639625818485032	0.9485179740692904
476	2628397.009	1104733.501	2587.8831	2628397.009	1104733.501	2587.8831	0.0	0.0
477	2628397.009	1104733.501	2587.8831	2628397.009	1104733.501	2587.8831	0.0	0.0
478	2628397.009	1104733.501	2587.8831	2628397.009	1104733.501	2587.8831	0.0	0.0
479	2628397.009	1104733.501	2587.8831	2628397.009	1104733.501	2587.8831	0.0	0.0
480	2628397.009	1104733.501	2587.8831	2628397.009	1104733.501	2587.8831	0.0	0.0
481	2628397.009	1104733.501	2587.8831	2628397.009	1104733.501	2587.8831	0.0	0.0
482	2628397.009	1104733.501	2587.8831	2628397.009	1104733.501	2587.8831	0.0	0.0
483	2628373.755	1104923.795	2462.929	2628373.755	1104923.795	2462.929	0.0	0.0
495	2628929.142	1104699.853	2817.123	2628928.854	1104699.716	2817.2891	0.3595861650086215	0.0513694521440887
496	2628912.675	1104698.242	2815.0569	2628912.907	1104698.235	2815.146	0.248619810440076	0.0355171157771537
497	2628892.0229	1104689.633	2812.197	2628892.91	1104690.361	2812.3081	1.1529412908111412	0.1647058986873058
498	2628869.381	1104678.684	2808.033	2628869.3311	1104678.219	2808.1169	0.4751360014351655	0.067876571633595
499	2628841.239	1104658.761	2803.5039	2628842.272	1104661.227	2803.9399	2.708937245434784	0.386991035062112
507	2628611.212	1104552.661	2769.022	2628610.808	1104552.68	2768.895	0.4239174444352033	0.0605596349193147
508	2628571.2679	1104533.352	2763.231	2628571.835	1104534.138	2762.8979	1.0248678062276466	0.1464096866039495
509	2628547.439	1104535.12	2753.9551	2628547.0439	1104532.764	2754.3711	2.4248496882414865	0.3464070983202124
510	2628535.0601	1104534.28	2746.2639	2628535.0601	1104534.28	2746.2639	0.0	0.0
515	2628449.479	1104623.568	2669.603	2628449.479	1104623.568	2669.603	0.0	0.0
516	2628442.646	1104630.67	2666.2451	2628442.646	1104630.67	2666.2451	0.0	0.0
517	2628428.046	1104663.164	2643.2561	2628427.089	1104662.762	2642.6919	1.1814290668002765	0.168775580971468
518	2628419.439	1104670.181	2637.4299	2628419.439	1104670.181	2637.4299	0.0	0.0
519	2628419.439	1104670.181	2637.4299	2628419.439	1104670.181	2637.4299	0.0	0.0
520	2628397.569	1104723.089	2596.342	2628397.839	1104723.888	2595.6021	1.1219416251279084	0.1602773750182726
521	2628397.009	1104733.501	2587.8831	2628397.009	1104733.501	2587.8831	0.0	0.0
522	2628397.009	1104733.501	2587.8831	2628397.009	1104733.501	2587.8831	0.0	0.0
523	2628397.009	1104733.501	2587.8831	2628397.009	1104733.501	2587.8831	0.0	0.0
524	2628397.009	1104733.501	2587.8831	2628397.009	1104733.501	2587.8831	0.0	0.0
525	2628397.009	1104733.501	2587.8831	2628397.009	1104733.501	2587.8831	0.0	0.0
526	2628397.009	1104733.501	2587.8831	2628397.009	1104733.501	2587.8831	0.0	0.0
527	2628397.009	1104733.501	2587.8831	2628397.009	1104733.501	2587.8831	0.0	0.0
528	2628373.755	1104923.795	2462.929	2628373.755	1104923.795	2462.929	0.0	0.0
540	2628936.641	1104714.575	2806.74	2628936.798	1104714.599	2806.8279	0.1815252325091954	0.0259321760727422
541	2628919.4709	1104712.471	2805.678	2628919.645	1104712.494	2805.7539	0.1913128850421729	0.0273304121488818
542	2628904.032	1104713.054	2802.9839	2628904.187	1104713.823	2802.9761	0.7845042001615619	0.1120720285945088
543	2628885.043	1104707.144	2801.1311	2628884.511	1104705.61	2801.6201	1.6956712535409442	0.2422387505058491
544	2628868.323	1104705.653	2799.1721	2628868.894	1104706.282	2799.1321	0.8504598755625389	0.1214942679375055
554	2628560.2111	1104553.519	2745.6299	2628559.864	1104553.62	2745.5281	0.3755564537236673	0.0536509219605239
560	2628449.926	1104622.86	2669.9399	2628449.926	1104622.86	2669.9399	0.0	0.0
561	2628442.646	1104630.67	2666.2451	2628442.646	1104630.67	2666.2451	0.0	0.0
562	2628428.046	1104663.164	2643.2561	2628428.046	1104663.164	2643.2561	0.0	0.0
563	2628419.439	1104670.181	2637.4299	2628419.439	1104670.181	2637.4299	0.0	0.0
564	2628419.439	1104670.181	2637.4299	2628419.439	1104670.181	2637.4299	0.0	0.0
565	2628397.569	1104723.089	2596.342	2628399.492	1104728.371	2591.7991	7.227405717898482	1.0324865311283546
566	2628397.009	1104733.501	2587.8831	2628397.009	1104733.501	2587.8831	0.0	0.0
567	2628397.009	1104733.501	2587.8831	2628397.009	1104733.501	2587.8831	0.0	0.0
568	2628397.009	1104733.501	2587.8831	2628397.009	1104733.501	2587.8831	0.0	0.0
569	2628397.009	1104733.501	2587.8831	2628397.009	1104733.501	2587.8831	0.0	0.0
570	2628397.009	1104733.501	2587.8831	2628397.009	1104733.501	2587.8831	0.0	0.0
571	2628397.009	1104733.501	2587.8831	2628397.009	1104733.501	2587.8831	0.0	0.0
572	2628397.009	1104733.501	2587.8831	2628397.009	1104733.501	2587.8831	0.0	0.0
573	2628373.755	1104923.795	2462.929	2628373.755	1104923.795	2462.929	0.0	0.0
585	2628933.653	1104721.39	2801.0249	2628933.653	1104721.39	2801.0249	0.0	0.0
586	2628928.629	1104728.996	2798.0959	2628928.219	1104729.509	2797.603	0.8211086469878633	0.1173012352839804
587	2628915.076	1104732.544	2795.2881	2628914.943	1104732.622	2795.262	0.1563784191441216	0.0223397741634459
588	2628898.151	1104730.531	2793.1299	2628898.5389	1104730.706	2792.8059	0.5348526993434326	0.0764075284776332
589	2628878.719	1104724.662	2790.293	2628878.2581	1104724.728	2790.1531	0.48616542434408	0.0694522034777257
590	2628859.696	1104720.56	2786.99	2628859.696	1104720.56	2786.99	0.0	0.0
600	2628546.408	1104570.961	2730.271	2628546.358	1104570.903	2730.4541	0.1984681585966399	0.0283525940852342
604	2628464.1071	1104604.029	2678.562	2628464.1071	1104604.029	2678.562	0.0	0.0
605	2628451.606	1104622.899	2670.5449	2628450.577	1104622.966	2670.1699	1.097248832400643	0.1567498332000918
606	2628442.646	1104630.67	2666.2451	2628442.646	1104630.67	2666.2451	0.0	0.0
607	2628427.089	1104662.762	2642.6919	2628426.993	1104664.973	2642.1311	2.2830316773100274	0.326147382472861
608	2628419.439	1104670.181	2637.4299	2628419.439	1104670.181	2637.4299	0.0	0.0
609	2628419.439	1104670.181	2637.4299	2628419.439	1104670.181	2637.4299	0.0	0.0
610	2628397.569	1104723.089	2596.342	2628397.569	1104723.089	2596.342	0.0	0.0
611	2628397.009	1104733.501	2587.8831	2628397.009	1104733.501	2587.8831	0.0	0.0
612	2628397.009	1104733.501	2587.8831	2628397.009	1104733.501	2587.8831	0.0	0.0
613	2628397.009	1104733.501	2587.8831	2628397.009	1104733.501	2587.8831	0.0	0.0
614	2628397.009	1104733.501	2587.8831	2628397.009	1104733.501	2587.8831	0.0	0.0
615	2628397.009	1104733.501	2587.8831	2628397.009	1104733.501	2587.8831	0.0	0.0
616	2628397.009	1104733.501	2587.8831	2628397.009	1104733.501	2587.8831	0.0	0.0
617	2628397.009	1104733.501	2587.8831	2628397.009	1104733.501	2587.8831	0.0	0.0
618	2628367.735	1104925.797	2458.054	2628367.316	1104925.994	2457.8611	0.5015779199402494	0.0716539885628927
630	2628933.653	1104721.39	2801.0249	2628933.653	1104721.39	2801.0249	0.0	0.0
631	2628928.219	1104729.509	2797.603	2628928.219	1104729.509	2797.603	0.0	0.0
632	2628918.066	1104744.928	2788.897	2628919.36	1104742.907	2790.314	2.786891817082349	0.3981274024403355
633	2628907.999	1104748.145	2785.291	2628907.755	1104747.641	2785.4939	0.5955840914021066	0.0850834416288723
634	2628888.5031	1104740.972	2782.731	2628888.386	1104740.337	2783.1799	0.7864150430860225	0.112345006155146
635	2628870.059	1104737.336	2778.5569	2628869.775	1104737.199	2778.394	0.3549104252574257	0.0507014893224893
636	2628846.55	1104726.16	2773.9409	2628845.938	1104724.911	2774.04	1.3944051811658709	0.1992007401665529
637	2628818.9189	1104708.346	2768.2271	2628818.639	1104707.974	2768.5649	0.5751841878571182	0.082169169693874
638	2628800.292	1104707.007	2766.5381	2628800.332	1104706.606	2766.72	0.4421409391354706	0.0631629913050672
646	2628532.876	1104586.559	2714.605	2628533.675	1104587.0	2714.6169	0.9127012706990724	0.1303858958141532
650	2628451.285	1104620.282	2671.281	2628451.642	1104618.978	2671.8779	1.4778885647767923	0.211126937825256
651	2628442.646	1104630.67	2666.2451	2628442.646	1104630.67	2666.2451	0.0	0.0
652	2628427.089	1104662.762	2642.6919	2628427.089	1104662.762	2642.6919	0.0	0.0
653	2628419.439	1104670.181	2637.4299	2628419.439	1104670.181	2637.4299	0.0	0.0
654	2628419.439	1104670.181	2637.4299	2628419.439	1104670.181	2637.4299	0.0	0.0
655	2628397.569	1104723.089	2596.342	2628397.839	1104723.888	2595.6021	1.1219416251279084	0.1602773750182726
656	2628397.009	1104733.501	2587.8831	2628397.009	1104733.501	2587.8831	0.0	0.0
657	2628397.009	1104733.501	2587.8831	2628397.009	1104733.501	2587.8831	0.0	0.0
658	2628397.009	1104733.501	2587.8831	2628397.009	1104733.501	2587.8831	0.0	0.0
659	2628397.009	1104733.501	2587.8831	2628397.009	1104733.501	2587.8831	0.0	0.0
660	2628397.009	1104733.501	2587.8831	2628397.009	1104733.501	2587.8831	0.0	0.0
661	2628397.009	1104733.501	2587.8831	2628397.009	1104733.501	2587.8831	0.0	0.0
662	2628397.009	1104733.501	2587.8831	2628397.009	1104733.501	2587.8831	0.0	0.0
663	2628373.755	1104923.795	2462.929	2628373.755	1104923.795	2462.929	0.0	0.0
675	2628933.653	1104721.39	2801.0249	2628933.653	1104721.39	2801.0249	0.0	0.0
676	2628919.934	1104742.132	2790.7839	2628919.934	1104742.132	2790.7839	0.0	0.0
677	2628919.36	1104742.907	2790.314	2628919.36	1104742.907	2790.314	0.0	0.0
678	2628911.276	1104754.943	2781.6379	2628911.276	1104754.943	2781.6379	0.0	0.0
679	2628899.696	1104762.865	2773.2229	2628899.7271	1104763.149	2772.894	0.4356586048486871	0.0622369435498124
680	2628878.3929	1104750.482	2769.8669	2628877.588	1104750.362	2769.905	0.8146874368864064	0.1163839195552009
681	2628859.6899	1104746.531	2766.7271	2628858.389	1104745.655	2767.062	1.603706587958959	0.2291009411369941
682	2628831.6	1104727.614	2760.6499	2628831.802	1104727.904	2760.592	0.3581290410468657	0.0511612915781236
683	2628810.686	1104723.264	2755.0359	2628810.634	1104723.657	2755.0239	0.3966068581790914	0.056658122597013
692	2628521.661	1104605.005	2699.7109	2628520.965	1104604.09	2699.968	1.1780243671659807	0.1682891953094258
694	2628461.759	1104604.189	2677.7629	2628461.759	1104604.189	2677.7629	0.0	0.0
695	2628449.926	1104622.86	2669.9399	2628449.926	1104622.86	2669.9399	0.0	0.0
696	2628442.646	1104630.67	2666.2451	2628442.646	1104630.67	2666.2451	0.0	0.0
697	2628427.089	1104662.762	2642.6919	2628427.089	1104662.762	2642.6919	0.0	0.0
698	2628419.439	1104670.181	2637.4299	2628419.439	1104670.181	2637.4299	0.0	0.0
699	2628419.439	1104670.181	2637.4299	2628419.439	1104670.181	2637.4299	0.0	0.0
700	2628397.839	1104723.888	2595.6021	2628397.839	1104723.888	2595.6021	0.0	0.0
701	2628397.009	1104733.501	2587.8831	2628397.009	1104733.501	2587.8831	0.0	0.0
702	2628397.009	1104733.501	2587.8831	2628397.009	1104733.501	2587.8831	0.0	0.0
703	2628397.009	1104733.501	2587.8831	2628397.009	1104733.501	2587.8831	0.0	0.0
704	2628397.009	1104733.501	2587.8831	2628397.009	1104733.501	2587.8831	0.0	0.0
705	2628397.009	1104733.501	2587.8831	2628397.009	1104733.501	2587.8831	0.0	0.0
706	2628397.009	1104733.501	2587.8831	2628397.009	1104733.501	2587.8831	0.0	0.0
707	2628397.009	1104733.501	2587.8831	2628397.009	1104733.501	2587.8831	0.0	0.0
708	2628373.755	1104923.795	2462.929	2628373.755	1104923.795	2462.929	0.0	0.0
720	2628933.653	1104721.39	2801.0249	2628933.653	1104721.39	2801.0249	0.0	0.0
721	2628919.934	1104742.132	2790.7839	2628919.934	1104742.132	2790.7839	0.0	0.0
722	2628919.36	1104742.907	2790.314	2628919.36	1104742.907	2790.314	0.0	0.0
723	2628910.819	1104755.868	2780.8401	2628910.844	1104755.727	2780.9131	0.1607326973976481	0.0229618139139497
724	2628902.702	1104768.115	2771.7981	2628902.652	1104768.249	2771.676	0.1880542742107097	0.0268648963158156
725	2628889.514	1104768.779	2762.8411	2628889.353	1104768.816	2762.7781	0.1768021491714921	0.0252574498816417
726	2628866.98	1104758.574	2756.7749	2628867.327	1104758.862	2756.8291	0.4541922940928005	0.0648846134418286
727	2628844.161	1104749.697	2752.688	2628843.793	1104748.889	2752.9741	0.9328135986238908	0.1332590855176986
729	2628798.731	1104732.005	2742.3301	2628798.684	1104731.739	2742.585	0.3714014134768462	0.0530573447824066
730	2628779.198	1104730.722	2739.3091	2628777.7581	1104728.957	2739.2241	2.2794214198887257	0.3256316314126751
738	2628516.296	1104631.996	2682.5449	2628516.845	1104632.619	2682.1631	0.9139481604599772	0.1305640229228538
739	2628484.723	1104630.257	2678.0371	2628484.838	1104630.696	2677.8301	0.49879354442064	0.07125622063152
740	2628450.577	1104622.966	2670.1699	2628449.926	1104622.86	2669.9399	0.6985248743413546	0.0997892677630506
741	2628442.646	1104630.67	2666.2451	2628442.646	1104630.67	2666.2451	0.0	0.0
742	2628427.089	1104662.762	2642.6919	2628427.089	1104662.762	2642.6919	0.0	0.0
743	2628419.439	1104670.181	2637.4299	2628419.439	1104670.181	2637.4299	0.0	0.0
744	2628419.439	1104670.181	2637.4299	2628419.439	1104670.181	2637.4299	0.0	0.0
745	2628399.492	1104728.371	2591.7991	2628399.492	1104728.371	2591.7991	0.0	0.0
746	2628397.009	1104733.501	2587.8831	2628397.009	1104733.501	2587.8831	0.0	0.0
747	2628397.009	1104733.501	2587.8831	2628397.009	1104733.501	2587.8831	0.0	0.0
748	2628397.009	1104733.501	2587.8831	2628397.009	1104733.501	2587.8831	0.0	0.0
749	2628397.009	1104733.501	2587.8831	2628397.009	1104733.501	2587.8831	0.0	0.0
750	2628397.009	1104733.501	2587.8831	2628397.009	1104733.501	2587.8831	0.0	0.0
751	2628397.009	1104733.501	2587.8831	2628397.009	1104733.501	2587.8831	0.0	0.0
752	2628397.009	1104733.501	2587.8831	2628397.009	1104733.501	2587.8831	0.0	0.0
753	2628373.755	1104923.795	2462.929	2628373.755	1104923.795	2462.929	0.0	0.0
765	2628919.934	1104742.132	2790.7839	2628919.934	1104742.132	2790.7839	0.0	0.0
766	2628919.934	1104742.132	2790.7839	2628919.934	1104742.132	2790.7839	0.0	0.0
767	2628919.36	1104742.907	2790.314	2628919.36	1104742.907	2790.314	0.0	0.0
768	2628910.844	1104755.727	2780.9131	2628910.819	1104755.868	2780.8401	0.1607326973976481	0.0229618139139497
769	2628903.212	1104767.3	2772.3889	2628903.179	1104767.432	2772.3159	0.1544085489335127	0.0220583641333589
770	2628892.024	1104784.272	2755.291	2628892.024	1104784.272	2755.291	0.0	0.0
771	2628879.708	1104778.082	2751.4839	2628879.572	1104777.736	2751.53	0.374616083366377	0.0535165833380538
772	2628855.51	1104767.498	2744.27	2628854.9041	1104766.821	2744.1379	0.9180927075704244	0.1311561010814891
773	2628834.661	1104760.456	2739.908	2628835.057	1104760.3	2739.938	0.426675520895912	0.0609536458422731
775	2628789.682	1104745.882	2730.6399	2628789.682	1104745.882	2730.6399	0.0	0.0
776	2628764.72	1104738.567	2726.3459	2628764.645	1104738.998	2725.6011	0.8637783511481685	0.1233969073068812
784	2628503.472	1104649.713	2668.7561	2628503.665	1104650.456	2668.0969	1.0118510957712503	0.14455015653875
785	2628478.033	1104653.989	2663.7041	2628478.8	1104654.883	2663.448	1.205451039955099	0.172207291422157
786	2628441.319	1104644.385	2657.7109	2628441.3521	1104643.907	2658.0139	0.5669114658311388	0.0809873522615912
787	2628428.046	1104663.164	2643.2561	2628425.335	1104659.413	2642.979	4.636410940794243	0.6623444201134633
788	2628419.439	1104670.181	2637.4299	2628419.439	1104670.181	2637.4299	0.0	0.0
789	2628419.439	1104670.181	2637.4299	2628419.439	1104670.181	2637.4299	0.0	0.0
790	2628399.423	1104728.827	2591.457	2628399.423	1104728.827	2591.457	0.0	0.0
791	2628397.009	1104733.501	2587.8831	2628397.009	1104733.501	2587.8831	0.0	0.0
792	2628397.009	1104733.501	2587.8831	2628397.009	1104733.501	2587.8831	0.0	0.0
793	2628397.009	1104733.501	2587.8831	2628397.009	1104733.501	2587.8831	0.0	0.0
794	2628397.009	1104733.501	2587.8831	2628397.009	1104733.501	2587.8831	0.0	0.0
795	2628397.009	1104733.501	2587.8831	2628397.009	1104733.501	2587.8831	0.0	0.0
796	2628397.009	1104733.501	2587.8831	2628397.009	1104733.501	2587.8831	0.0	0.0
797	2628397.009	1104733.501	2587.8831	2628397.009	1104733.501	2587.8831	0.0	0.0
798	2628373.755	1104923.795	2462.929	2628367.735	1104925.797	2458.054	8.000876764493041	1.1429823949275772
810	2628919.934	1104742.132	2790.7839	2628919.934	1104742.132	2790.7839	0.0	0.0
811	2628919.934	1104742.132	2790.7839	2628919.934	1104742.132	2790.7839	0.0	0.0
812	2628919.36	1104742.907	2790.314	2628919.36	1104742.907	2790.314	0.0	0.0
813	2628911.276	1104754.943	2781.6379	2628911.276	1104754.943	2781.6379	0.0	0.0
814	2628903.212	1104767.3	2772.3889	2628903.53	1104766.87	2773.0149	0.8233468284539847	0.1176209754934263
815	2628895.259	1104779.34	2760.2939	2628895.259	1104779.34	2760.2939	0.0	0.0
816	2628886.556	1104792.567	2749.3889	2628887.005	1104791.488	2749.9541	1.2981883685850777	0.1854554812264396
817	2628872.981	1104795.631	2739.749	2628874.395	1104797.881	2740.4089	2.7381314814380167	0.3911616402054309
819	2628824.53	1104771.323	2728.2329	2628824.4709	1104771.11	2728.354	0.2520456703900153	0.0360065243414307
822	2628751.524	1104748.964	2711.575	2628751.14	1104748.373	2712.1179	0.8896501616242753	0.1270928802320393
830	2628500.167	1104673.638	2654.355	2628500.3669	1104674.041	2654.1069	0.5137339972223604	0.0733905710317657
831	2628471.14	1104678.319	2652.345	2628470.593	1104678.283	2652.3811	0.5493707402712248	0.0784815343244606
832	2628405.739	1104641.099	2632.844	2628435.3459	1104671.943	2643.29	44.01181409137006	6.2874020130528665
833	2628417.103	1104684.822	2630.866	2628417.103	1104684.822	2630.866	0.0	0.0
834	2628405.662	1104703.634	2617.229	2628405.291	1104703.763	2617.1509	0.4004767282226661	0.0572109611746666
835	2628399.423	1104728.827	2591.457	2628399.423	1104728.827	2591.457	0.0	0.0
836	2628397.009	1104733.501	2587.8831	2628397.009	1104733.501	2587.8831	0.0	0.0
837	2628397.009	1104733.501	2587.8831	2628397.009	1104733.501	2587.8831	0.0	0.0
838	2628397.009	1104733.501	2587.8831	2628397.009	1104733.501	2587.8831	0.0	0.0
839	2628397.009	1104733.501	2587.8831	2628397.009	1104733.501	2587.8831	0.0	0.0
840	2628397.009	1104733.501	2587.8831	2628397.009	1104733.501	2587.8831	0.0	0.0
841	2628397.009	1104733.501	2587.8831	2628397.009	1104733.501	2587.8831	0.0	0.0
842	2628397.009	1104733.501	2587.8831	2628397.009	1104733.501	2587.8831	0.0	0.0
843	2628373.755	1104923.795	2462.929	2628373.755	1104923.795	2462.929	0.0	0.0
855	2628919.934	1104742.132	2790.7839	2628919.934	1104742.132	2790.7839	0.0	0.0
856	2628919.934	1104742.132	2790.7839	2628919.934	1104742.132	2790.7839	0.0	0.0
857	2628919.36	1104742.907	2790.314	2628919.36	1104742.907	2790.314	0.0	0.0
858	2628911.333	1104755.088	2781.334	2628911.027	1104755.516	2781.062	0.5922870927726318	0.0846124418246616
859	2628903.082	1104767.526	2772.217	2628903.082	1104767.526	2772.217	0.0	0.0
860	2628894.8781	1104779.99	2759.6431	2628894.8781	1104779.99	2759.6431	0.0	0.0
861	2628886.556	1104792.567	2749.3889	2628886.556	1104792.567	2749.3889	0.0	0.0
862	2628875.307	1104809.465	2737.2881	2628875.307	1104809.465	2737.2881	0.0	0.0
863	2628870.094	1104817.28	2732.6709	2628870.056	1104817.473	2732.573	0.2197212097223295	0.031388744246047
868	2628746.332	1104769.217	2699.4529	2628745.618	1104767.896	2699.7209	1.525339634379189	0.2179056620541698
869	2628725.092	1104767.775	2695.1631	2628725.66	1104768.058	2694.8779	0.6957384853498229	0.0993912121928318
876	2628491.681	1104697.022	2640.8379	2628491.681	1104697.022	2640.8379	0.0	0.0
877	2628458.646	1104698.677	2636.4561	2628458.922	1104699.5	2636.0339	0.9652760433846034	0.1378965776263719
878	2628428.64	1104695.455	2626.989	2628428.991	1104695.829	2626.897	0.5210959601944374	0.0744422800277767
879	2628404.913	1104704.048	2617.0	2628404.913	1104704.048	2617.0	0.0	0.0
880	2628410.153	1104693.826	2622.864	2628410.153	1104693.826	2622.864	0.0	0.0
881	2628397.009	1104733.501	2587.8831	2628397.009	1104733.501	2587.8831	0.0	0.0
882	2628397.009	1104733.501	2587.8831	2628397.009	1104733.501	2587.8831	0.0	0.0
883	2628397.009	1104733.501	2587.8831	2628397.009	1104733.501	2587.8831	0.0	0.0
884	2628397.009	1104733.501	2587.8831	2628397.009	1104733.501	2587.8831	0.0	0.0
885	2628397.009	1104733.501	2587.8831	2628397.009	1104733.501	2587.8831	0.0	0.0
886	2628397.009	1104733.501	2587.8831	2628397.009	1104733.501	2587.8831	0.0	0.0
887	2628397.009	1104733.501	2587.8831	2628397.009	1104733.501	2587.8831	0.0	0.0
888	2628373.755	1104923.795	2462.929	2628373.755	1104923.795	2462.929	0.0	0.0
900	2628919.934	1104742.132	2790.7839	2628919.934	1104742.132	2790.7839	0.0	0.0
901	2628919.934	1104742.132	2790.7839	2628919.934	1104742.132	2790.7839	0.0	0.0
902	2628919.36	1104742.907	2790.314	2628919.36	1104742.907	2790.314	0.0	0.0
903	2628911.276	1104754.943	2781.6379	2628911.276	1104754.943	2781.6379	0.0	0.0
904	2628903.53	1104766.87	2773.0149	2628903.53	1104766.87	2773.0149	0.0	0.0
905	2628894.8781	1104779.99	2759.6431	2628894.675	1104779.909	2759.554	0.2361131508791929	0.0337304501255989
906	2628886.2111	1104793.076	2749.2271	2628886.556	1104792.567	2749.3889	0.635780032542601	0.0908257189346572
907	2628875.307	1104809.465	2737.2881	2628875.307	1104809.465	2737.2881	0.0	0.0
908	2628863.7581	1104826.993	2721.531	2628863.7581	1104826.993	2721.531	0.0	0.0
909	2628860.01	1104826.583	2719.3669	2628859.832	1104826.847	2719.1211	0.4022407735739153	0.0574629676534164
914	2628735.73	1104784.263	2687.355	2628736.155	1104784.035	2687.4829	0.4989663414460166	0.0712809059208595
922	2628485.153	1104720.433	2626.0959	2628485.49	1104720.289	2626.124	0.3675521869803024	0.0525074552829003
923	2628451.95	1104718.709	2619.572	2628451.95	1104718.709	2619.572	0.0	0.0
924	2628413.066	1104712.214	2610.1641	2628412.853	1104712.08	2610.5029	0.4220313257967955	0.0602901893995422
925	2628398.098	1104713.197	2607.845	2628397.593	1104713.24	2607.606	0.5603525679094246	0.0800503668442035
926	2628397.009	1104733.501	2587.8831	2628397.009	1104733.501	2587.8831	0.0	0.0
927	2628397.009	1104733.501	2587.8831	2628397.009	1104733.501	2587.8831	0.0	0.0
928	2628397.617	1104771.839	2564.644	2628397.617	1104771.839	2564.644	0.0	0.0
929	2628397.009	1104733.501	2587.8831	2628397.009	1104733.501	2587.8831	0.0	0.0
930	2628397.009	1104733.501	2587.8831	2628397.009	1104733.501	2587.8831	0.0	0.0
931	2628397.009	1104733.501	2587.8831	2628397.009	1104733.501	2587.8831	0.0	0.0
932	2628397.009	1104733.501	2587.8831	2628397.009	1104733.501	2587.8831	0.0	0.0
933	2628373.755	1104923.795	2462.929	2628373.755	1104923.795	2462.929	0.0	0.0
945	2628919.934	1104742.132	2790.7839	2628919.934	1104742.132	2790.7839	0.0	0.0
946	2628919.934	1104742.132	2790.7839	2628919.934	1104742.132	2790.7839	0.0	0.0
947	2628919.36	1104742.907	2790.314	2628919.36	1104742.907	2790.314	0.0	0.0
948	2628911.027	1104755.516	2781.062	2628911.333	1104755.088	2781.334	0.5922870927726318	0.0846124418246616
949	2628903.212	1104767.3	2772.3889	2628903.179	1104767.432	2772.3159	0.1544085489335127	0.0220583641333589
950	2628895.007	1104779.635	2759.9241	2628895.007	1104779.635	2759.9241	0.0	0.0
951	2628886.931	1104791.909	2749.832	2628886.911	1104791.989	2749.7461	0.1190748084721217	0.0170106869245888
952	2628875.307	1104809.465	2737.2881	2628875.307	1104809.465	2737.2881	0.0	0.0
953	2628870.094	1104817.28	2732.6709	2628870.094	1104817.28	2732.6709	0.0	0.0
954	2628854.4	1104837.763	2710.4399	2628854.4	1104837.763	2710.4399	0.0	0.0
955	2628848.163	1104832.355	2707.179	2628849.3831	1104834.712	2707.9351	2.7596703100996582	0.3942386157285226
960	2628730.111	1104801.537	2676.2949	2628730.8149	1104801.958	2676.22	0.823605621756294	0.1176579459651848
961	2628709.865	1104802.912	2671.7571	2628709.865	1104802.912	2671.7571	0.0	0.0
968	2628468.386	1104735.248	2608.8459	2628468.6591	1104735.533	2608.6311	0.4493858587188271	0.0641979798169753
969	2628445.212	1104740.917	2605.0769	2628444.906	1104740.634	2605.2549	0.4532206965890616	0.0647458137984373
970	2628397.745	1104725.296	2593.3201	2628398.479	1104725.471	2593.6721	0.8326373757541038	0.1189481965363005
971	2628397.009	1104733.501	2587.8831	2628397.009	1104733.501	2587.8831	0.0	0.0
972	2628397.617	1104771.839	2564.644	2628397.617	1104771.839	2564.644	0.0	0.0
973	2628397.617	1104771.839	2564.644	2628397.617	1104771.839	2564.644	0.0	0.0
976	2628397.009	1104733.501	2587.8831	2628397.009	1104733.501	2587.8831	0.0	0.0
978	2628373.755	1104923.795	2462.929	2628373.755	1104923.795	2462.929	0.0	0.0
990	2628933.653	1104721.39	2801.0249	2628933.653	1104721.39	2801.0249	0.0	0.0
991	2628928.629	1104728.996	2798.0959	2628928.442	1104729.155	2797.9961	0.2649717723433176	0.0378531103347596
992	2628919.36	1104742.907	2790.314	2628919.36	1104742.907	2790.314	0.0	0.0
993	2628911.276	1104754.943	2781.6379	2628911.276	1104754.943	2781.6379	0.0	0.0
994	2628902.785	1104767.962	2771.9939	2628902.958	1104767.725	2772.1179	0.3185498390621645	0.0455071198660235
995	2628895.141	1104779.591	2760.0359	2628895.259	1104779.34	2760.2939	0.3787994192504056	0.0541142027500579
996	2628886.556	1104792.567	2749.3889	2628886.911	1104791.989	2749.7461	0.7666164881888683	0.1095166411698383
997	2628875.307	1104809.465	2737.2881	2628875.307	1104809.465	2737.2881	0.0	0.0
998	2628854.4	1104837.763	2710.4399	2628854.4	1104837.763	2710.4399	0.0	0.0
999	2628854.4	1104837.763	2710.4399	2628854.4	1104837.763	2710.4399	0.0	0.0
1000	2628851.4771	1104840.295	2707.843	2628852.176	1104841.122	2708.197	1.139169087690227	0.1627384410986038
1001	2628840.7159	1104847.65	2697.4331	2628841.0389	1104847.758	2697.7549	0.468559750629496	0.0669371072327851
1006	2628721.7321	1104817.135	2664.509	2628722.989	1104817.328	2664.6731	1.2821760486719758	0.1831680069531394
1014	2628459.738	1104755.788	2594.957	2628460.1331	1104755.632	2595.072	0.4400738690671368	0.0628676955810195
1015	2628429.941	1104757.022	2589.2561	2628429.287	1104756.97	2589.321	0.6592662664973788	0.0941808952139112
1016	2628402.126	1104759.549	2577.377	2628402.024	1104758.957	2577.533	0.6206480485771145	0.0886640069395877
1017	2628397.617	1104771.839	2564.644	2628397.617	1104771.839	2564.644	0.0	0.0
1018	2628397.617	1104771.839	2564.644	2628397.617	1104771.839	2564.644	0.0	0.0
1021	2628400.313	1104893.338	2495.519	2628400.313	1104893.338	2495.519	0.0	0.0
1022	2628390.671	1104891.002	2490.071	2628390.671	1104891.002	2490.071	0.0	0.0
1023	2628390.671	1104891.002	2490.071	2628390.671	1104891.002	2490.071	0.0	0.0
1024	2628390.671	1104891.002	2490.071	2628390.671	1104891.002	2490.071	0.0	0.0
1035	2628933.653	1104721.39	2801.0249	2628933.653	1104721.39	2801.0249	0.0	0.0
1036	2628928.7321	1104728.746	2798.1941	2628928.782	1104728.725	2798.2681	0.09168974858835	0.0130985355126214
1037	2628919.36	1104742.907	2790.314	2628919.36	1104742.907	2790.314	0.0	0.0
1038	2628911.276	1104754.943	2781.6379	2628911.276	1104754.943	2781.6379	0.0	0.0
1039	2628903.649	1104766.732	2773.1509	2628903.649	1104766.732	2773.1509	0.0	0.0
1040	2628895.141	1104779.591	2760.0359	2628895.184	1104779.484	2760.134	0.1513988441891824	0.0216284063127403
1041	2628854.4	1104837.763	2710.4399	2628854.4	1104837.763	2710.4399	0.0	0.0
1042	2628854.4	1104837.763	2710.4399	2628854.4	1104837.763	2710.4399	0.0	0.0
1043	2628854.4	1104837.763	2710.4399	2628854.4	1104837.763	2710.4399	0.0	0.0
1044	2628854.4	1104837.763	2710.4399	2628854.4	1104837.763	2710.4399	0.0	0.0
1045	2628851.625	1104841.463	2707.738	2628851.625	1104841.463	2707.738	0.0	0.0
1046	2628841.1331	1104847.517	2697.927	2628841.1331	1104847.517	2697.927	0.0	0.0
1047	2628834.3051	1104863.705	2691.0879	2628834.3051	1104863.705	2691.0879	0.0	0.0
1052	2628712.243	1104831.551	2650.812	2628712.74	1104832.132	2650.8081	0.7645817225407875	0.1092259603629696
1053	2628691.348	1104831.87	2646.2009	2628691.483	1104831.601	2646.4351	0.3813602496156394	0.054480035659377
1060	2628442.812	1104770.472	2578.6101	2628442.333	1104770.652	2578.457	0.5341166631005407	0.0763023804429343
1061	2628418.301	1104775.868	2569.7019	2628418.301	1104775.868	2569.7019	0.0	0.0
1062	2628397.617	1104771.839	2564.644	2628397.617	1104771.839	2564.644	0.0	0.0
1063	2628397.617	1104771.839	2564.644	2628397.617	1104771.839	2564.644	0.0	0.0
1066	2628396.593	1104770.042	2565.615	2628396.593	1104770.042	2565.615	0.0	0.0
1067	2628390.671	1104891.002	2490.071	2628390.671	1104891.002	2490.071	0.0	0.0
1068	2628390.671	1104891.002	2490.071	2628390.671	1104891.002	2490.071	0.0	0.0
1069	2628390.671	1104891.002	2490.071	2628390.671	1104891.002	2490.071	0.0	0.0
1080	2628933.653	1104721.39	2801.0249	2628933.653	1104721.39	2801.0249	0.0	0.0
1081	2628928.092	1104729.769	2797.407	2628928.092	1104729.769	2797.407	0.0	0.0
1082	2628919.36	1104742.907	2790.314	2628919.36	1104742.907	2790.314	0.0	0.0
1083	2628910.623	1104755.924	2780.887	2628910.623	1104755.924	2780.887	0.0	0.0
1084	2628854.4	1104837.763	2710.4399	2628854.4	1104837.763	2710.4399	0.0	0.0
1085	2628854.4	1104837.763	2710.4399	2628854.4	1104837.763	2710.4399	0.0	0.0
1086	2628854.4	1104837.763	2710.4399	2628854.4	1104837.763	2710.4399	0.0	0.0
1087	2628854.4	1104837.763	2710.4399	2628854.4	1104837.763	2710.4399	0.0	0.0
1088	2628854.4	1104837.763	2710.4399	2628854.4	1104837.763	2710.4399	0.0	0.0
1089	2628854.4	1104837.763	2710.4399	2628854.4	1104837.763	2710.4399	0.0	0.0
1090	2628851.954	1104841.137	2708.0591	2628851.679	1104841.121	2707.8601	0.3398264262101635	0.0485466323157376
1091	2628838.908	1104845.947	2696.623	2628840.7159	1104847.65	2697.4331	2.6124650086164056	0.3732092869452008
1094	2628814.809	1104885.643	2673.822	2628816.7371	1104888.056	2675.002	3.3064389622927406	0.4723484231846772
1098	2628699.965	1104844.606	2638.272	2628700.417	1104844.758	2638.229	0.478807894718076	0.068401127816868
1099	2628680.881	1104845.776	2633.248	2628680.856	1104845.431	2633.3931	0.3751053318415862	0.0535864759773694
1106	2628440.7111	1104793.808	2564.814	2628440.963	1104794.043	2564.6221	0.3943402338897402	0.0563343191271057
1107	2628387.269	1104777.581	2547.344	2628388.15	1104777.851	2547.552	0.9446295570762056	0.134947079582315
1108	2628387.269	1104777.581	2547.344	2628387.269	1104777.581	2547.344	0.0	0.0
1111	2628395.053	1104891.663	2492.647	2628395.053	1104891.663	2492.647	0.0	0.0
1112	2628390.671	1104891.002	2490.071	2628390.671	1104891.002	2490.071	0.0	0.0
1113	2628390.671	1104891.002	2490.071	2628390.671	1104891.002	2490.071	0.0	0.0
1114	2628390.671	1104891.002	2490.071	2628390.671	1104891.002	2490.071	0.0	0.0
1125	2628933.653	1104721.39	2801.0249	2628933.653	1104721.39	2801.0249	0.0	0.0
1126	2628928.442	1104729.155	2797.9961	2628928.532	1104729.089	2798.0339	0.1178339512672895	0.0168334216096127
1127	2628854.4	1104837.763	2710.4399	2628854.4	1104837.763	2710.4399	0.0	0.0
1128	2628854.4	1104837.763	2710.4399	2628854.4	1104837.763	2710.4399	0.0	0.0
1129	2628854.4	1104837.763	2710.4399	2628854.4	1104837.763	2710.4399	0.0	0.0
1130	2628854.4	1104837.763	2710.4399	2628854.4	1104837.763	2710.4399	0.0	0.0
1131	2628854.4	1104837.763	2710.4399	2628854.4	1104837.763	2710.4399	0.0	0.0
1132	2628854.4	1104837.763	2710.4399	2628854.4	1104837.763	2710.4399	0.0	0.0
1133	2628854.4	1104837.763	2710.4399	2628854.4	1104837.763	2710.4399	0.0	0.0
1134	2628854.4	1104837.763	2710.4399	2628854.4	1104837.763	2710.4399	0.0	0.0
1135	2628851.4771	1104840.295	2707.843	2628851.551	1104840.004	2707.9409	0.3157952184723871	0.0451136026389124
1139	2628815.298	1104888.582	2673.176	2628815.298	1104888.582	2673.176	0.0	0.0
1140	2628799.656	1104890.365	2660.7939	2628799.361	1104889.847	2660.8621	0.6000001998973699	0.0857143142710528
1144	2628690.575	1104858.106	2626.907	2628690.9659	1104857.83	2626.7529	0.5027182311289741	0.071816890161282
1145	2628665.793	1104856.036	2619.429	2628665.338	1104855.46	2619.519	0.7395275520242149	0.1056467931463164
1146	2628641.099	1104853.82	2612.4399	2628641.33	1104854.134	2612.2981	0.4148062681243802	0.0592580383034828
1151	2628460.97	1104812.798	2557.5901	2628460.97	1104812.798	2557.5901	0.0	0.0
1152	2628430.934	1104815.222	2550.301	2628432.093	1104815.779	2549.9021	1.3463473585961276	0.1923353369423039
1156	2628400.313	1104893.338	2495.519	2628400.313	1104893.338	2495.519	0.0	0.0
1157	2628390.671	1104891.002	2490.071	2628390.671	1104891.002	2490.071	0.0	0.0
1158	2628390.671	1104891.002	2490.071	2628390.671	1104891.002	2490.071	0.0	0.0
1159	2628390.671	1104891.002	2490.071	2628390.671	1104891.002	2490.071	0.0	0.0
1170	2628932.5129	1104722.419	2800.6831	2628932.5129	1104722.419	2800.6831	0.0	0.0
1171	2628854.4	1104837.763	2710.4399	2628854.4	1104837.763	2710.4399	0.0	0.0
1172	2628854.4	1104837.763	2710.4399	2628854.4	1104837.763	2710.4399	0.0	0.0
1173	2628854.4	1104837.763	2710.4399	2628854.4	1104837.763	2710.4399	0.0	0.0
1174	2628854.4	1104837.763	2710.4399	2628854.4	1104837.763	2710.4399	0.0	0.0
1175	2628854.4	1104837.763	2710.4399	2628854.4	1104837.763	2710.4399	0.0	0.0
1176	2628854.4	1104837.763	2710.4399	2628854.4	1104837.763	2710.4399	0.0	0.0
1177	2628854.4	1104837.763	2710.4399	2628854.4	1104837.763	2710.4399	0.0	0.0
1178	2628854.4	1104837.763	2710.4399	2628854.4	1104837.763	2710.4399	0.0	0.0
1179	2628854.4	1104837.763	2710.4399	2628854.4	1104837.763	2710.4399	0.0	0.0
1184	2628809.6689	1104908.719	2658.116	2628809.6689	1104908.719	2658.116	0.0	0.0
1185	2628809.6689	1104908.719	2658.116	2628810.2419	1104907.786	2659.196	1.5379265261268578	0.2197037894466939
1186	2628789.608	1104899.378	2647.8811	2628788.307	1104898.056	2647.3469	1.930195492624991	0.2757422132321415
1187	2628768.046	1104897.094	2640.7119	2628767.505	1104896.777	2640.1179	0.8637163887769994	0.1233880555395713
1190	2628685.004	1104874.189	2614.012	2628684.738	1104873.911	2614.386	0.5365780466242832	0.0766540066606118
1191	2628657.913	1104870.742	2605.998	2628657.651	1104870.663	2606.3979	0.4845668272562922	0.0692238324651846
1192	2628634.623	1104870.836	2599.9751	2628634.715	1104871.029	2599.8911	0.2297150409216543	0.0328164344173791
1197	2628449.261	1104832.889	2542.45	2628449.048	1104832.721	2542.6179	0.3190351234843007	0.0455764462120429
1198	2628405.63	1104823.147	2529.1951	2628405.562	1104822.666	2529.3401	0.5069615371364056	0.0724230767337722
1203	2628390.671	1104891.002	2490.071	2628390.671	1104891.002	2490.071	0.0	0.0
1204	2628390.671	1104891.002	2490.071	2628390.671	1104891.002	2490.071	0.0	0.0
1215	2628933.653	1104721.39	2801.0249	2628933.653	1104721.39	2801.0249	0.0	0.0
1216	2628854.4	1104837.763	2710.4399	2628854.4	1104837.763	2710.4399	0.0	0.0
1217	2628854.4	1104837.763	2710.4399	2628854.4	1104837.763	2710.4399	0.0	0.0
1218	2628854.4	1104837.763	2710.4399	2628854.4	1104837.763	2710.4399	0.0	0.0
1219	2628854.4	1104837.763	2710.4399	2628854.4	1104837.763	2710.4399	0.0	0.0
1220	2628854.4	1104837.763	2710.4399	2628854.4	1104837.763	2710.4399	0.0	0.0
1221	2628854.4	1104837.763	2710.4399	2628854.4	1104837.763	2710.4399	0.0	0.0
1222	2628854.4	1104837.763	2710.4399	2628854.4	1104837.763	2710.4399	0.0	0.0
1223	2628854.4	1104837.763	2710.4399	2628854.4	1104837.763	2710.4399	0.0	0.0
1229	2628815.298	1104888.582	2673.176	2628815.298	1104888.582	2673.176	0.0	0.0
1230	2628810.2419	1104907.786	2659.196	2628810.2419	1104907.786	2659.196	0.0	0.0
1231	2628802.103	1104920.144	2646.354	2628802.103	1104920.144	2646.354	0.0	0.0
1232	2628774.6021	1104904.634	2632.925	2628774.6021	1104904.634	2632.925	0.0	0.0
1237	2628646.693	1104884.536	2592.4231	2628646.658	1104885.312	2591.6919	1.0667963440878394	0.1523994777268342
1238	2628621.446	1104885.654	2585.6931	2628622.316	1104885.622	2585.8511	0.8848095841492095	0.1264013691641728
1243	2628449.91	1104859.798	2533.8201	2628449.543	1104859.493	2533.8511	0.478199749083079	0.0683142498690112
1244	2628405.549	1104848.09	2517.4341	2628406.527	1104848.752	2517.4729	1.181623222240134	0.1688033174628762
1247	2628390.671	1104891.002	2490.071	2628390.671	1104891.002	2490.071	0.0	0.0
1248	2628390.671	1104891.002	2490.071	2628390.671	1104891.002	2490.071	0.0	0.0
1249	2628390.671	1104891.002	2490.071	2628390.671	1104891.002	2490.071	0.0	0.0
1260	2628854.4	1104837.763	2710.4399	2628854.4	1104837.763	2710.4399	0.0	0.0
1261	2628854.4	1104837.763	2710.4399	2628854.4	1104837.763	2710.4399	0.0	0.0
1262	2628854.4	1104837.763	2710.4399	2628854.4	1104837.763	2710.4399	0.0	0.0
1263	2628854.4	1104837.763	2710.4399	2628854.4	1104837.763	2710.4399	0.0	0.0
1264	2628854.4	1104837.763	2710.4399	2628854.4	1104837.763	2710.4399	0.0	0.0
1265	2628854.4	1104837.763	2710.4399	2628854.4	1104837.763	2710.4399	0.0	0.0
1266	2628854.4	1104837.763	2710.4399	2628854.4	1104837.763	2710.4399	0.0	0.0
1267	2628854.4	1104837.763	2710.4399	2628854.4	1104837.763	2710.4399	0.0	0.0
1268	2628854.4	1104837.763	2710.4399	2628854.4	1104837.763	2710.4399	0.0	0.0
1274	2628815.298	1104888.582	2673.176	2628815.298	1104888.582	2673.176	0.0	0.0
1275	2628799.37	1104922.815	2642.4641	2628799.37	1104922.815	2642.4641	0.0	0.0
1276	2628799.37	1104922.815	2642.4641	2628799.37	1104922.815	2642.4641	0.0	0.0
1277	2628795.204	1104930.541	2636.0891	2628795.204	1104930.541	2636.0891	0.0	0.0
1278	2628772.1	1104925.106	2623.5029	2628771.246	1104924.471	2623.3191	1.0799645552032362	0.1542806507433194
1284	2628614.6219	1104901.952	2572.064	2628615.459	1104902.261	2572.085	0.8925572302971434	0.1275081757567347
1290	2628392.513	1104863.918	2500.814	2628395.522	1104865.532	2502.553	3.831866124998593	0.5474094464283704
1291	2628400.313	1104893.338	2495.519	2628400.313	1104893.338	2495.519	0.0	0.0
1292	2628390.671	1104891.002	2490.071	2628390.671	1104891.002	2490.071	0.0	0.0
1293	2628390.671	1104891.002	2490.071	2628390.671	1104891.002	2490.071	0.0	0.0
1305	2628854.4	1104837.763	2710.4399	2628854.4	1104837.763	2710.4399	0.0	0.0
1306	2628854.4	1104837.763	2710.4399	2628854.4	1104837.763	2710.4399	0.0	0.0
1307	2628854.4	1104837.763	2710.4399	2628854.4	1104837.763	2710.4399	0.0	0.0
1308	2628854.4	1104837.763	2710.4399	2628854.4	1104837.763	2710.4399	0.0	0.0
1309	2628854.4	1104837.763	2710.4399	2628854.4	1104837.763	2710.4399	0.0	0.0
1310	2628854.4	1104837.763	2710.4399	2628854.4	1104837.763	2710.4399	0.0	0.0
1311	2628854.4	1104837.763	2710.4399	2628854.4	1104837.763	2710.4399	0.0	0.0
1312	2628854.4	1104837.763	2710.4399	2628854.4	1104837.763	2710.4399	0.0	0.0
1313	2628854.4	1104837.763	2710.4399	2628854.4	1104837.763	2710.4399	0.0	0.0
1319	2628815.298	1104888.582	2673.176	2628815.298	1104888.582	2673.176	0.0	0.0
1320	2628799.37	1104922.815	2642.4641	2628799.37	1104922.815	2642.4641	0.0	0.0
1321	2628799.37	1104922.815	2642.4641	2628799.37	1104922.815	2642.4641	0.0	0.0
1322	2628795.204	1104930.541	2636.0891	2628795.204	1104930.541	2636.0891	0.0	0.0
1323	2628785.127	1104944.916	2622.812	2628785.127	1104944.916	2622.812	0.0	0.0
1324	2628759.438	1104932.811	2611.2241	2628759.0081	1104932.354	2611.303	0.632367155876971	0.0903381651252815
1330	2628607.674	1104915.78	2561.9761	2628608.3521	1104915.969	2562.0459	0.707398508308669	0.1010569297583812
1335	2628438.2209	1104899.468	2509.0439	2628438.3311	1104899.096	2509.301	0.4654336151941987	0.0664905164563141
1336	2628395.053	1104891.663	2492.647	2628395.053	1104891.663	2492.647	0.0	0.0
1338	2628373.755	1104923.795	2462.929	2628373.755	1104923.795	2462.929	0.0	0.0
1350	2628854.4	1104837.763	2710.4399	2628854.4	1104837.763	2710.4399	0.0	0.0
1351	2628854.4	1104837.763	2710.4399	2628854.4	1104837.763	2710.4399	0.0	0.0
1352	2628854.4	1104837.763	2710.4399	2628854.4	1104837.763	2710.4399	0.0	0.0
1353	2628854.4	1104837.763	2710.4399	2628854.4	1104837.763	2710.4399	0.0	0.0
1354	2628854.4	1104837.763	2710.4399	2628854.4	1104837.763	2710.4399	0.0	0.0
1355	2628854.4	1104837.763	2710.4399	2628854.4	1104837.763	2710.4399	0.0	0.0
1356	2628854.4	1104837.763	2710.4399	2628854.4	1104837.763	2710.4399	0.0	0.0
1357	2628854.4	1104837.763	2710.4399	2628854.4	1104837.763	2710.4399	0.0	0.0
1364	2628815.298	1104888.582	2673.176	2628815.298	1104888.582	2673.176	0.0	0.0
1365	2628799.37	1104922.815	2642.4641	2628799.37	1104922.815	2642.4641	0.0	0.0
1366	2628799.37	1104922.815	2642.4641	2628799.37	1104922.815	2642.4641	0.0	0.0
1367	2628795.204	1104930.541	2636.0891	2628795.204	1104930.541	2636.0891	0.0	0.0
1368	2628785.127	1104944.916	2622.812	2628785.127	1104944.916	2622.812	0.0	0.0
1369	2628778.855	1104955.219	2614.998	2628778.855	1104955.219	2614.998	0.0	0.0
1370	2628755.575	1104949.676	2602.092	2628755.868	1104949.691	2602.3279	0.3764609007164039	0.0537801286737719
1376	2628596.33	1104931.977	2549.4939	2628597.265	1104932.018	2549.689	0.9560177875447	0.1365739696492428
1381	2628427.374	1104917.554	2493.885	2628428.351	1104917.713	2494.1311	1.019987847921647	0.1457125497030924
1383	2628373.755	1104923.795	2462.929	2628373.755	1104923.795	2462.929	0.0	0.0
1395	2628854.4	1104837.763	2710.4399	2628854.4	1104837.763	2710.4399	0.0	0.0
1396	2628854.4	1104837.763	2710.4399	2628854.4	1104837.763	2710.4399	0.0	0.0
1397	2628854.4	1104837.763	2710.4399	2628854.4	1104837.763	2710.4399	0.0	0.0
1398	2628854.4	1104837.763	2710.4399	2628854.4	1104837.763	2710.4399	0.0	0.0
1399	2628854.4	1104837.763	2710.4399	2628854.4	1104837.763	2710.4399	0.0	0.0
1400	2628854.4	1104837.763	2710.4399	2628854.4	1104837.763	2710.4399	0.0	0.0
1401	2628854.4	1104837.763	2710.4399	2628854.4	1104837.763	2710.4399	0.0	0.0
1402	2628854.4	1104837.763	2710.4399	2628854.4	1104837.763	2710.4399	0.0	0.0
1409	2628815.298	1104888.582	2673.176	2628815.298	1104888.582	2673.176	0.0	0.0
1410	2628799.37	1104922.815	2642.4641	2628799.37	1104922.815	2642.4641	0.0	0.0
1411	2628799.37	1104922.815	2642.4641	2628799.37	1104922.815	2642.4641	0.0	0.0
1412	2628795.204	1104930.541	2636.0891	2628795.204	1104930.541	2636.0891	0.0	0.0
1413	2628785.127	1104944.916	2622.812	2628785.127	1104944.916	2622.812	0.0	0.0
1414	2628778.859	1104955.271	2614.9619	2628778.728	1104955.479	2614.8259	0.280928816705403	0.0401326881007718
1415	2628770.632	1104966.971	2606.2839	2628771.042	1104967.073	2606.522	0.4849696998563313	0.0692813856937616
1416	2628745.7581	1104962.178	2589.925	2628745.7581	1104962.178	2589.925	0.0	0.0
1422	2628588.4139	1104948.271	2535.5779	2628588.573	1104948.409	2535.385	0.285599754816029	0.0407999649737184
1427	2628413.825	1104932.263	2478.2671	2628412.851	1104931.297	2478.313	1.3725665050546818	0.1960809292935259
1428	2628367.382	1104924.78	2458.053	2628367.959	1104924.676	2458.4131	0.688053057205047	0.0982932938864352
1438	2628232.674	1105083.348	2325.905	2628232.674	1105083.348	2325.905	0.0	0.0
1440	2628854.4	1104837.763	2710.4399	2628854.4	1104837.763	2710.4399	0.0	0.0
1441	2628854.4	1104837.763	2710.4399	2628854.4	1104837.763	2710.4399	0.0	0.0
1442	2628854.4	1104837.763	2710.4399	2628854.4	1104837.763	2710.4399	0.0	0.0
1443	2628854.4	1104837.763	2710.4399	2628854.4	1104837.763	2710.4399	0.0	0.0
1444	2628854.4	1104837.763	2710.4399	2628854.4	1104837.763	2710.4399	0.0	0.0
1445	2628854.4	1104837.763	2710.4399	2628854.4	1104837.763	2710.4399	0.0	0.0
1446	2628854.4	1104837.763	2710.4399	2628854.4	1104837.763	2710.4399	0.0	0.0
1454	2628815.298	1104888.582	2673.176	2628815.298	1104888.582	2673.176	0.0	0.0
1455	2628810.2419	1104907.786	2659.196	2628810.2419	1104907.786	2659.196	0.0	0.0
1456	2628799.37	1104922.815	2642.4641	2628799.37	1104922.815	2642.4641	0.0	0.0
1457	2628795.204	1104930.541	2636.0891	2628795.204	1104930.541	2636.0891	0.0	0.0
1458	2628780.269	1104951.186	2617.572	2628780.269	1104951.186	2617.572	0.0	0.0
1459	2628778.859	1104955.271	2614.9619	2628778.859	1104955.271	2614.9619	0.0	0.0
1460	2628763.744	1104977.947	2596.0569	2628763.744	1104977.947	2596.0569	0.0	0.0
1461	2628762.739	1104979.614	2593.9099	2628762.739	1104979.614	2593.9099	0.0	0.0
1462	2628738.849	1104975.881	2579.865	2628736.463	1104973.247	2578.8369	3.699721828749788	0.5285316898213983
1468	2628583.952	1104966.493	2526.21	2628584.366	1104966.155	2525.9089	0.6134339490830704	0.0876334212975814
1469	2628557.62	1104968.954	2519.8611	2628557.4449	1104969.269	2519.603	0.443283904681685	0.0633262720973835
1473	2628400.76	1104948.714	2462.8921	2628402.076	1104949.103	2462.8979	1.3723012206721448	0.1960430315245921
1481	2628241.918	1105048.145	2348.521	2628241.614	1105048.745	2348.304	0.7067566767382295	0.1009652395340327
1482	2628236.817	1105065.895	2338.406	2628236.817	1105065.895	2338.406	0.0	0.0
1483	2628232.674	1105083.348	2325.905	2628232.674	1105083.348	2325.905	0.0	0.0
1484	2628223.793	1105109.236	2304.512	2628223.793	1105109.236	2304.512	0.0	0.0
1485	2628854.4	1104837.763	2710.4399	2628854.4	1104837.763	2710.4399	0.0	0.0
1486	2628854.4	1104837.763	2710.4399	2628854.4	1104837.763	2710.4399	0.0	0.0
1487	2628854.4	1104837.763	2710.4399	2628854.4	1104837.763	2710.4399	0.0	0.0
1488	2628854.4	1104837.763	2710.4399	2628854.4	1104837.763	2710.4399	0.0	0.0
1489	2628854.4	1104837.763	2710.4399	2628854.4	1104837.763	2710.4399	0.0	0.0
1490	2628854.4	1104837.763	2710.4399	2628854.4	1104837.763	2710.4399	0.0	0.0
1491	2628854.4	1104837.763	2710.4399	2628854.4	1104837.763	2710.4399	0.0	0.0
1499	2628815.298	1104888.582	2673.176	2628815.298	1104888.582	2673.176	0.0	0.0
1500	2628799.37	1104922.815	2642.4641	2628799.37	1104922.815	2642.4641	0.0	0.0
1501	2628799.37	1104922.815	2642.4641	2628799.37	1104922.815	2642.4641	0.0	0.0
1502	2628795.204	1104930.541	2636.0891	2628795.204	1104930.541	2636.0891	0.0	0.0
1503	2628785.127	1104944.916	2622.812	2628785.127	1104944.916	2622.812	0.0	0.0
1504	2628778.855	1104955.219	2614.998	2628779.0341	1104954.956	2615.22	0.3879817134337535	0.0554259590619647
1505	2628763.744	1104977.947	2596.0569	2628763.744	1104977.947	2596.0569	0.0	0.0
1506	2628757.032	1104988.28	2585.636	2628757.032	1104988.28	2585.636	0.0	0.0
1507	2628752.902	1104994.469	2579.9529	2628752.902	1104994.469	2579.9529	0.0	0.0
1514	2628577.806	1104985.806	2516.676	2628577.995	1104985.646	2516.6899	0.2480205841066827	0.0354315120152403
1515	2628559.262	1104994.761	2510.4221	2628559.46	1104994.886	2510.5229	0.2549306571285115	0.036418665304073
1519	2628386.185	1104965.178	2446.3521	2628385.416	1104964.737	2446.4299	0.8898847340368521	0.1271263905766931
1520	2628352.468	1104966.81	2433.7	2628352.469	1104966.441	2433.925	0.4321886161874255	0.0617412308839179
1525	2628250.751	1105028.256	2355.1101	2628250.751	1105028.256	2355.1101	0.0	0.0
1526	2628241.918	1105048.145	2348.521	2628241.614	1105048.745	2348.304	0.7067566767382295	0.1009652395340327
1527	2628236.817	1105065.895	2338.406	2628236.817	1105065.895	2338.406	0.0	0.0
1528	2628232.674	1105083.348	2325.905	2628232.674	1105083.348	2325.905	0.0	0.0
1529	2628224.215	1105107.883	2305.3821	2628223.871	1105108.156	2305.249	0.458890629728484	0.0655558042469262
1530	2628854.4	1104837.763	2710.4399	2628854.4	1104837.763	2710.4399	0.0	0.0
1531	2628854.4	1104837.763	2710.4399	2628854.4	1104837.763	2710.4399	0.0	0.0
1532	2628854.4	1104837.763	2710.4399	2628854.4	1104837.763	2710.4399	0.0	0.0
1533	2628854.4	1104837.763	2710.4399	2628854.4	1104837.763	2710.4399	0.0	0.0
1534	2628854.4	1104837.763	2710.4399	2628854.4	1104837.763	2710.4399	0.0	0.0
1535	2628854.4	1104837.763	2710.4399	2628854.4	1104837.763	2710.4399	0.0	0.0
1544	2628815.298	1104888.582	2673.176	2628815.298	1104888.582	2673.176	0.0	0.0
1545	2628810.2419	1104907.786	2659.196	2628810.2419	1104907.786	2659.196	0.0	0.0
1546	2628799.37	1104922.815	2642.4641	2628799.37	1104922.815	2642.4641	0.0	0.0
1547	2628794.8781	1104931.049	2635.719	2628795.204	1104930.541	2636.0891	0.7079892797105216	0.1011413256729316
1548	2628780.269	1104951.186	2617.572	2628780.269	1104951.186	2617.572	0.0	0.0
1549	2628779.0341	1104954.956	2615.22	2628779.082	1104954.9	2615.282	0.0963037383632369	0.0137576769090338
1550	2628763.744	1104977.947	2596.0569	2628763.744	1104977.947	2596.0569	0.0	0.0
1551	2628762.0959	1104980.552	2592.915	2628762.199	1104980.432	2593.0381	0.2004575265749761	0.0286367895107108
1552	2628747.616	1105002.507	2572.6851	2628747.616	1105002.507	2572.6851	0.0	0.0
1553	2628744.382	1105007.316	2568.2571	2628744.382	1105007.316	2568.2571	0.0	0.0
1559	2628586.601	1104992.269	2506.9971	2628587.452	1104992.836	2507.0339	1.0232517970752883	0.1461788281536126
1560	2628574.752	1105004.957	2507.5459	2628574.896	1105005.016	2507.2991	0.2917657281226526	0.041680818303236
1561	2628554.657	1105010.953	2500.3621	2628554.566	1105010.906	2500.446	0.1323979229620022	0.0189139889945717
1565	2628372.741	1104980.717	2427.9241	2628373.889	1104980.878	2428.822	1.4663046784786289	0.2094720969255183
1570	2628249.944	1105030.386	2354.532	2628250.921	1105031.735	2354.7041	1.674499450686617	0.2392142072409453
1571	2628241.734	1105049.349	2347.356	2628241.734	1105049.349	2347.356	0.0	0.0
1572	2628236.817	1105065.895	2338.406	2628236.817	1105065.895	2338.406	0.0	0.0
1573	2628234.41	1105085.582	2325.761	2628234.41	1105085.582	2325.761	0.0	0.0
1574	2628223.361	1105110.23	2304.021	2628223.361	1105110.23	2304.021	0.0	0.0
1575	2628854.4	1104837.763	2710.4399	2628854.4	1104837.763	2710.4399	0.0	0.0
1576	2628854.4	1104837.763	2710.4399	2628854.4	1104837.763	2710.4399	0.0	0.0
1577	2628854.4	1104837.763	2710.4399	2628854.4	1104837.763	2710.4399	0.0	0.0
1578	2628854.4	1104837.763	2710.4399	2628854.4	1104837.763	2710.4399	0.0	0.0
1579	2628854.4	1104837.763	2710.4399	2628854.4	1104837.763	2710.4399	0.0	0.0
1580	2628854.4	1104837.763	2710.4399	2628854.4	1104837.763	2710.4399	0.0	0.0
1589	2628815.298	1104888.582	2673.176	2628815.298	1104888.582	2673.176	0.0	0.0
1590	2628799.37	1104922.815	2642.4641	2628799.37	1104922.815	2642.4641	0.0	0.0
1591	2628799.37	1104922.815	2642.4641	2628799.37	1104922.815	2642.4641	0.0	0.0
1592	2628795.204	1104930.541	2636.0891	2628795.204	1104930.541	2636.0891	0.0	0.0
1593	2628785.127	1104944.916	2622.812	2628785.127	1104944.916	2622.812	0.0	0.0
1594	2628779.082	1104954.9	2615.282	2628779.082	1104954.9	2615.282	0.0	0.0
1595	2628763.744	1104977.947	2596.0569	2628763.744	1104977.947	2596.0569	0.0	0.0
1596	2628762.739	1104979.614	2593.9099	2628762.739	1104979.614	2593.9099	0.0	0.0
1597	2628747.616	1105002.507	2572.6851	2628747.616	1105002.507	2572.6851	0.0	0.0
1598	2628745.775	1105005.287	2570.0171	2628745.775	1105005.287	2570.0171	0.0	0.0
1599	2628735.358	1105015.115	2559.02	2628735.358	1105015.115	2559.02	0.0	0.0
1602	2628711.2111	1105052.342	2557.365	2628711.525	1105052.311	2557.6621	0.4333158431978406	0.0619022633139772
1605	2628578.9561	1105009.28	2495.125	2628579.09	1105009.365	2495.019	0.1907621816174587	0.0272517402310655
1606	2628561.9969	1105018.603	2495.5181	2628562.0649	1105018.209	2495.5549	0.4015149310816276	0.0573592758688039
1607	2628545.683	1105025.583	2489.926	2628545.348	1105025.464	2489.936	0.3556487031018754	0.0508069575859822
1615	2628250.073	1105028.778	2354.488	2628250.332	1105028.453	2354.917	0.5972830150023778	0.0853261450003396
1616	2628249.355	1105033.625	2354.8679	2628249.355	1105033.625	2354.8679	0.0	0.0
1617	2628235.667	1105069.478	2335.085	2628235.667	1105069.478	2335.085	0.0	0.0
1618	2628249.355	1105033.625	2354.8679	2628249.355	1105033.625	2354.8679	0.0	0.0
1619	2628223.387	1105109.953	2304.2351	2628223.387	1105109.953	2304.2351	0.0	0.0
1620	2628854.4	1104837.763	2710.4399	2628854.4	1104837.763	2710.4399	0.0	0.0
1621	2628854.4	1104837.763	2710.4399	2628854.4	1104837.763	2710.4399	0.0	0.0
1622	2628854.4	1104837.763	2710.4399	2628854.4	1104837.763	2710.4399	0.0	0.0
1623	2628854.4	1104837.763	2710.4399	2628854.4	1104837.763	2710.4399	0.0	0.0
1624	2628854.4	1104837.763	2710.4399	2628854.4	1104837.763	2710.4399	0.0	0.0
1625	2628854.4	1104837.763	2710.4399	2628854.4	1104837.763	2710.4399	0.0	0.0
1634	2628815.298	1104888.582	2673.176	2628815.298	1104888.582	2673.176	0.0	0.0
1635	2628799.37	1104922.815	2642.4641	2628799.37	1104922.815	2642.4641	0.0	0.0
1636	2628799.37	1104922.815	2642.4641	2628799.37	1104922.815	2642.4641	0.0	0.0
1637	2628795.204	1104930.541	2636.0891	2628795.204	1104930.541	2636.0891	0.0	0.0
1638	2628785.127	1104944.916	2622.812	2628785.127	1104944.916	2622.812	0.0	0.0
1639	2628763.744	1104977.947	2596.0569	2628779.0341	1104954.956	2615.22	33.6094873601538	4.8013553371648285
1640	2628763.744	1104977.947	2596.0569	2628763.744	1104977.947	2596.0569	0.0	0.0
1641	2628761.991	1104980.412	2592.9619	2628762.238	1104980.386	2593.0991	0.2837407971914361	0.0405343995987765
1642	2628754.248	1104992.485	2582.165	2628754.729	1104991.759	2582.731	1.0386496039219633	0.1483785148459947
1643	2628745.613	1105005.437	2569.8811	2628745.613	1105005.437	2569.8811	0.0	0.0
1645	2628722.723	1105024.968	2548.2749	2628722.723	1105024.968	2548.2749	0.0	0.0
1651	2628574.12	1105024.57	2485.6121	2628574.244	1105024.597	2485.5281	0.1521873843635605	0.02174105490908
1652	2628553.903	1105034.099	2480.7439	2628553.428	1105033.876	2479.614	1.2458041620124063	0.1779720231446295
1653	2628534.837	1105041.543	2476.615	2628534.897	1105041.25	2476.782	0.3425463472932397	0.0489351924704628
1660	2628251.0	1105027.177	2355.457	2628250.751	1105028.256	2355.1101	1.1604230307210743	0.1657747186744392
1661	2628242.042	1105048.539	2348.438	2628241.97	1105047.709	2348.771	0.8972028756528522	0.1281718393789788
1662	2628236.817	1105065.895	2338.406	2628236.817	1105065.895	2338.406	0.0	0.0
1663	2628230.368	1105086.962	2321.436	2628230.368	1105086.962	2321.436	0.0	0.0
1664	2628224.613	1105106.068	2306.644	2628224.613	1105106.068	2306.644	0.0	0.0
1665	2628854.4	1104837.763	2710.4399	2628854.4	1104837.763	2710.4399	0.0	0.0
1666	2628854.4	1104837.763	2710.4399	2628854.4	1104837.763	2710.4399	0.0	0.0
1667	2628854.4	1104837.763	2710.4399	2628854.4	1104837.763	2710.4399	0.0	0.0
1668	2628854.4	1104837.763	2710.4399	2628854.4	1104837.763	2710.4399	0.0	0.0
1669	2628854.4	1104837.763	2710.4399	2628854.4	1104837.763	2710.4399	0.0	0.0
1679	2628815.298	1104888.582	2673.176	2628815.298	1104888.582	2673.176	0.0	0.0
1680	2628799.37	1104922.815	2642.4641	2628799.37	1104922.815	2642.4641	0.0	0.0
1681	2628799.37	1104922.815	2642.4641	2628799.37	1104922.815	2642.4641	0.0	0.0
1682	2628794.8781	1104931.049	2635.719	2628795.204	1104930.541	2636.0891	0.7079892797105216	0.1011413256729316
1683	2628785.127	1104944.916	2622.812	2628785.127	1104944.916	2622.812	0.0	0.0
1684	2628763.744	1104977.947	2596.0569	2628763.744	1104977.947	2596.0569	0.0	0.0
1685	2628763.744	1104977.947	2596.0569	2628763.744	1104977.947	2596.0569	0.0	0.0
1686	2628762.0861	1104980.188	2593.134	2628762.358	1104980.135	2593.3081	0.3271840766836217	0.0467405823833745
1687	2628753.292	1104993.211	2580.7981	2628753.369	1104992.955	2580.9451	0.3050803171542411	0.0435829024506058
1688	2628745.743	1105005.324	2569.9919	2628745.613	1105005.437	2569.8811	0.2048063474293529	0.0292580496327647
1697	2628565.069	1105041.422	2472.575	2628566.04	1105041.687	2472.491	1.0100108909103795	0.1442872701300542
1698	2628550.047	1105051.489	2470.438	2628549.478	1105050.832	2470.98	1.0242919504634118	0.1463274214947731
1699	2628525.1071	1105054.603	2463.7549	2628524.806	1105054.081	2464.168	0.7306140020834428	0.1043734288690632
1705	2628260.853	1105035.045	2354.718	2628261.402	1105035.25	2355.0659	0.6815133231611822	0.0973590461658831
1706	2628241.882	1105048.865	2348.2351	2628241.614	1105048.745	2348.304	0.3016143399356797	0.0430877628479542
1707	2628235.667	1105069.478	2335.085	2628235.64	1105069.017	2335.761	0.8186733169522168	0.1169533309931738
1708	2628230.092	1105087.722	2320.6509	2628230.092	1105087.722	2320.6509	0.0	0.0
1709	2628224.613	1105106.068	2306.644	2628224.613	1105106.068	2306.644	0.0	0.0
1710	2628854.4	1104837.763	2710.4399	2628854.4	1104837.763	2710.4399	0.0	0.0
1711	2628854.4	1104837.763	2710.4399	2628854.4	1104837.763	2710.4399	0.0	0.0
1712	2628854.4	1104837.763	2710.4399	2628854.4	1104837.763	2710.4399	0.0	0.0
1713	2628854.4	1104837.763	2710.4399	2628854.4	1104837.763	2710.4399	0.0	0.0
1714	2628854.4	1104837.763	2710.4399	2628854.4	1104837.763	2710.4399	0.0	0.0
1724	2628815.298	1104888.582	2673.176	2628815.298	1104888.582	2673.176	0.0	0.0
1725	2628799.37	1104922.815	2642.4641	2628799.37	1104922.815	2642.4641	0.0	0.0
1726	2628799.37	1104922.815	2642.4641	2628799.37	1104922.815	2642.4641	0.0	0.0
1727	2628795.204	1104930.541	2636.0891	2628795.204	1104930.541	2636.0891	0.0	0.0
1728	2628785.127	1104944.916	2622.812	2628785.127	1104944.916	2622.812	0.0	0.0
1729	2628763.744	1104977.947	2596.0569	2628763.744	1104977.947	2596.0569	0.0	0.0
1730	2628763.744	1104977.947	2596.0569	2628763.744	1104977.947	2596.0569	0.0	0.0
1731	2628762.238	1104980.386	2593.0991	2628762.0861	1104980.188	2593.134	0.2519833723192637	0.0359976246170376
1743	2628558.816	1105057.462	2462.2	2628559.0179	1105057.279	2462.2729	0.282076266080323	0.0402966094400461
1744	2628540.588	1105065.434	2459.606	2628539.6851	1105064.908	2459.8601	1.07539351867817	0.1536276455254528
1745	2628517.932	1105069.686	2451.3391	2628517.463	1105069.096	2451.8101	0.8887643107918699	0.1269663301131242
1748	2628383.165	1105057.183	2395.699	2628382.236	1105057.084	2395.6799	0.9344553547349956	0.1334936221049993
1751	2628255.464	1105056.269	2342.5569	2628256.318	1105056.258	2342.6709	0.8616455185817666	0.1230922169402523
1752	2628236.817	1105065.895	2338.406	2628236.817	1105065.895	2338.406	0.0	0.0
1753	2628229.799	1105088.381	2319.936	2628229.799	1105088.381	2319.936	0.0	0.0
1754	2628224.613	1105106.068	2306.644	2628222.074	1105114.307	2301.7061	9.935315717698051	1.4193308168140075
1755	2628854.4	1104837.763	2710.4399	2628854.4	1104837.763	2710.4399	0.0	0.0
1756	2628854.4	1104837.763	2710.4399	2628854.4	1104837.763	2710.4399	0.0	0.0
1757	2628854.4	1104837.763	2710.4399	2628854.4	1104837.763	2710.4399	0.0	0.0
1758	2628854.4	1104837.763	2710.4399	2628854.4	1104837.763	2710.4399	0.0	0.0
1769	2628815.298	1104888.582	2673.176	2628815.298	1104888.582	2673.176	0.0	0.0
1770	2628799.37	1104922.815	2642.4641	2628799.37	1104922.815	2642.4641	0.0	0.0
1771	2628799.37	1104922.815	2642.4641	2628799.37	1104922.815	2642.4641	0.0	0.0
1772	2628795.057	1104930.785	2635.99	2628795.057	1104930.785	2635.99	0.0	0.0
1773	2628785.127	1104944.916	2622.812	2628785.127	1104944.916	2622.812	0.0	0.0
1774	2628779.0341	1104954.956	2615.22	2628779.082	1104954.9	2615.282	0.0963037383632369	0.0137576769090338
1775	2628763.744	1104977.947	2596.0569	2628763.744	1104977.947	2596.0569	0.0	0.0
1789	2628555.213	1105074.572	2453.9709	2628555.213	1105074.572	2453.9709	0.0	0.0
1790	2628532.999	1105081.052	2448.135	2628533.96	1105081.218	2448.332	0.9949301484577164	0.1421328783511023
1791	2628507.8311	1105084.21	2438.3911	2628507.999	1105083.927	2438.7251	0.4688660895743112	0.0669808699391873
1794	2628377.243	1105072.307	2381.6221	2628377.293	1105071.989	2381.9419	0.4537576886498248	0.0648225269499749
1797	2628247.644	1105075.235	2329.4209	2628247.712	1105074.851	2329.73	0.4976171319960695	0.0710881617137242
1798	2628229.799	1105088.381	2319.936	2628234.41	1105085.582	2325.761	7.938913464760373	1.1341304949657676
1799	2628224.613	1105106.068	2306.644	2628224.613	1105106.068	2306.644	0.0	0.0
1800	2628854.4	1104837.763	2710.4399	2628854.4	1104837.763	2710.4399	0.0	0.0
1801	2628854.4	1104837.763	2710.4399	2628854.4	1104837.763	2710.4399	0.0	0.0
1802	2628854.4	1104837.763	2710.4399	2628854.4	1104837.763	2710.4399	0.0	0.0
1803	2628854.4	1104837.763	2710.4399	2628854.4	1104837.763	2710.4399	0.0	0.0
1814	2628815.298	1104888.582	2673.176	2628815.298	1104888.582	2673.176	0.0	0.0
1815	2628799.37	1104922.815	2642.4641	2628799.37	1104922.815	2642.4641	0.0	0.0
1816	2628799.37	1104922.815	2642.4641	2628799.37	1104922.815	2642.4641	0.0	0.0
1817	2628795.204	1104930.541	2636.0891	2628795.204	1104930.541	2636.0891	0.0	0.0
1818	2628785.127	1104944.916	2622.812	2628785.127	1104944.916	2622.812	0.0	0.0
1820	2628763.744	1104977.947	2596.0569	2628763.744	1104977.947	2596.0569	0.0	0.0
1835	2628547.2531	1105091.781	2443.502	2628547.2531	1105091.781	2443.502	0.0	0.0
1836	2628530.752	1105099.327	2439.0491	2628531.1949	1105099.222	2439.3611	0.5518418343330811	0.0788345477618687
1837	2628498.468	1105099.319	2426.0649	2628499.014	1105098.929	2426.188	0.6821800422306316	0.097454291747233
1838	2628466.886	1105102.442	2413.415	2628467.204	1105102.277	2413.5481	0.3821840001796813	0.054597714311383
1839	2628408.479	1105091.731	2384.4961	2628408.479	1105091.731	2384.4961	0.0	0.0
1840	2628359.595	1105086.743	2363.8259	2628360.012	1105086.914	2363.8411	0.4509556962127206	0.0644222423161029
1842	2628269.676	1105086.2	2325.5591	2628271.106	1105086.371	2325.9141	1.4832956551241006	0.2118993793034429
1843	2628237.838	1105093.858	2314.4199	2628238.441	1105094.113	2314.27	0.6716427696973564	0.0959489670996223
1844	2628224.613	1105106.068	2306.644	2628224.613	1105106.068	2306.644	0.0	0.0
1845	2628854.4	1104837.763	2710.4399	2628854.4	1104837.763	2710.4399	0.0	0.0
1846	2628854.4	1104837.763	2710.4399	2628854.4	1104837.763	2710.4399	0.0	0.0
1847	2628854.4	1104837.763	2710.4399	2628854.4	1104837.763	2710.4399	0.0	0.0
1860	2628799.37	1104922.815	2642.4641	2628799.37	1104922.815	2642.4641	0.0	0.0
1861	2628799.37	1104922.815	2642.4641	2628799.37	1104922.815	2642.4641	0.0	0.0
1881	2628543.978	1105107.014	2433.748	2628543.66	1105107.179	2433.4609	0.4591028316111158	0.0655861188015879
1882	2628526.488	1105115.946	2430.199	2628527.671	1105116.508	2430.6111	1.3730110743785786	0.1961444391969398
1883	2628495.649	1105117.674	2417.188	2628497.145	1105117.778	2417.52	1.53592187281564	0.2194174104022342
1884	2628460.241	1105118.855	2402.531	2628460.241	1105118.855	2402.531	0.0	0.0
1885	2628390.67	1105104.029	2366.7971	2628389.649	1105103.954	2366.741	1.0252868912893505	0.1464695558984786
1888	2628258.951	1105105.478	2310.6211	2628259.559	1105106.027	2310.625	0.8191948548030942	0.117027836400442
1889	2628229.037	1105113.622	2301.583	2628229.539	1105113.76	2301.6221	0.5220888907756779	0.0745841272536682
1890	2628854.4	1104837.763	2710.4399	2628854.4	1104837.763	2710.4399	0.0	0.0
1891	2628854.4	1104837.763	2710.4399	2628854.4	1104837.763	2710.4399	0.0	0.0
1892	2628854.4	1104837.763	2710.4399	2628854.4	1104837.763	2710.4399	0.0	0.0
1905	2628799.37	1104922.815	2642.4641	2628799.37	1104922.815	2642.4641	0.0	0.0
1927	2628534.569	1105121.82	2421.0669	2628534.673	1105121.954	2420.5459	0.5479169644392466	0.0782738520627495
1928	2628517.13	1105132.101	2417.1599	2628517.4399	1105131.945	2417.3049	0.3760305973283703	0.0537186567611957
1929	2628489.536	1105134.411	2406.605	2628490.0551	1105134.331	2406.7749	0.5520242930959903	0.0788606132994271
1930	2628451.0601	1105134.1	2390.3359	2628451.377	1105134.236	2390.3511	0.345184950379751	0.0493121357685358
1934	2628253.052	1105124.015	2297.7129	2628253.052	1105124.015	2297.7129	0.0	0.0
1935	2628854.4	1104837.763	2710.4399	2628854.4	1104837.763	2710.4399	0.0	0.0
1936	2628854.4	1104837.763	2710.4399	2628854.4	1104837.763	2710.4399	0.0	0.0
1973	2628520.38	1105134.342	2406.655	2628519.7581	1105134.646	2405.4519	1.3880292574734707	0.1982898939247815
1974	2628510.542	1105146.646	2406.3269	2628511.161	1105146.919	2406.2009	0.6881613182676666	0.0983087597525238
1975	2628478.049	1105147.993	2392.7939	2628478.993	1105148.327	2392.884	1.0053904760813903	0.14362721086877
1976	2628453.948	1105155.11	2385.3311	2628454.191	1105155.372	2385.2019	0.3799811048643336	0.054283014980619
1977	2628372.977	1105137.128	2341.0229	2628373.094	1105137.045	2341.0591	0.1479474232176648	0.0211353461739521
1980	2628854.4	1104837.763	2710.4399	2628854.4	1104837.763	2710.4399	0.0	0.0
1981	2628854.4	1104837.763	2710.4399	2628854.4	1104837.763	2710.4399	0.0	0.0
2019	2628517.095	1105150.276	2400.6709	2628517.095	1105150.276	2400.6709	0.0	0.0
2020	2628494.7209	1105157.219	2391.2881	2628494.83	1105157.279	2391.218	0.1428874382410223	0.0204124911772889
2021	2628465.535	1105161.224	2378.8811	2628465.696	1105160.999	2378.8589	0.2775587143073503	0.03965124490105
2022	2628448.844	1105172.785	2374.623	2628449.51	1105172.546	2374.321	0.7693380268548872	0.109905432407841
