ID	X_x	Y_x	Z_x	X_y	Y_y	Z_y	Distances	Velocity
10	2628632.103	1104505.282	2802.4541	2628632.103	1104505.282	2802.4541	0.0	0.0
11	2628632.103	1104505.282	2802.4541	2628632.103	1104505.282	2802.4541	0.0	0.0
12	2628632.103	1104505.282	2802.4541	2628632.103	1104505.282	2802.4541	0.0	0.0
13	2628632.103	1104505.282	2802.4541	2628632.103	1104505.282	2802.4541	0.0	0.0
14	2628564.757	1104513.436	2769.6909	2628564.757	1104513.436	2769.6909	0.0	0.0
15	2628564.757	1104513.436	2769.6909	2628564.757	1104513.436	2769.6909	0.0	0.0
16	2628564.757	1104513.436	2769.6909	2628564.757	1104513.436	2769.6909	0.0	0.0
17	2628564.757	1104513.436	2769.6909	2628564.757	1104513.436	2769.6909	0.0	0.0
18	2628564.757	1104513.436	2769.6909	2628564.757	1104513.436	2769.6909	0.0	0.0
19	2628564.757	1104513.436	2769.6909	2628564.757	1104513.436	2769.6909	0.0	0.0
20	2628564.757	1104513.436	2769.6909	2628564.757	1104513.436	2769.6909	0.0	0.0
21	2628564.757	1104513.436	2769.6909	2628564.757	1104513.436	2769.6909	0.0	0.0
22	2628425.899	1104658.338	2643.72	2628425.899	1104658.338	2643.72	0.0	0.0
23	2628419.439	1104670.181	2637.4299	2628419.439	1104670.181	2637.4299	0.0	0.0
24	2628419.439	1104670.181	2637.4299	2628419.439	1104670.181	2637.4299	0.0	0.0
25	2628399.423	1104728.827	2591.457	2628399.423	1104728.827	2591.457	0.0	0.0
26	2628397.009	1104733.501	2587.8831	2628397.009	1104733.501	2587.8831	0.0	0.0
27	2628397.009	1104733.501	2587.8831	2628397.009	1104733.501	2587.8831	0.0	0.0
28	2628397.009	1104733.501	2587.8831	2628397.009	1104733.501	2587.8831	0.0	0.0
29	2628397.009	1104733.501	2587.8831	2628397.009	1104733.501	2587.8831	0.0	0.0
30	2628397.009	1104733.501	2587.8831	2628397.009	1104733.501	2587.8831	0.0	0.0
31	2628397.009	1104733.501	2587.8831	2628397.009	1104733.501	2587.8831	0.0	0.0
32	2628397.009	1104733.501	2587.8831	2628397.009	1104733.501	2587.8831	0.0	0.0
33	2628373.755	1104923.795	2462.929	2628373.755	1104923.795	2462.929	0.0	0.0
55	2628632.103	1104505.282	2802.4541	2628632.103	1104505.282	2802.4541	0.0	0.0
56	2628632.103	1104505.282	2802.4541	2628632.103	1104505.282	2802.4541	0.0	0.0
57	2628632.103	1104505.282	2802.4541	2628632.103	1104505.282	2802.4541	0.0	0.0
58	2628632.103	1104505.282	2802.4541	2628632.103	1104505.282	2802.4541	0.0	0.0
59	2628632.103	1104505.282	2802.4541	2628564.757	1104513.436	2769.6909	75.33524212630185	10.76217744661455
60	2628564.757	1104513.436	2769.6909	2628564.757	1104513.436	2769.6909	0.0	0.0
61	2628564.757	1104513.436	2769.6909	2628564.757	1104513.436	2769.6909	0.0	0.0
62	2628564.757	1104513.436	2769.6909	2628564.757	1104513.436	2769.6909	0.0	0.0
63	2628564.757	1104513.436	2769.6909	2628564.757	1104513.436	2769.6909	0.0	0.0
64	2628564.757	1104513.436	2769.6909	2628564.757	1104513.436	2769.6909	0.0	0.0
65	2628564.757	1104513.436	2769.6909	2628564.757	1104513.436	2769.6909	0.0	0.0
66	2628564.757	1104513.436	2769.6909	2628564.757	1104513.436	2769.6909	0.0	0.0
67	2628428.046	1104663.164	2643.2561	2628428.046	1104663.164	2643.2561	0.0	0.0
68	2628419.439	1104670.181	2637.4299	2628419.439	1104670.181	2637.4299	0.0	0.0
69	2628419.439	1104670.181	2637.4299	2628419.439	1104670.181	2637.4299	0.0	0.0
70	2628395.987	1104719.162	2600.8081	2628395.987	1104719.162	2600.8081	0.0	0.0
71	2628397.009	1104733.501	2587.8831	2628397.009	1104733.501	2587.8831	0.0	0.0
72	2628397.009	1104733.501	2587.8831	2628397.009	1104733.501	2587.8831	0.0	0.0
73	2628397.009	1104733.501	2587.8831	2628397.009	1104733.501	2587.8831	0.0	0.0
74	2628397.009	1104733.501	2587.8831	2628397.009	1104733.501	2587.8831	0.0	0.0
75	2628397.009	1104733.501	2587.8831	2628397.009	1104733.501	2587.8831	0.0	0.0
76	2628397.009	1104733.501	2587.8831	2628397.009	1104733.501	2587.8831	0.0	0.0
77	2628397.009	1104733.501	2587.8831	2628397.009	1104733.501	2587.8831	0.0	0.0
78	2628362.306	1104925.207	2455.061	2628362.306	1104925.207	2455.061	0.0	0.0
100	2628632.103	1104505.282	2802.4541	2628632.103	1104505.282	2802.4541	0.0	0.0
101	2628632.103	1104505.282	2802.4541	2628632.103	1104505.282	2802.4541	0.0	0.0
102	2628632.103	1104505.282	2802.4541	2628632.103	1104505.282	2802.4541	0.0	0.0
103	2628632.103	1104505.282	2802.4541	2628632.103	1104505.282	2802.4541	0.0	0.0
104	2628564.757	1104513.436	2769.6909	2628564.757	1104513.436	2769.6909	0.0	0.0
105	2628564.757	1104513.436	2769.6909	2628564.757	1104513.436	2769.6909	0.0	0.0
106	2628564.757	1104513.436	2769.6909	2628564.757	1104513.436	2769.6909	0.0	0.0
107	2628564.757	1104513.436	2769.6909	2628564.757	1104513.436	2769.6909	0.0	0.0
108	2628564.757	1104513.436	2769.6909	2628564.757	1104513.436	2769.6909	0.0	0.0
109	2628564.757	1104513.436	2769.6909	2628564.757	1104513.436	2769.6909	0.0	0.0
110	2628564.757	1104513.436	2769.6909	2628564.757	1104513.436	2769.6909	0.0	0.0
111	2628564.757	1104513.436	2769.6909	2628564.757	1104513.436	2769.6909	0.0	0.0
112	2628425.375	1104659.975	2642.7649	2628428.046	1104663.164	2643.2561	4.188703790023915	0.5983862557177021
113	2628419.439	1104670.181	2637.4299	2628419.439	1104670.181	2637.4299	0.0	0.0
114	2628419.439	1104670.181	2637.4299	2628419.439	1104670.181	2637.4299	0.0	0.0
115	2628397.839	1104723.888	2595.6021	2628397.569	1104723.089	2596.342	1.1219416251279084	0.1602773750182726
116	2628397.009	1104733.501	2587.8831	2628397.009	1104733.501	2587.8831	0.0	0.0
117	2628397.009	1104733.501	2587.8831	2628397.009	1104733.501	2587.8831	0.0	0.0
118	2628397.009	1104733.501	2587.8831	2628397.009	1104733.501	2587.8831	0.0	0.0
119	2628397.009	1104733.501	2587.8831	2628397.009	1104733.501	2587.8831	0.0	0.0
120	2628397.009	1104733.501	2587.8831	2628397.009	1104733.501	2587.8831	0.0	0.0
121	2628397.009	1104733.501	2587.8831	2628397.009	1104733.501	2587.8831	0.0	0.0
122	2628397.009	1104733.501	2587.8831	2628397.009	1104733.501	2587.8831	0.0	0.0
123	2628373.755	1104923.795	2462.929	2628373.755	1104923.795	2462.929	0.0	0.0
145	2628632.103	1104505.282	2802.4541	2628632.103	1104505.282	2802.4541	0.0	0.0
146	2628632.103	1104505.282	2802.4541	2628632.103	1104505.282	2802.4541	0.0	0.0
147	2628632.103	1104505.282	2802.4541	2628632.103	1104505.282	2802.4541	0.0	0.0
148	2628632.103	1104505.282	2802.4541	2628632.103	1104505.282	2802.4541	0.0	0.0
149	2628564.757	1104513.436	2769.6909	2628564.757	1104513.436	2769.6909	0.0	0.0
150	2628564.757	1104513.436	2769.6909	2628564.757	1104513.436	2769.6909	0.0	0.0
151	2628564.757	1104513.436	2769.6909	2628564.757	1104513.436	2769.6909	0.0	0.0
152	2628564.757	1104513.436	2769.6909	2628564.757	1104513.436	2769.6909	0.0	0.0
153	2628564.757	1104513.436	2769.6909	2628564.757	1104513.436	2769.6909	0.0	0.0
155	2628564.757	1104513.436	2769.6909	2628564.757	1104513.436	2769.6909	0.0	0.0
156	2628442.646	1104630.67	2666.2451	2628442.646	1104630.67	2666.2451	0.0	0.0
157	2628427.089	1104662.762	2642.6919	2628427.089	1104662.762	2642.6919	0.0	0.0
158	2628419.439	1104670.181	2637.4299	2628419.439	1104670.181	2637.4299	0.0	0.0
159	2628419.439	1104670.181	2637.4299	2628419.439	1104670.181	2637.4299	0.0	0.0
160	2628396.452	1104715.351	2604.897	2628396.706	1104715.09	2605.303	0.5454108541538241	0.0779158363076891
161	2628397.009	1104733.501	2587.8831	2628397.009	1104733.501	2587.8831	0.0	0.0
162	2628397.009	1104733.501	2587.8831	2628397.009	1104733.501	2587.8831	0.0	0.0
163	2628397.009	1104733.501	2587.8831	2628397.009	1104733.501	2587.8831	0.0	0.0
164	2628397.009	1104733.501	2587.8831	2628397.009	1104733.501	2587.8831	0.0	0.0
165	2628397.009	1104733.501	2587.8831	2628397.009	1104733.501	2587.8831	0.0	0.0
166	2628397.009	1104733.501	2587.8831	2628397.009	1104733.501	2587.8831	0.0	0.0
167	2628397.009	1104733.501	2587.8831	2628397.009	1104733.501	2587.8831	0.0	0.0
168	2628373.755	1104923.795	2462.929	2628373.755	1104923.795	2462.929	0.0	0.0
190	2628632.103	1104505.282	2802.4541	2628632.103	1104505.282	2802.4541	0.0	0.0
191	2628632.103	1104505.282	2802.4541	2628632.103	1104505.282	2802.4541	0.0	0.0
192	2628632.103	1104505.282	2802.4541	2628632.103	1104505.282	2802.4541	0.0	0.0
193	2628564.757	1104513.436	2769.6909	2628564.757	1104513.436	2769.6909	0.0	0.0
194	2628564.757	1104513.436	2769.6909	2628564.757	1104513.436	2769.6909	0.0	0.0
195	2628564.757	1104513.436	2769.6909	2628564.757	1104513.436	2769.6909	0.0	0.0
196	2628564.757	1104513.436	2769.6909	2628564.757	1104513.436	2769.6909	0.0	0.0
197	2628564.757	1104513.436	2769.6909	2628564.757	1104513.436	2769.6909	0.0	0.0
198	2628564.757	1104513.436	2769.6909	2628564.757	1104513.436	2769.6909	0.0	0.0
200	2628564.757	1104513.436	2769.6909	2628564.757	1104513.436	2769.6909	0.0	0.0
201	2628442.646	1104630.67	2666.2451	2628442.646	1104630.67	2666.2451	0.0	0.0
202	2628427.089	1104662.762	2642.6919	2628427.089	1104662.762	2642.6919	0.0	0.0
203	2628419.439	1104670.181	2637.4299	2628419.439	1104670.181	2637.4299	0.0	0.0
204	2628419.439	1104670.181	2637.4299	2628419.439	1104670.181	2637.4299	0.0	0.0
205	2628399.423	1104728.827	2591.457	2628396.415	1104727.809	2590.585	3.2931401427517204	0.4704485918216743
206	2628397.009	1104733.501	2587.8831	2628397.009	1104733.501	2587.8831	0.0	0.0
207	2628397.009	1104733.501	2587.8831	2628397.009	1104733.501	2587.8831	0.0	0.0
208	2628397.009	1104733.501	2587.8831	2628397.009	1104733.501	2587.8831	0.0	0.0
209	2628397.009	1104733.501	2587.8831	2628397.009	1104733.501	2587.8831	0.0	0.0
210	2628397.009	1104733.501	2587.8831	2628397.009	1104733.501	2587.8831	0.0	0.0
211	2628397.009	1104733.501	2587.8831	2628397.009	1104733.501	2587.8831	0.0	0.0
212	2628397.009	1104733.501	2587.8831	2628397.009	1104733.501	2587.8831	0.0	0.0
213	2628373.755	1104923.795	2462.929	2628373.755	1104923.795	2462.929	0.0	0.0
214	2628362.306	1104925.207	2455.061	2628362.306	1104925.207	2455.061	0.0	0.0
235	2628632.103	1104505.282	2802.4541	2628632.103	1104505.282	2802.4541	0.0	0.0
236	2628632.103	1104505.282	2802.4541	2628632.103	1104505.282	2802.4541	0.0	0.0
237	2628632.103	1104505.282	2802.4541	2628632.103	1104505.282	2802.4541	0.0	0.0
238	2628564.757	1104513.436	2769.6909	2628564.757	1104513.436	2769.6909	0.0	0.0
239	2628564.757	1104513.436	2769.6909	2628564.757	1104513.436	2769.6909	0.0	0.0
240	2628564.757	1104513.436	2769.6909	2628564.757	1104513.436	2769.6909	0.0	0.0
241	2628564.757	1104513.436	2769.6909	2628564.757	1104513.436	2769.6909	0.0	0.0
242	2628564.757	1104513.436	2769.6909	2628564.757	1104513.436	2769.6909	0.0	0.0
245	2628450.577	1104622.966	2670.1699	2628451.606	1104622.899	2670.5449	1.097248832400643	0.1567498332000918
246	2628442.646	1104630.67	2666.2451	2628442.646	1104630.67	2666.2451	0.0	0.0
247	2628425.375	1104659.975	2642.7649	2628425.375	1104659.975	2642.7649	0.0	0.0
248	2628419.439	1104670.181	2637.4299	2628419.439	1104670.181	2637.4299	0.0	0.0
249	2628419.439	1104670.181	2637.4299	2628419.439	1104670.181	2637.4299	0.0	0.0
250	2628399.423	1104728.827	2591.457	2628396.415	1104727.809	2590.585	3.2931401427517204	0.4704485918216743
251	2628397.009	1104733.501	2587.8831	2628397.009	1104733.501	2587.8831	0.0	0.0
252	2628397.009	1104733.501	2587.8831	2628397.009	1104733.501	2587.8831	0.0	0.0
253	2628397.009	1104733.501	2587.8831	2628397.009	1104733.501	2587.8831	0.0	0.0
254	2628397.009	1104733.501	2587.8831	2628397.009	1104733.501	2587.8831	0.0	0.0
255	2628397.009	1104733.501	2587.8831	2628397.009	1104733.501	2587.8831	0.0	0.0
256	2628397.009	1104733.501	2587.8831	2628397.009	1104733.501	2587.8831	0.0	0.0
257	2628397.009	1104733.501	2587.8831	2628397.009	1104733.501	2587.8831	0.0	0.0
258	2628397.009	1104733.501	2587.8831	2628397.009	1104733.501	2587.8831	0.0	0.0
280	2628632.103	1104505.282	2802.4541	2628632.103	1104505.282	2802.4541	0.0	0.0
281	2628632.103	1104505.282	2802.4541	2628632.103	1104505.282	2802.4541	0.0	0.0
282	2628581.953	1104515.039	2777.5691	2628582.7	1104516.278	2777.729	1.4555748038255112	0.2079392576893587
283	2628564.757	1104513.436	2769.6909	2628564.757	1104513.436	2769.6909	0.0	0.0
284	2628564.757	1104513.436	2769.6909	2628564.757	1104513.436	2769.6909	0.0	0.0
285	2628564.757	1104513.436	2769.6909	2628564.757	1104513.436	2769.6909	0.0	0.0
286	2628564.757	1104513.436	2769.6909	2628564.757	1104513.436	2769.6909	0.0	0.0
287	2628564.757	1104513.436	2769.6909	2628564.757	1104513.436	2769.6909	0.0	0.0
290	2628450.577	1104622.966	2670.1699	2628451.606	1104622.899	2670.5449	1.097248832400643	0.1567498332000918
291	2628442.646	1104630.67	2666.2451	2628442.646	1104630.67	2666.2451	0.0	0.0
292	2628427.089	1104662.762	2642.6919	2628427.089	1104662.762	2642.6919	0.0	0.0
293	2628419.439	1104670.181	2637.4299	2628419.439	1104670.181	2637.4299	0.0	0.0
294	2628419.439	1104670.181	2637.4299	2628419.439	1104670.181	2637.4299	0.0	0.0
295	2628399.423	1104728.827	2591.457	2628399.423	1104728.827	2591.457	0.0	0.0
296	2628397.009	1104733.501	2587.8831	2628397.009	1104733.501	2587.8831	0.0	0.0
297	2628397.009	1104733.501	2587.8831	2628397.009	1104733.501	2587.8831	0.0	0.0
298	2628397.009	1104733.501	2587.8831	2628397.009	1104733.501	2587.8831	0.0	0.0
299	2628397.009	1104733.501	2587.8831	2628397.009	1104733.501	2587.8831	0.0	0.0
300	2628397.009	1104733.501	2587.8831	2628397.009	1104733.501	2587.8831	0.0	0.0
301	2628397.009	1104733.501	2587.8831	2628397.009	1104733.501	2587.8831	0.0	0.0
302	2628397.009	1104733.501	2587.8831	2628397.009	1104733.501	2587.8831	0.0	0.0
303	2628374.258	1104922.794	2464.001	2628374.258	1104922.794	2464.001	0.0	0.0
325	2628632.103	1104505.282	2802.4541	2628632.103	1104505.282	2802.4541	0.0	0.0
326	2628632.103	1104505.282	2802.4541	2628632.103	1104505.282	2802.4541	0.0	0.0
327	2628584.012	1104514.821	2778.6101	2628584.012	1104514.821	2778.6101	0.0	0.0
328	2628564.757	1104513.436	2769.6909	2628564.757	1104513.436	2769.6909	0.0	0.0
329	2628564.757	1104513.436	2769.6909	2628564.757	1104513.436	2769.6909	0.0	0.0
330	2628564.757	1104513.436	2769.6909	2628564.757	1104513.436	2769.6909	0.0	0.0
331	2628564.757	1104513.436	2769.6909	2628564.757	1104513.436	2769.6909	0.0	0.0
335	2628449.479	1104623.568	2669.603	2628449.479	1104623.568	2669.603	0.0	0.0
336	2628442.646	1104630.67	2666.2451	2628442.646	1104630.67	2666.2451	0.0	0.0
337	2628427.089	1104662.762	2642.6919	2628427.089	1104662.762	2642.6919	0.0	0.0
338	2628419.439	1104670.181	2637.4299	2628419.439	1104670.181	2637.4299	0.0	0.0
339	2628419.439	1104670.181	2637.4299	2628419.439	1104670.181	2637.4299	0.0	0.0
340	2628399.423	1104728.827	2591.457	2628399.423	1104728.827	2591.457	0.0	0.0
341	2628397.009	1104733.501	2587.8831	2628397.009	1104733.501	2587.8831	0.0	0.0
342	2628397.009	1104733.501	2587.8831	2628397.009	1104733.501	2587.8831	0.0	0.0
343	2628397.009	1104733.501	2587.8831	2628397.009	1104733.501	2587.8831	0.0	0.0
344	2628397.009	1104733.501	2587.8831	2628397.009	1104733.501	2587.8831	0.0	0.0
345	2628397.009	1104733.501	2587.8831	2628397.009	1104733.501	2587.8831	0.0	0.0
346	2628397.009	1104733.501	2587.8831	2628397.009	1104733.501	2587.8831	0.0	0.0
347	2628397.009	1104733.501	2587.8831	2628397.009	1104733.501	2587.8831	0.0	0.0
348	2628373.755	1104923.795	2462.929	2628373.755	1104923.795	2462.929	0.0	0.0
370	2628632.103	1104505.282	2802.4541	2628632.103	1104505.282	2802.4541	0.0	0.0
371	2628604.537	1104513.725	2787.05	2628599.571	1104507.487	2786.259	8.01245786271302	1.1446368375304314
372	2628582.3621	1104518.007	2777.2649	2628581.111	1104517.72	2776.7949	1.3669382612216765	0.1952768944602395
373	2628564.757	1104513.436	2769.6909	2628564.757	1104513.436	2769.6909	0.0	0.0
374	2628564.757	1104513.436	2769.6909	2628564.757	1104513.436	2769.6909	0.0	0.0
375	2628535.0601	1104534.28	2746.2639	2628535.0601	1104534.28	2746.2639	0.0	0.0
380	2628450.246	1104623.759	2669.917	2628449.926	1104622.86	2669.9399	0.9545288941929266	0.1363612705989895
381	2628442.646	1104630.67	2666.2451	2628442.646	1104630.67	2666.2451	0.0	0.0
382	2628427.089	1104662.762	2642.6919	2628427.089	1104662.762	2642.6919	0.0	0.0
383	2628419.439	1104670.181	2637.4299	2628419.439	1104670.181	2637.4299	0.0	0.0
384	2628419.439	1104670.181	2637.4299	2628419.439	1104670.181	2637.4299	0.0	0.0
385	2628397.839	1104723.888	2595.6021	2628399.492	1104728.371	2591.7991	6.106759124105374	0.872394160586482
386	2628397.009	1104733.501	2587.8831	2628397.009	1104733.501	2587.8831	0.0	0.0
387	2628397.009	1104733.501	2587.8831	2628397.009	1104733.501	2587.8831	0.0	0.0
388	2628397.009	1104733.501	2587.8831	2628397.009	1104733.501	2587.8831	0.0	0.0
389	2628397.009	1104733.501	2587.8831	2628397.009	1104733.501	2587.8831	0.0	0.0
390	2628397.009	1104733.501	2587.8831	2628397.009	1104733.501	2587.8831	0.0	0.0
391	2628397.009	1104733.501	2587.8831	2628397.009	1104733.501	2587.8831	0.0	0.0
392	2628397.009	1104733.501	2587.8831	2628397.009	1104733.501	2587.8831	0.0	0.0
393	2628373.755	1104923.795	2462.929	2628373.755	1104923.795	2462.929	0.0	0.0
405	2628901.0551	1104643.075	2832.9131	2628900.025	1104640.418	2832.6731	2.859782336053461	0.408540333721923
415	2628628.097	1104514.045	2798.3679	2628627.851	1104514.122	2798.3169	0.2627660559188111	0.0375380079884015
417	2628581.953	1104515.039	2777.5691	2628584.207	1104516.514	2778.25	2.77844665385984	0.3969209505514057
418	2628564.757	1104513.436	2769.6909	2628564.757	1104513.436	2769.6909	0.0	0.0
419	2628564.757	1104513.436	2769.6909	2628564.757	1104513.436	2769.6909	0.0	0.0
420	2628535.0601	1104534.28	2746.2639	2628535.0601	1104534.28	2746.2639	0.0	0.0
425	2628449.926	1104622.86	2669.9399	2628449.926	1104622.86	2669.9399	0.0	0.0
426	2628442.646	1104630.67	2666.2451	2628442.646	1104630.67	2666.2451	0.0	0.0
427	2628427.089	1104662.762	2642.6919	2628427.089	1104662.762	2642.6919	0.0	0.0
428	2628419.439	1104670.181	2637.4299	2628419.439	1104670.181	2637.4299	0.0	0.0
429	2628419.439	1104670.181	2637.4299	2628419.439	1104670.181	2637.4299	0.0	0.0
430	2628396.891	1104721.998	2596.9529	2628397.569	1104723.089	2596.342	1.422379629510664	0.2031970899300948
431	2628397.009	1104733.501	2587.8831	2628397.009	1104733.501	2587.8831	0.0	0.0
432	2628397.009	1104733.501	2587.8831	2628397.009	1104733.501	2587.8831	0.0	0.0
433	2628397.009	1104733.501	2587.8831	2628397.009	1104733.501	2587.8831	0.0	0.0
434	2628397.009	1104733.501	2587.8831	2628397.009	1104733.501	2587.8831	0.0	0.0
435	2628397.009	1104733.501	2587.8831	2628397.009	1104733.501	2587.8831	0.0	0.0
436	2628397.009	1104733.501	2587.8831	2628397.009	1104733.501	2587.8831	0.0	0.0
437	2628397.009	1104733.501	2587.8831	2628397.009	1104733.501	2587.8831	0.0	0.0
438	2628373.755	1104923.795	2462.929	2628373.755	1104923.795	2462.929	0.0	0.0
450	2628918.837	1104679.879	2825.45	2628918.803	1104679.526	2825.6079	0.3881976428558251	0.0554568061222607
451	2628895.533	1104665.049	2822.3911	2628896.0811	1104664.955	2821.6899	0.8949475125831791	0.1278496446547398
452	2628875.817	1104658.271	2820.123	2628875.817	1104658.271	2820.123	0.0	0.0
461	2628619.947	1104532.258	2784.21	2628620.304	1104531.888	2784.2129	0.514156989448449	0.0734509984926355
462	2628582.7	1104516.278	2777.729	2628581.953	1104515.039	2777.5691	1.4555748038255112	0.2079392576893587
463	2628566.198	1104527.13	2767.29	2628566.198	1104527.13	2767.29	0.0	0.0
464	2628547.134	1104535.938	2753.623	2628547.134	1104535.938	2753.623	0.0	0.0
465	2628535.0601	1104534.28	2746.2639	2628535.0601	1104534.28	2746.2639	0.0	0.0
470	2628449.926	1104622.86	2669.9399	2628449.926	1104622.86	2669.9399	0.0	0.0
471	2628442.646	1104630.67	2666.2451	2628442.646	1104630.67	2666.2451	0.0	0.0
472	2628427.089	1104662.762	2642.6919	2628427.089	1104662.762	2642.6919	0.0	0.0
473	2628419.439	1104670.181	2637.4299	2628419.439	1104670.181	2637.4299	0.0	0.0
474	2628419.439	1104670.181	2637.4299	2628419.439	1104670.181	2637.4299	0.0	0.0
475	2628399.492	1104728.371	2591.7991	2628399.492	1104728.371	2591.7991	0.0	0.0
476	2628397.009	1104733.501	2587.8831	2628397.009	1104733.501	2587.8831	0.0	0.0
477	2628397.009	1104733.501	2587.8831	2628397.009	1104733.501	2587.8831	0.0	0.0
478	2628397.009	1104733.501	2587.8831	2628397.009	1104733.501	2587.8831	0.0	0.0
479	2628397.009	1104733.501	2587.8831	2628397.009	1104733.501	2587.8831	0.0	0.0
480	2628397.009	1104733.501	2587.8831	2628397.009	1104733.501	2587.8831	0.0	0.0
481	2628397.009	1104733.501	2587.8831	2628397.009	1104733.501	2587.8831	0.0	0.0
482	2628397.009	1104733.501	2587.8831	2628397.009	1104733.501	2587.8831	0.0	0.0
483	2628373.755	1104923.795	2462.929	2628367.735	1104925.797	2458.054	8.000876764493041	1.1429823949275772
495	2628928.624	1104699.627	2817.2009	2628928.556	1104699.536	2817.3459	0.1842009771924503	0.0263144253132071
496	2628912.364	1104698.116	2815.053	2628912.483	1104698.299	2814.8469	0.3002119418984477	0.0428874202712068
497	2628891.795	1104689.353	2812.3521	2628892.0229	1104689.633	2812.197	0.3929305538481244	0.0561329362640177
498	2628869.062	1104677.675	2808.0869	2628869.381	1104678.684	2808.033	1.059597664103488	0.1513710948719268
507	2628611.212	1104552.661	2769.022	2628611.212	1104552.661	2769.022	0.0	0.0
508	2628571.2679	1104533.352	2763.231	2628570.647	1104532.873	2763.2949	0.7867915988514071	0.1123987998359153
509	2628547.439	1104535.12	2753.9551	2628547.439	1104535.12	2753.9551	0.0	0.0
510	2628535.0601	1104534.28	2746.2639	2628535.0601	1104534.28	2746.2639	0.0	0.0
515	2628445.028	1104618.73	2667.9509	2628450.679	1104625.43	2669.752	8.94805913090523	1.27829416155789
516	2628442.646	1104630.67	2666.2451	2628442.646	1104630.67	2666.2451	0.0	0.0
517	2628428.046	1104663.164	2643.2561	2628428.046	1104663.164	2643.2561	0.0	0.0
518	2628419.439	1104670.181	2637.4299	2628419.439	1104670.181	2637.4299	0.0	0.0
519	2628419.439	1104670.181	2637.4299	2628419.439	1104670.181	2637.4299	0.0	0.0
520	2628397.839	1104723.888	2595.6021	2628397.569	1104723.089	2596.342	1.1219416251279084	0.1602773750182726
521	2628397.009	1104733.501	2587.8831	2628397.009	1104733.501	2587.8831	0.0	0.0
522	2628397.009	1104733.501	2587.8831	2628397.009	1104733.501	2587.8831	0.0	0.0
523	2628397.009	1104733.501	2587.8831	2628397.009	1104733.501	2587.8831	0.0	0.0
524	2628397.009	1104733.501	2587.8831	2628397.009	1104733.501	2587.8831	0.0	0.0
525	2628397.009	1104733.501	2587.8831	2628397.009	1104733.501	2587.8831	0.0	0.0
526	2628397.009	1104733.501	2587.8831	2628397.009	1104733.501	2587.8831	0.0	0.0
527	2628397.009	1104733.501	2587.8831	2628397.009	1104733.501	2587.8831	0.0	0.0
528	2628373.755	1104923.795	2462.929	2628373.755	1104923.795	2462.929	0.0	0.0
540	2628936.1071	1104713.736	2806.9141	2628936.149	1104714.452	2806.7329	0.7397601300605091	0.1056800185800727
541	2628918.741	1104711.897	2805.6179	2628919.249	1104712.633	2805.627	0.8943393145890262	0.1277627592270037
542	2628903.084	1104711.706	2803.0659	2628903.101	1104711.913	2802.8711	0.2847543502277207	0.0406791928896743
543	2628884.47	1104705.718	2801.3511	2628885.478	1104707.59	2801.26	2.1280853389207794	0.304012191274397
544	2628868.0959	1104705.374	2799.2661	2628868.323	1104705.653	2799.1721	0.371821744693174	0.0531173920990248
554	2628559.567	1104552.764	2745.998	2628559.885	1104553.073	2745.8081	0.4823556883235796	0.0689079554747971
560	2628451.606	1104622.899	2670.5449	2628449.926	1104622.86	2669.9399	1.786041992942329	0.2551488561346184
561	2628442.646	1104630.67	2666.2451	2628442.646	1104630.67	2666.2451	0.0	0.0
562	2628425.375	1104659.975	2642.7649	2628428.046	1104663.164	2643.2561	4.188703790023915	0.5983862557177021
563	2628419.439	1104670.181	2637.4299	2628419.439	1104670.181	2637.4299	0.0	0.0
564	2628419.439	1104670.181	2637.4299	2628419.439	1104670.181	2637.4299	0.0	0.0
565	2628397.839	1104723.888	2595.6021	2628397.569	1104723.089	2596.342	1.1219416251279084	0.1602773750182726
566	2628397.009	1104733.501	2587.8831	2628397.009	1104733.501	2587.8831	0.0	0.0
567	2628397.009	1104733.501	2587.8831	2628397.009	1104733.501	2587.8831	0.0	0.0
568	2628397.009	1104733.501	2587.8831	2628397.009	1104733.501	2587.8831	0.0	0.0
569	2628397.009	1104733.501	2587.8831	2628397.009	1104733.501	2587.8831	0.0	0.0
570	2628397.009	1104733.501	2587.8831	2628397.009	1104733.501	2587.8831	0.0	0.0
571	2628397.009	1104733.501	2587.8831	2628397.009	1104733.501	2587.8831	0.0	0.0
572	2628397.009	1104733.501	2587.8831	2628397.009	1104733.501	2587.8831	0.0	0.0
573	2628373.755	1104923.795	2462.929	2628373.755	1104923.795	2462.929	0.0	0.0
585	2628933.653	1104721.39	2801.0249	2628933.653	1104721.39	2801.0249	0.0	0.0
586	2628928.219	1104729.509	2797.603	2628928.226	1104729.596	2797.53	0.1137848846113604	0.0162549835159086
587	2628914.5649	1104732.258	2795.146	2628914.5649	1104732.258	2795.146	0.0	0.0
588	2628897.374	1104729.086	2792.908	2628898.2321	1104731.4	2793.292	2.497676442332107	0.3568109203331581
589	2628879.146	1104725.118	2790.4221	2628879.2061	1104725.348	2790.314	0.2611467403160777	0.0373066771880111
590	2628859.299	1104720.213	2787.179	2628859.299	1104720.213	2787.179	0.0	0.0
600	2628546.358	1104570.903	2730.4541	2628545.808	1104570.827	2730.4709	0.5554801884653955	0.0793543126379136
605	2628451.606	1104622.899	2670.5449	2628450.577	1104622.966	2670.1699	1.097248832400643	0.1567498332000918
606	2628442.646	1104630.67	2666.2451	2628442.646	1104630.67	2666.2451	0.0	0.0
607	2628427.089	1104662.762	2642.6919	2628427.089	1104662.762	2642.6919	0.0	0.0
608	2628419.439	1104670.181	2637.4299	2628419.439	1104670.181	2637.4299	0.0	0.0
609	2628419.439	1104670.181	2637.4299	2628419.439	1104670.181	2637.4299	0.0	0.0
610	2628397.569	1104723.089	2596.342	2628397.569	1104723.089	2596.342	0.0	0.0
611	2628397.009	1104733.501	2587.8831	2628397.009	1104733.501	2587.8831	0.0	0.0
612	2628397.009	1104733.501	2587.8831	2628397.009	1104733.501	2587.8831	0.0	0.0
613	2628397.009	1104733.501	2587.8831	2628397.009	1104733.501	2587.8831	0.0	0.0
614	2628397.009	1104733.501	2587.8831	2628397.009	1104733.501	2587.8831	0.0	0.0
615	2628397.009	1104733.501	2587.8831	2628397.009	1104733.501	2587.8831	0.0	0.0
616	2628397.009	1104733.501	2587.8831	2628397.009	1104733.501	2587.8831	0.0	0.0
617	2628397.009	1104733.501	2587.8831	2628397.009	1104733.501	2587.8831	0.0	0.0
618	2628373.755	1104923.795	2462.929	2628367.735	1104925.797	2458.054	8.000876764493041	1.1429823949275772
630	2628933.653	1104721.39	2801.0249	2628933.653	1104721.39	2801.0249	0.0	0.0
631	2628928.219	1104729.509	2797.603	2628928.219	1104729.509	2797.603	0.0	0.0
632	2628918.066	1104744.928	2788.897	2628918.066	1104744.928	2788.897	0.0	0.0
633	2628907.999	1104748.145	2785.291	2628907.559	1104747.663	2785.406	0.6626831822404996	0.094669026034357
634	2628888.9091	1104741.828	2782.543	2628888.614	1104741.198	2782.647	0.7034202227082421	0.1004886032440346
635	2628870.059	1104737.336	2778.5569	2628869.775	1104737.199	2778.394	0.3549104252574257	0.0507014893224893
636	2628847.106	1104726.893	2774.2319	2628847.3149	1104727.105	2773.8931	0.4509641338418293	0.0644234476916899
637	2628819.05	1104708.606	2768.095	2628818.625	1104708.461	2768.126	0.450123316266889	0.0643033308952698
646	2628533.3311	1104587.153	2714.54	2628533.3311	1104587.153	2714.54	0.0	0.0
650	2628451.285	1104620.282	2671.281	2628451.285	1104620.282	2671.281	0.0	0.0
651	2628442.646	1104630.67	2666.2451	2628442.646	1104630.67	2666.2451	0.0	0.0
652	2628427.089	1104662.762	2642.6919	2628427.089	1104662.762	2642.6919	0.0	0.0
653	2628419.439	1104670.181	2637.4299	2628419.439	1104670.181	2637.4299	0.0	0.0
654	2628419.439	1104670.181	2637.4299	2628419.439	1104670.181	2637.4299	0.0	0.0
655	2628399.423	1104728.827	2591.457	2628397.839	1104723.888	2595.6021	6.639625818485032	0.9485179740692904
656	2628397.009	1104733.501	2587.8831	2628397.009	1104733.501	2587.8831	0.0	0.0
657	2628397.009	1104733.501	2587.8831	2628397.009	1104733.501	2587.8831	0.0	0.0
658	2628397.009	1104733.501	2587.8831	2628397.009	1104733.501	2587.8831	0.0	0.0
659	2628397.009	1104733.501	2587.8831	2628397.009	1104733.501	2587.8831	0.0	0.0
660	2628397.009	1104733.501	2587.8831	2628397.009	1104733.501	2587.8831	0.0	0.0
661	2628397.009	1104733.501	2587.8831	2628397.009	1104733.501	2587.8831	0.0	0.0
662	2628397.009	1104733.501	2587.8831	2628397.009	1104733.501	2587.8831	0.0	0.0
663	2628373.755	1104923.795	2462.929	2628373.755	1104923.795	2462.929	0.0	0.0
675	2628933.653	1104721.39	2801.0249	2628933.653	1104721.39	2801.0249	0.0	0.0
676	2628919.934	1104742.132	2790.7839	2628919.934	1104742.132	2790.7839	0.0	0.0
677	2628919.36	1104742.907	2790.314	2628919.36	1104742.907	2790.314	0.0	0.0
678	2628911.276	1104754.943	2781.6379	2628911.276	1104754.943	2781.6379	0.0	0.0
679	2628899.373	1104762.487	2773.45	2628899.696	1104762.865	2773.2229	0.5466144984612906	0.07808778549447
680	2628878.228	1104750.58	2769.7549	2628878.228	1104750.58	2769.7549	0.0	0.0
681	2628859.869	1104746.849	2766.5229	2628859.869	1104746.849	2766.5229	0.0	0.0
682	2628831.802	1104727.904	2760.592	2628831.802	1104727.904	2760.592	0.0	0.0
683	2628810.542	1104723.481	2755.2671	2628810.674	1104723.611	2755.074	0.2676034567947588	0.0382290652563941
692	2628522.121	1104605.114	2699.522	2628521.661	1104605.005	2699.7109	0.5090817321443812	0.0727259617349116
695	2628450.246	1104623.759	2669.917	2628450.246	1104623.759	2669.917	0.0	0.0
696	2628442.646	1104630.67	2666.2451	2628442.646	1104630.67	2666.2451	0.0	0.0
697	2628427.089	1104662.762	2642.6919	2628427.089	1104662.762	2642.6919	0.0	0.0
698	2628419.439	1104670.181	2637.4299	2628419.439	1104670.181	2637.4299	0.0	0.0
699	2628419.439	1104670.181	2637.4299	2628419.439	1104670.181	2637.4299	0.0	0.0
700	2628399.423	1104728.827	2591.457	2628399.492	1104728.371	2591.7991	0.5742206980106247	0.0820315282872321
701	2628397.009	1104733.501	2587.8831	2628397.009	1104733.501	2587.8831	0.0	0.0
702	2628397.009	1104733.501	2587.8831	2628397.009	1104733.501	2587.8831	0.0	0.0
703	2628397.009	1104733.501	2587.8831	2628397.009	1104733.501	2587.8831	0.0	0.0
704	2628397.009	1104733.501	2587.8831	2628397.009	1104733.501	2587.8831	0.0	0.0
705	2628397.009	1104733.501	2587.8831	2628397.009	1104733.501	2587.8831	0.0	0.0
706	2628397.009	1104733.501	2587.8831	2628397.009	1104733.501	2587.8831	0.0	0.0
707	2628397.009	1104733.501	2587.8831	2628397.009	1104733.501	2587.8831	0.0	0.0
708	2628373.755	1104923.795	2462.929	2628373.755	1104923.795	2462.929	0.0	0.0
720	2628933.653	1104721.39	2801.0249	2628933.653	1104721.39	2801.0249	0.0	0.0
721	2628919.934	1104742.132	2790.7839	2628919.934	1104742.132	2790.7839	0.0	0.0
722	2628919.36	1104742.907	2790.314	2628918.066	1104744.928	2788.897	2.786891817082349	0.3981274024403355
723	2628911.027	1104755.516	2781.062	2628910.844	1104755.727	2780.9131	0.3165141542736593	0.0452163077533799
724	2628902.958	1104767.725	2772.1179	2628902.702	1104768.115	2771.7981	0.5656041371373907	0.0808005910196272
725	2628889.514	1104768.779	2762.8411	2628889.514	1104768.779	2762.8411	0.0	0.0
726	2628866.98	1104758.574	2756.7749	2628867.2321	1104759.086	2756.5959	0.5981132083043006	0.0854447440434715
727	2628844.37	1104749.813	2752.5439	2628844.516	1104749.778	2752.448	0.1781510873607239	0.0254501553372462
729	2628798.303	1104731.538	2742.885	2628798.879	1104731.908	2742.3799	0.8507655437818461	0.121537934825978
730	2628777.7271	1104729.169	2738.6741	2628778.746	1104730.321	2738.7881	1.5421599171468574	0.2203085595924082
738	2628515.934	1104631.647	2682.686	2628515.864	1104632.103	2682.3931	0.5464672083204111	0.078066744045773
739	2628485.722	1104630.176	2678.4141	2628485.2581	1104630.211	2678.231	0.4999538177285125	0.071421973961216
740	2628449.926	1104622.86	2669.9399	2628450.577	1104622.966	2670.1699	0.6985248743413546	0.0997892677630506
741	2628442.646	1104630.67	2666.2451	2628442.646	1104630.67	2666.2451	0.0	0.0
742	2628428.046	1104663.164	2643.2561	2628427.089	1104662.762	2642.6919	1.1814290668002765	0.168775580971468
743	2628419.439	1104670.181	2637.4299	2628419.439	1104670.181	2637.4299	0.0	0.0
744	2628419.439	1104670.181	2637.4299	2628419.439	1104670.181	2637.4299	0.0	0.0
745	2628399.423	1104728.827	2591.457	2628399.423	1104728.827	2591.457	0.0	0.0
746	2628397.009	1104733.501	2587.8831	2628397.009	1104733.501	2587.8831	0.0	0.0
747	2628397.009	1104733.501	2587.8831	2628397.009	1104733.501	2587.8831	0.0	0.0
748	2628397.009	1104733.501	2587.8831	2628397.009	1104733.501	2587.8831	0.0	0.0
749	2628397.009	1104733.501	2587.8831	2628397.009	1104733.501	2587.8831	0.0	0.0
750	2628397.009	1104733.501	2587.8831	2628397.009	1104733.501	2587.8831	0.0	0.0
751	2628397.009	1104733.501	2587.8831	2628397.009	1104733.501	2587.8831	0.0	0.0
752	2628397.009	1104733.501	2587.8831	2628397.009	1104733.501	2587.8831	0.0	0.0
753	2628373.755	1104923.795	2462.929	2628373.755	1104923.795	2462.929	0.0	0.0
765	2628919.934	1104742.132	2790.7839	2628919.934	1104742.132	2790.7839	0.0	0.0
766	2628919.934	1104742.132	2790.7839	2628919.934	1104742.132	2790.7839	0.0	0.0
767	2628919.36	1104742.907	2790.314	2628919.36	1104742.907	2790.314	0.0	0.0
768	2628910.844	1104755.727	2780.9131	2628910.819	1104755.868	2780.8401	0.1607326973976481	0.0229618139139497
769	2628903.082	1104767.526	2772.217	2628903.179	1104767.432	2772.3159	0.1674103044041921	0.0239157577720274
770	2628892.024	1104784.272	2755.291	2628892.024	1104784.272	2755.291	0.0	0.0
771	2628879.708	1104778.082	2751.4839	2628879.769	1104778.2	2751.363	0.1796157286376784	0.0256593898053826
772	2628856.04	1104768.043	2744.23	2628855.802	1104768.094	2744.1289	0.2635644322514728	0.0376520617502104
773	2628834.522	1104760.465	2739.968	2628834.63	1104760.51	2739.8721	0.1512805671422	0.0216115095917428
775	2628788.865	1104745.504	2730.3469	2628789.376	1104746.293	2730.344	0.940026813504073	0.1342895447862961
776	2628764.877	1104738.748	2725.8359	2628764.728	1104738.653	2726.1389	0.3507634529394724	0.0501090647056389
784	2628503.472	1104649.713	2668.7561	2628503.079	1104649.818	2668.469	0.4978959832325152	0.071127997604645
785	2628477.576	1104653.542	2663.749	2628478.033	1104653.989	2663.7041	0.6408385210685391	0.0915483601526484
786	2628439.688	1104644.371	2657.0879	2628441.325	1104644.957	2657.4929	1.7852702877203874	0.2550386125314839
787	2628428.046	1104663.164	2643.2561	2628428.046	1104663.164	2643.2561	0.0	0.0
788	2628419.439	1104670.181	2637.4299	2628419.439	1104670.181	2637.4299	0.0	0.0
789	2628419.439	1104670.181	2637.4299	2628419.439	1104670.181	2637.4299	0.0	0.0
790	2628399.423	1104728.827	2591.457	2628399.423	1104728.827	2591.457	0.0	0.0
791	2628397.009	1104733.501	2587.8831	2628397.009	1104733.501	2587.8831	0.0	0.0
792	2628397.009	1104733.501	2587.8831	2628397.009	1104733.501	2587.8831	0.0	0.0
793	2628397.009	1104733.501	2587.8831	2628397.009	1104733.501	2587.8831	0.0	0.0
794	2628397.009	1104733.501	2587.8831	2628397.009	1104733.501	2587.8831	0.0	0.0
795	2628397.009	1104733.501	2587.8831	2628397.009	1104733.501	2587.8831	0.0	0.0
796	2628397.009	1104733.501	2587.8831	2628397.009	1104733.501	2587.8831	0.0	0.0
797	2628397.009	1104733.501	2587.8831	2628397.009	1104733.501	2587.8831	0.0	0.0
798	2628373.755	1104923.795	2462.929	2628373.755	1104923.795	2462.929	0.0	0.0
810	2628919.934	1104742.132	2790.7839	2628919.934	1104742.132	2790.7839	0.0	0.0
811	2628919.934	1104742.132	2790.7839	2628919.934	1104742.132	2790.7839	0.0	0.0
812	2628919.36	1104742.907	2790.314	2628919.36	1104742.907	2790.314	0.0	0.0
813	2628911.276	1104754.943	2781.6379	2628911.276	1104754.943	2781.6379	0.0	0.0
814	2628903.212	1104767.3	2772.3889	2628903.212	1104767.3	2772.3889	0.0	0.0
815	2628895.259	1104779.34	2760.2939	2628895.259	1104779.34	2760.2939	0.0	0.0
816	2628886.556	1104792.567	2749.3889	2628886.556	1104792.567	2749.3889	0.0	0.0
817	2628872.751	1104795.43	2739.8191	2628872.895	1104795.637	2739.7361	0.2654693956529542	0.0379241993789934
822	2628751.524	1104748.964	2711.575	2628751.524	1104748.964	2711.575	0.0	0.0
830	2628499.506	1104673.473	2654.3501	2628500.167	1104673.638	2654.355	0.6813002347059439	0.0973286049579919
831	2628472.256	1104678.904	2651.7241	2628471.627	1104678.774	2651.874	0.6595536447253191	0.0942219492464741
832	2628406.857	1104641.611	2633.0649	2628405.739	1104641.099	2632.844	1.2493457526335927	0.1784779646619418
833	2628416.589	1104684.857	2630.603	2628416.589	1104684.857	2630.603	0.0	0.0
834	2628404.913	1104704.048	2617.0	2628405.465	1104704.869	2616.741	1.0226563448373476	0.1460937635481925
835	2628396.884	1104728.202	2590.4819	2628396.884	1104728.202	2590.4819	0.0	0.0
836	2628397.009	1104733.501	2587.8831	2628397.009	1104733.501	2587.8831	0.0	0.0
837	2628397.009	1104733.501	2587.8831	2628397.009	1104733.501	2587.8831	0.0	0.0
838	2628397.009	1104733.501	2587.8831	2628397.009	1104733.501	2587.8831	0.0	0.0
839	2628397.009	1104733.501	2587.8831	2628397.009	1104733.501	2587.8831	0.0	0.0
840	2628397.009	1104733.501	2587.8831	2628397.009	1104733.501	2587.8831	0.0	0.0
841	2628397.009	1104733.501	2587.8831	2628397.009	1104733.501	2587.8831	0.0	0.0
842	2628397.009	1104733.501	2587.8831	2628397.009	1104733.501	2587.8831	0.0	0.0
843	2628373.755	1104923.795	2462.929	2628373.755	1104923.795	2462.929	0.0	0.0
855	2628919.934	1104742.132	2790.7839	2628919.934	1104742.132	2790.7839	0.0	0.0
856	2628919.934	1104742.132	2790.7839	2628919.934	1104742.132	2790.7839	0.0	0.0
857	2628919.36	1104742.907	2790.314	2628919.36	1104742.907	2790.314	0.0	0.0
858	2628911.333	1104755.088	2781.334	2628911.333	1104755.088	2781.334	0.0	0.0
859	2628903.082	1104767.526	2772.217	2628903.082	1104767.526	2772.217	0.0	0.0
860	2628894.4	1104779.781	2759.3789	2628894.616	1104780.311	2759.457	0.5776293015732581	0.0825184716533225
861	2628886.556	1104792.567	2749.3889	2628886.556	1104792.567	2749.3889	0.0	0.0
862	2628875.307	1104809.465	2737.2881	2628875.307	1104809.465	2737.2881	0.0	0.0
863	2628867.421	1104814.616	2730.906	2628867.421	1104814.616	2730.906	0.0	0.0
868	2628746.0861	1104769.277	2699.3521	2628746.317	1104769.427	2699.0381	0.417625202666775	0.0596607432381107
876	2628491.9561	1104697.536	2640.7241	2628491.303	1104697.195	2640.717	0.7367978150815396	0.1052568307259342
877	2628460.764	1104699.247	2636.2649	2628459.308	1104698.85	2636.3311	1.5106049911355333	0.2158007130193619
878	2628428.142	1104694.603	2627.3711	2628428.64	1104695.455	2626.989	1.058257251549786	0.1511796073642551
879	2628404.913	1104704.048	2617.0	2628404.913	1104704.048	2617.0	0.0	0.0
880	2628410.807	1104692.872	2624.0979	2628410.807	1104692.872	2624.0979	0.0	0.0
881	2628397.009	1104733.501	2587.8831	2628397.009	1104733.501	2587.8831	0.0	0.0
882	2628397.009	1104733.501	2587.8831	2628397.009	1104733.501	2587.8831	0.0	0.0
883	2628397.009	1104733.501	2587.8831	2628397.009	1104733.501	2587.8831	0.0	0.0
884	2628397.009	1104733.501	2587.8831	2628397.009	1104733.501	2587.8831	0.0	0.0
885	2628397.009	1104733.501	2587.8831	2628397.009	1104733.501	2587.8831	0.0	0.0
886	2628397.009	1104733.501	2587.8831	2628397.009	1104733.501	2587.8831	0.0	0.0
887	2628397.009	1104733.501	2587.8831	2628397.009	1104733.501	2587.8831	0.0	0.0
888	2628373.755	1104923.795	2462.929	2628373.755	1104923.795	2462.929	0.0	0.0
900	2628919.934	1104742.132	2790.7839	2628919.934	1104742.132	2790.7839	0.0	0.0
901	2628919.934	1104742.132	2790.7839	2628919.934	1104742.132	2790.7839	0.0	0.0
902	2628919.36	1104742.907	2790.314	2628919.36	1104742.907	2790.314	0.0	0.0
903	2628911.276	1104754.943	2781.6379	2628911.276	1104754.943	2781.6379	0.0	0.0
904	2628903.391	1104767.036	2772.635	2628903.53	1104766.87	2773.0149	0.4372653770653421	0.062466482437906
905	2628894.8781	1104779.99	2759.6431	2628894.675	1104779.909	2759.554	0.2361131508791929	0.0337304501255989
906	2628886.035	1104792.109	2749.1851	2628886.035	1104792.109	2749.1851	0.0	0.0
907	2628875.307	1104809.465	2737.2881	2628875.307	1104809.465	2737.2881	0.0	0.0
908	2628863.7581	1104826.993	2721.531	2628863.7581	1104826.993	2721.531	0.0	0.0
909	2628858.475	1104825.301	2719.0381	2628858.656	1104825.557	2719.053	0.3138773804818453	0.0448396257831207
914	2628735.6281	1104783.705	2687.731	2628735.951	1104784.1	2687.5049	0.5580417726596651	0.079720253237095
915	2628716.291	1104784.551	2683.8999	2628716.255	1104784.761	2683.729	0.2731351497096441	0.0390193071013777
922	2628485.412	1104720.624	2625.8059	2628485.585	1104720.839	2625.5649	0.366380949176075	0.0523401355965821
923	2628452.373	1104718.577	2619.675	2628451.95	1104718.709	2619.572	0.4549307639131663	0.0649901091304523
924	2628412.853	1104712.08	2610.5029	2628413.066	1104712.214	2610.1641	0.4220313257967955	0.0602901893995422
925	2628397.593	1104713.24	2607.606	2628398.591	1104713.111	2608.0959	1.119217141694879	0.1598881630992684
926	2628397.009	1104733.501	2587.8831	2628397.009	1104733.501	2587.8831	0.0	0.0
927	2628397.009	1104733.501	2587.8831	2628397.009	1104733.501	2587.8831	0.0	0.0
928	2628397.617	1104771.839	2564.644	2628397.617	1104771.839	2564.644	0.0	0.0
929	2628397.009	1104733.501	2587.8831	2628397.009	1104733.501	2587.8831	0.0	0.0
930	2628397.009	1104733.501	2587.8831	2628397.009	1104733.501	2587.8831	0.0	0.0
931	2628397.009	1104733.501	2587.8831	2628397.009	1104733.501	2587.8831	0.0	0.0
932	2628397.009	1104733.501	2587.8831	2628397.009	1104733.501	2587.8831	0.0	0.0
933	2628373.755	1104923.795	2462.929	2628373.755	1104923.795	2462.929	0.0	0.0
945	2628919.934	1104742.132	2790.7839	2628919.934	1104742.132	2790.7839	0.0	0.0
946	2628919.934	1104742.132	2790.7839	2628919.934	1104742.132	2790.7839	0.0	0.0
947	2628919.36	1104742.907	2790.314	2628919.36	1104742.907	2790.314	0.0	0.0
948	2628911.027	1104755.516	2781.062	2628911.027	1104755.516	2781.062	0.0	0.0
949	2628903.082	1104767.526	2772.217	2628903.082	1104767.526	2772.217	0.0	0.0
950	2628895.014	1104779.738	2759.8879	2628895.014	1104779.738	2759.8879	0.0	0.0
951	2628886.911	1104791.989	2749.7461	2628886.931	1104791.909	2749.832	0.1190748084721217	0.0170106869245888
952	2628875.307	1104809.465	2737.2881	2628875.307	1104809.465	2737.2881	0.0	0.0
953	2628870.094	1104817.28	2732.6709	2628870.094	1104817.28	2732.6709	0.0	0.0
954	2628854.4	1104837.763	2710.4399	2628854.4	1104837.763	2710.4399	0.0	0.0
955	2628847.536	1104831.739	2706.937	2628849.3831	1104834.712	2707.9351	3.6396031406363294	0.51994330580519
960	2628730.111	1104801.537	2676.2949	2628730.111	1104801.537	2676.2949	0.0	0.0
968	2628468.386	1104735.248	2608.8459	2628468.6591	1104735.533	2608.6311	0.4493858587188271	0.0641979798169753
969	2628444.906	1104740.634	2605.2549	2628445.212	1104740.917	2605.0769	0.4532206965890616	0.0647458137984373
970	2628397.395	1104725.007	2593.449	2628397.745	1104725.296	2593.3201	0.4718434169579988	0.0674062024225712
971	2628397.009	1104733.501	2587.8831	2628397.009	1104733.501	2587.8831	0.0	0.0
972	2628397.617	1104771.839	2564.644	2628397.617	1104771.839	2564.644	0.0	0.0
973	2628397.617	1104771.839	2564.644	2628397.617	1104771.839	2564.644	0.0	0.0
976	2628397.009	1104733.501	2587.8831	2628397.009	1104733.501	2587.8831	0.0	0.0
978	2628373.755	1104923.795	2462.929	2628373.755	1104923.795	2462.929	0.0	0.0
990	2628933.653	1104721.39	2801.0249	2628933.653	1104721.39	2801.0249	0.0	0.0
991	2628928.442	1104729.155	2797.9961	2628928.442	1104729.155	2797.9961	0.0	0.0
992	2628919.36	1104742.907	2790.314	2628919.36	1104742.907	2790.314	0.0	0.0
993	2628911.276	1104754.943	2781.6379	2628911.276	1104754.943	2781.6379	0.0	0.0
994	2628902.578	1104767.958	2771.918	2628902.785	1104767.962	2771.9939	0.2205126072890421	0.0315018010412917
995	2628895.141	1104779.591	2760.0359	2628895.141	1104779.591	2760.0359	0.0	0.0
996	2628886.556	1104792.567	2749.3889	2628886.556	1104792.567	2749.3889	0.0	0.0
997	2628875.307	1104809.465	2737.2881	2628875.307	1104809.465	2737.2881	0.0	0.0
998	2628854.4	1104837.763	2710.4399	2628854.4	1104837.763	2710.4399	0.0	0.0
999	2628854.4	1104837.763	2710.4399	2628854.4	1104837.763	2710.4399	0.0	0.0
1000	2628851.4771	1104840.295	2707.843	2628851.4771	1104840.295	2707.843	0.0	0.0
1001	2628840.7159	1104847.65	2697.4331	2628839.1899	1104845.936	2696.7981	2.381112555076248	0.340158936439464
1006	2628721.7321	1104817.135	2664.509	2628721.896	1104817.376	2664.4141	0.3065130013171838	0.0437875716167405
1008	2628670.412	1104813.474	2649.9341	2628670.5439	1104813.898	2649.864	0.4495415665729784	0.0642202237961397
1014	2628459.777	1104755.516	2595.2261	2628460.1331	1104755.632	2595.072	0.4049815061159023	0.0578545008737003
1015	2628429.717	1104756.828	2589.46	2628429.287	1104756.97	2589.321	0.4736929386660595	0.067670419809437
1016	2628401.734	1104760.564	2576.7639	2628401.967	1104759.958	2577.0339	0.7031536104560357	0.1004505157794336
1017	2628397.617	1104771.839	2564.644	2628397.617	1104771.839	2564.644	0.0	0.0
1018	2628397.617	1104771.839	2564.644	2628397.617	1104771.839	2564.644	0.0	0.0
1021	2628400.313	1104893.338	2495.519	2628400.313	1104893.338	2495.519	0.0	0.0
1022	2628390.671	1104891.002	2490.071	2628390.671	1104891.002	2490.071	0.0	0.0
1023	2628390.671	1104891.002	2490.071	2628390.671	1104891.002	2490.071	0.0	0.0
1024	2628390.671	1104891.002	2490.071	2628390.671	1104891.002	2490.071	0.0	0.0
1035	2628933.653	1104721.39	2801.0249	2628933.653	1104721.39	2801.0249	0.0	0.0
1036	2628928.7321	1104728.746	2798.1941	2628928.7321	1104728.746	2798.1941	0.0	0.0
1037	2628919.36	1104742.907	2790.314	2628919.36	1104742.907	2790.314	0.0	0.0
1038	2628911.276	1104754.943	2781.6379	2628911.276	1104754.943	2781.6379	0.0	0.0
1039	2628903.53	1104766.87	2773.0149	2628903.53	1104766.87	2773.0149	0.0	0.0
1040	2628895.007	1104779.635	2759.9241	2628895.007	1104779.635	2759.9241	0.0	0.0
1041	2628854.4	1104837.763	2710.4399	2628854.4	1104837.763	2710.4399	0.0	0.0
1042	2628854.4	1104837.763	2710.4399	2628854.4	1104837.763	2710.4399	0.0	0.0
1043	2628854.4	1104837.763	2710.4399	2628854.4	1104837.763	2710.4399	0.0	0.0
1044	2628854.4	1104837.763	2710.4399	2628854.4	1104837.763	2710.4399	0.0	0.0
1045	2628851.679	1104841.121	2707.8601	2628852.078	1104841.96	2708.051	0.9484539050645	0.1354934150092143
1046	2628841.0389	1104847.758	2697.7549	2628841.0389	1104847.758	2697.7549	0.0	0.0
1047	2628834.3051	1104863.705	2691.0879	2628834.3051	1104863.705	2691.0879	0.0	0.0
1052	2628711.9	1104831.122	2651.0381	2628712.243	1104831.551	2650.812	0.5939791325619155	0.0848541617945593
1053	2628690.829	1104831.368	2646.2671	2628691.188	1104831.699	2646.3091	0.4901081514591764	0.0700154502084537
1060	2628442.186	1104769.959	2578.918	2628442.499	1104770.216	2578.7759	0.429197401845808	0.0613139145494011
1061	2628417.663	1104775.329	2570.0471	2628418.301	1104775.868	2569.7019	0.9037300702435132	0.1291042957490733
1062	2628397.617	1104771.839	2564.644	2628397.617	1104771.839	2564.644	0.0	0.0
1063	2628397.617	1104771.839	2564.644	2628397.617	1104771.839	2564.644	0.0	0.0
1066	2628400.313	1104893.338	2495.519	2628396.593	1104770.042	2565.615	141.87738097393668	20.268197281990957
1067	2628390.671	1104891.002	2490.071	2628390.671	1104891.002	2490.071	0.0	0.0
1068	2628390.671	1104891.002	2490.071	2628390.671	1104891.002	2490.071	0.0	0.0
1069	2628390.671	1104891.002	2490.071	2628390.671	1104891.002	2490.071	0.0	0.0
1080	2628933.653	1104721.39	2801.0249	2628933.653	1104721.39	2801.0249	0.0	0.0
1081	2628928.092	1104729.769	2797.407	2628928.092	1104729.769	2797.407	0.0	0.0
1082	2628919.36	1104742.907	2790.314	2628919.36	1104742.907	2790.314	0.0	0.0
1083	2628910.623	1104755.924	2780.887	2628910.623	1104755.924	2780.887	0.0	0.0
1084	2628854.4	1104837.763	2710.4399	2628854.4	1104837.763	2710.4399	0.0	0.0
1085	2628854.4	1104837.763	2710.4399	2628854.4	1104837.763	2710.4399	0.0	0.0
1086	2628854.4	1104837.763	2710.4399	2628854.4	1104837.763	2710.4399	0.0	0.0
1087	2628854.4	1104837.763	2710.4399	2628854.4	1104837.763	2710.4399	0.0	0.0
1088	2628854.4	1104837.763	2710.4399	2628854.4	1104837.763	2710.4399	0.0	0.0
1089	2628854.4	1104837.763	2710.4399	2628854.4	1104837.763	2710.4399	0.0	0.0
1090	2628851.4771	1104840.295	2707.843	2628851.4771	1104840.295	2707.843	0.0	0.0
1091	2628839.05	1104846.136	2696.613	2628839.05	1104846.136	2696.613	0.0	0.0
1094	2628814.809	1104885.643	2673.822	2628816.631	1104888.254	2674.8059	3.332426174839925	0.4760608821199893
1098	2628700.2531	1104844.535	2638.3491	2628699.859	1104844.483	2638.429	0.4054661758299056	0.0579237394042722
1099	2628680.856	1104845.431	2633.3931	2628680.856	1104845.431	2633.3931	0.0	0.0
1100	2628648.005	1104836.278	2623.761	2628648.005	1104836.278	2623.761	0.0	0.0
1106	2628440.119	1104793.839	2564.561	2628440.119	1104793.839	2564.561	0.0	0.0
1107	2628387.513	1104777.295	2547.7251	2628387.269	1104777.581	2547.344	0.5353215949505572	0.0764745135643653
1108	2628387.269	1104777.581	2547.344	2628387.269	1104777.581	2547.344	0.0	0.0
1111	2628395.053	1104891.663	2492.647	2628395.053	1104891.663	2492.647	0.0	0.0
1112	2628390.671	1104891.002	2490.071	2628390.671	1104891.002	2490.071	0.0	0.0
1113	2628390.671	1104891.002	2490.071	2628390.671	1104891.002	2490.071	0.0	0.0
1114	2628390.671	1104891.002	2490.071	2628390.671	1104891.002	2490.071	0.0	0.0
1125	2628933.653	1104721.39	2801.0249	2628933.653	1104721.39	2801.0249	0.0	0.0
1126	2628928.532	1104729.089	2798.0339	2628928.442	1104729.155	2797.9961	0.1178339512672895	0.0168334216096127
1127	2628854.4	1104837.763	2710.4399	2628854.4	1104837.763	2710.4399	0.0	0.0
1128	2628854.4	1104837.763	2710.4399	2628854.4	1104837.763	2710.4399	0.0	0.0
1129	2628854.4	1104837.763	2710.4399	2628854.4	1104837.763	2710.4399	0.0	0.0
1130	2628854.4	1104837.763	2710.4399	2628854.4	1104837.763	2710.4399	0.0	0.0
1131	2628854.4	1104837.763	2710.4399	2628854.4	1104837.763	2710.4399	0.0	0.0
1132	2628854.4	1104837.763	2710.4399	2628854.4	1104837.763	2710.4399	0.0	0.0
1133	2628854.4	1104837.763	2710.4399	2628854.4	1104837.763	2710.4399	0.0	0.0
1134	2628854.4	1104837.763	2710.4399	2628854.4	1104837.763	2710.4399	0.0	0.0
1139	2628815.298	1104888.582	2673.176	2628815.298	1104888.582	2673.176	0.0	0.0
1140	2628799.502	1104890.375	2660.718	2628799.502	1104890.375	2660.718	0.0	0.0
1144	2628690.928	1104858.136	2626.594	2628690.865	1104858.374	2626.6311	0.2489767258456713	0.0355681036922387
1145	2628665.793	1104856.036	2619.429	2628665.584	1104855.902	2619.5481	0.2753576040923852	0.0393368005846264
1146	2628640.99	1104854.209	2612.196	2628640.99	1104854.209	2612.196	0.0	0.0
1151	2628460.1219	1104812.656	2557.53	2628460.717	1104813.093	2557.2581	0.7867926157340598	0.1123989451048656
1152	2628431.6801	1104814.903	2550.554	2628431.521	1104815.313	2550.248	0.5357693627517524	0.0765384803931074
1156	2628395.053	1104891.663	2492.647	2628395.053	1104891.663	2492.647	0.0	0.0
1157	2628390.671	1104891.002	2490.071	2628390.671	1104891.002	2490.071	0.0	0.0
1158	2628390.671	1104891.002	2490.071	2628390.671	1104891.002	2490.071	0.0	0.0
1159	2628390.671	1104891.002	2490.071	2628390.671	1104891.002	2490.071	0.0	0.0
1170	2628932.5129	1104722.419	2800.6831	2628932.5129	1104722.419	2800.6831	0.0	0.0
1171	2628854.4	1104837.763	2710.4399	2628854.4	1104837.763	2710.4399	0.0	0.0
1172	2628854.4	1104837.763	2710.4399	2628854.4	1104837.763	2710.4399	0.0	0.0
1173	2628854.4	1104837.763	2710.4399	2628854.4	1104837.763	2710.4399	0.0	0.0
1174	2628854.4	1104837.763	2710.4399	2628854.4	1104837.763	2710.4399	0.0	0.0
1175	2628854.4	1104837.763	2710.4399	2628854.4	1104837.763	2710.4399	0.0	0.0
1176	2628854.4	1104837.763	2710.4399	2628854.4	1104837.763	2710.4399	0.0	0.0
1177	2628854.4	1104837.763	2710.4399	2628854.4	1104837.763	2710.4399	0.0	0.0
1178	2628854.4	1104837.763	2710.4399	2628854.4	1104837.763	2710.4399	0.0	0.0
1179	2628854.4	1104837.763	2710.4399	2628854.4	1104837.763	2710.4399	0.0	0.0
1184	2628809.6689	1104908.719	2658.116	2628809.6689	1104908.719	2658.116	0.0	0.0
1185	2628809.6689	1104908.719	2658.116	2628809.6689	1104908.719	2658.116	0.0	0.0
1186	2628789.608	1104899.378	2647.8811	2628789.608	1104899.378	2647.8811	0.0	0.0
1187	2628767.67	1104896.634	2640.6211	2628767.296	1104896.548	2640.3589	0.464780421165741	0.0663972030236772
1190	2628684.386	1104873.926	2614.2839	2628684.386	1104873.926	2614.2839	0.0	0.0
1191	2628657.224	1104870.703	2605.5371	2628657.224	1104870.703	2605.5371	0.0	0.0
1192	2628634.172	1104870.684	2599.981	2628634.343	1104870.898	2599.874	0.2940850218831956	0.0420121459833136
1197	2628449.578	1104832.729	2542.5149	2628449.261	1104832.889	2542.45	0.3609723121593007	0.0515674731656143
1198	2628407.231	1104823.368	2529.7539	2628406.711	1104823.446	2529.491	0.5878778869937752	0.083982555284825
1203	2628390.671	1104891.002	2490.071	2628390.671	1104891.002	2490.071	0.0	0.0
1204	2628390.671	1104891.002	2490.071	2628390.671	1104891.002	2490.071	0.0	0.0
1215	2628933.653	1104721.39	2801.0249	2628933.653	1104721.39	2801.0249	0.0	0.0
1216	2628854.4	1104837.763	2710.4399	2628854.4	1104837.763	2710.4399	0.0	0.0
1217	2628854.4	1104837.763	2710.4399	2628854.4	1104837.763	2710.4399	0.0	0.0
1218	2628854.4	1104837.763	2710.4399	2628854.4	1104837.763	2710.4399	0.0	0.0
1219	2628854.4	1104837.763	2710.4399	2628854.4	1104837.763	2710.4399	0.0	0.0
1220	2628854.4	1104837.763	2710.4399	2628854.4	1104837.763	2710.4399	0.0	0.0
1221	2628854.4	1104837.763	2710.4399	2628854.4	1104837.763	2710.4399	0.0	0.0
1222	2628854.4	1104837.763	2710.4399	2628854.4	1104837.763	2710.4399	0.0	0.0
1223	2628854.4	1104837.763	2710.4399	2628854.4	1104837.763	2710.4399	0.0	0.0
1229	2628815.298	1104888.582	2673.176	2628815.298	1104888.582	2673.176	0.0	0.0
1230	2628810.2419	1104907.786	2659.196	2628810.2419	1104907.786	2659.196	0.0	0.0
1231	2628802.103	1104920.144	2646.354	2628802.103	1104920.144	2646.354	0.0	0.0
1232	2628774.209	1104904.531	2632.7241	2628774.209	1104904.531	2632.7241	0.0	0.0
1237	2628646.6	1104884.456	2592.4951	2628646.299	1104884.597	2592.3701	0.3551154741825228	0.0507307820260746
1238	2628621.559	1104885.334	2585.999	2628621.819	1104885.577	2585.8811	0.3748991999644701	0.0535570285663528
1243	2628440.8879	1104851.859	2529.3669	2628440.572	1104852.037	2529.2529	0.3800957904361018	0.0542993986337288
1244	2628405.549	1104848.09	2517.4341	2628405.549	1104848.09	2517.4341	0.0	0.0
1247	2628390.671	1104891.002	2490.071	2628390.671	1104891.002	2490.071	0.0	0.0
1248	2628390.671	1104891.002	2490.071	2628390.671	1104891.002	2490.071	0.0	0.0
1249	2628390.671	1104891.002	2490.071	2628390.671	1104891.002	2490.071	0.0	0.0
1260	2628854.4	1104837.763	2710.4399	2628854.4	1104837.763	2710.4399	0.0	0.0
1261	2628854.4	1104837.763	2710.4399	2628854.4	1104837.763	2710.4399	0.0	0.0
1262	2628854.4	1104837.763	2710.4399	2628854.4	1104837.763	2710.4399	0.0	0.0
1263	2628854.4	1104837.763	2710.4399	2628854.4	1104837.763	2710.4399	0.0	0.0
1264	2628854.4	1104837.763	2710.4399	2628854.4	1104837.763	2710.4399	0.0	0.0
1265	2628854.4	1104837.763	2710.4399	2628854.4	1104837.763	2710.4399	0.0	0.0
1266	2628854.4	1104837.763	2710.4399	2628854.4	1104837.763	2710.4399	0.0	0.0
1267	2628854.4	1104837.763	2710.4399	2628854.4	1104837.763	2710.4399	0.0	0.0
1268	2628854.4	1104837.763	2710.4399	2628854.4	1104837.763	2710.4399	0.0	0.0
1274	2628815.298	1104888.582	2673.176	2628815.298	1104888.582	2673.176	0.0	0.0
1275	2628799.37	1104922.815	2642.4641	2628799.37	1104922.815	2642.4641	0.0	0.0
1276	2628799.37	1104922.815	2642.4641	2628799.37	1104922.815	2642.4641	0.0	0.0
1277	2628795.204	1104930.541	2636.0891	2628795.204	1104930.541	2636.0891	0.0	0.0
1278	2628770.796	1104923.913	2623.177	2628771.8051	1104925.108	2623.511	1.5993323012966214	0.2284760430423744
1284	2628614.547	1104901.594	2572.2671	2628614.6219	1104901.952	2572.064	0.4183582436844718	0.0597654633834959
1290	2628391.905	1104863.537	2500.667	2628392.513	1104863.918	2500.814	0.7324165481805979	0.1046309354543711
1291	2628395.053	1104891.663	2492.647	2628395.053	1104891.663	2492.647	0.0	0.0
1292	2628390.671	1104891.002	2490.071	2628390.671	1104891.002	2490.071	0.0	0.0
1293	2628390.671	1104891.002	2490.071	2628390.671	1104891.002	2490.071	0.0	0.0
1305	2628854.4	1104837.763	2710.4399	2628854.4	1104837.763	2710.4399	0.0	0.0
1306	2628854.4	1104837.763	2710.4399	2628854.4	1104837.763	2710.4399	0.0	0.0
1307	2628854.4	1104837.763	2710.4399	2628854.4	1104837.763	2710.4399	0.0	0.0
1308	2628854.4	1104837.763	2710.4399	2628854.4	1104837.763	2710.4399	0.0	0.0
1309	2628854.4	1104837.763	2710.4399	2628854.4	1104837.763	2710.4399	0.0	0.0
1310	2628854.4	1104837.763	2710.4399	2628854.4	1104837.763	2710.4399	0.0	0.0
1311	2628854.4	1104837.763	2710.4399	2628854.4	1104837.763	2710.4399	0.0	0.0
1312	2628854.4	1104837.763	2710.4399	2628854.4	1104837.763	2710.4399	0.0	0.0
1313	2628854.4	1104837.763	2710.4399	2628854.4	1104837.763	2710.4399	0.0	0.0
1319	2628815.298	1104888.582	2673.176	2628815.298	1104888.582	2673.176	0.0	0.0
1320	2628799.37	1104922.815	2642.4641	2628799.37	1104922.815	2642.4641	0.0	0.0
1321	2628799.37	1104922.815	2642.4641	2628799.37	1104922.815	2642.4641	0.0	0.0
1322	2628794.8781	1104931.049	2635.719	2628795.057	1104930.785	2635.99	0.4184999524100327	0.0597857074871475
1323	2628785.127	1104944.916	2622.812	2628785.127	1104944.916	2622.812	0.0	0.0
1324	2628758.693	1104932.368	2610.9451	2628759.142	1104932.519	2611.207	0.5412888416007032	0.077326977371529
1330	2628607.016	1104915.981	2561.6379	2628607.566	1104916.074	2561.7429	0.5676037353011174	0.0810862479001596
1335	2628438.069	1104899.755	2508.884	2628438.069	1104899.755	2508.884	0.0	0.0
1336	2628395.053	1104891.663	2492.647	2628395.053	1104891.663	2492.647	0.0	0.0
1338	2628373.755	1104923.795	2462.929	2628373.755	1104923.795	2462.929	0.0	0.0
1350	2628854.4	1104837.763	2710.4399	2628854.4	1104837.763	2710.4399	0.0	0.0
1351	2628854.4	1104837.763	2710.4399	2628854.4	1104837.763	2710.4399	0.0	0.0
1352	2628854.4	1104837.763	2710.4399	2628854.4	1104837.763	2710.4399	0.0	0.0
1353	2628854.4	1104837.763	2710.4399	2628854.4	1104837.763	2710.4399	0.0	0.0
1354	2628854.4	1104837.763	2710.4399	2628854.4	1104837.763	2710.4399	0.0	0.0
1355	2628854.4	1104837.763	2710.4399	2628854.4	1104837.763	2710.4399	0.0	0.0
1356	2628854.4	1104837.763	2710.4399	2628854.4	1104837.763	2710.4399	0.0	0.0
1357	2628854.4	1104837.763	2710.4399	2628854.4	1104837.763	2710.4399	0.0	0.0
1364	2628815.298	1104888.582	2673.176	2628815.298	1104888.582	2673.176	0.0	0.0
1365	2628799.37	1104922.815	2642.4641	2628799.37	1104922.815	2642.4641	0.0	0.0
1366	2628799.37	1104922.815	2642.4641	2628799.37	1104922.815	2642.4641	0.0	0.0
1367	2628795.204	1104930.541	2636.0891	2628795.204	1104930.541	2636.0891	0.0	0.0
1368	2628785.127	1104944.916	2622.812	2628785.127	1104944.916	2622.812	0.0	0.0
1369	2628777.434	1104957.45	2613.1531	2628777.434	1104957.45	2613.1531	0.0	0.0
1370	2628754.741	1104949.153	2601.6641	2628755.012	1104949.083	2601.814	0.3175074960932947	0.0453582137276135
1376	2628596.704	1104932.255	2549.45	2628596.704	1104932.255	2549.45	0.0	0.0
1381	2628427.374	1104917.554	2493.885	2628426.943	1104917.305	2493.842	0.4996108484798225	0.0713729783542603
1383	2628373.755	1104923.795	2462.929	2628373.755	1104923.795	2462.929	0.0	0.0
1395	2628854.4	1104837.763	2710.4399	2628854.4	1104837.763	2710.4399	0.0	0.0
1396	2628854.4	1104837.763	2710.4399	2628854.4	1104837.763	2710.4399	0.0	0.0
1397	2628854.4	1104837.763	2710.4399	2628854.4	1104837.763	2710.4399	0.0	0.0
1398	2628854.4	1104837.763	2710.4399	2628854.4	1104837.763	2710.4399	0.0	0.0
1399	2628854.4	1104837.763	2710.4399	2628854.4	1104837.763	2710.4399	0.0	0.0
1400	2628854.4	1104837.763	2710.4399	2628854.4	1104837.763	2710.4399	0.0	0.0
1401	2628854.4	1104837.763	2710.4399	2628854.4	1104837.763	2710.4399	0.0	0.0
1402	2628854.4	1104837.763	2710.4399	2628854.4	1104837.763	2710.4399	0.0	0.0
1409	2628815.298	1104888.582	2673.176	2628815.298	1104888.582	2673.176	0.0	0.0
1410	2628799.37	1104922.815	2642.4641	2628799.37	1104922.815	2642.4641	0.0	0.0
1411	2628799.37	1104922.815	2642.4641	2628799.37	1104922.815	2642.4641	0.0	0.0
1412	2628795.204	1104930.541	2636.0891	2628795.204	1104930.541	2636.0891	0.0	0.0
1413	2628785.127	1104944.916	2622.812	2628785.127	1104944.916	2622.812	0.0	0.0
1414	2628778.855	1104955.219	2614.998	2628778.859	1104955.271	2614.9619	0.0634287788944946	0.0090612541277849
1415	2628770.575	1104967.261	2606.125	2628770.877	1104967.283	2606.312	0.3558890273796098	0.0508412896256585
1416	2628745.151	1104961.889	2589.855	2628745.2679	1104962.072	2589.8091	0.2219491381748702	0.0317070197392671
1422	2628588.266	1104948.159	2535.7351	2628588.4139	1104948.271	2535.5779	0.243167123714193	0.034738160530599
1427	2628414.785	1104932.943	2478.4529	2628414.464	1104932.679	2478.4839	0.4167709202666407	0.0595387028952343
1428	2628367.382	1104924.78	2458.053	2628367.439	1104925.241	2457.9221	0.4826021237546014	0.0689431605363716
1437	2628236.817	1105065.895	2338.406	2628236.817	1105065.895	2338.406	0.0	0.0
1438	2628232.674	1105083.348	2325.905	2628232.674	1105083.348	2325.905	0.0	0.0
1440	2628854.4	1104837.763	2710.4399	2628854.4	1104837.763	2710.4399	0.0	0.0
1441	2628854.4	1104837.763	2710.4399	2628854.4	1104837.763	2710.4399	0.0	0.0
1442	2628854.4	1104837.763	2710.4399	2628854.4	1104837.763	2710.4399	0.0	0.0
1443	2628854.4	1104837.763	2710.4399	2628854.4	1104837.763	2710.4399	0.0	0.0
1444	2628854.4	1104837.763	2710.4399	2628854.4	1104837.763	2710.4399	0.0	0.0
1445	2628854.4	1104837.763	2710.4399	2628854.4	1104837.763	2710.4399	0.0	0.0
1446	2628854.4	1104837.763	2710.4399	2628854.4	1104837.763	2710.4399	0.0	0.0
1454	2628815.298	1104888.582	2673.176	2628815.298	1104888.582	2673.176	0.0	0.0
1455	2628799.37	1104922.815	2642.4641	2628799.37	1104922.815	2642.4641	0.0	0.0
1456	2628799.37	1104922.815	2642.4641	2628799.37	1104922.815	2642.4641	0.0	0.0
1457	2628795.204	1104930.541	2636.0891	2628795.204	1104930.541	2636.0891	0.0	0.0
1458	2628780.269	1104951.186	2617.572	2628780.269	1104951.186	2617.572	0.0	0.0
1459	2628778.728	1104955.479	2614.8259	2628778.728	1104955.479	2614.8259	0.0	0.0
1460	2628763.744	1104977.947	2596.0569	2628763.744	1104977.947	2596.0569	0.0	0.0
1461	2628762.431	1104979.861	2593.5649	2628762.431	1104979.861	2593.5649	0.0	0.0
1462	2628738.542	1104975.92	2579.7141	2628738.756	1104976.139	2579.6931	0.3069169270068492	0.0438452752866927
1468	2628583.781	1104966.782	2526.135	2628583.913	1104966.895	2525.8679	0.3186462146112872	0.0455208878016124
1469	2628557.021	1104968.916	2519.7549	2628557.4449	1104969.269	2519.603	0.5721659024542198	0.0817379860648885
1473	2628402.3	1104949.218	2462.9131	2628401.402	1104949.105	2462.4719	1.006891473848854	0.1438416391212648
1481	2628241.918	1105048.145	2348.521	2628241.918	1105048.145	2348.521	0.0	0.0
1482	2628236.817	1105065.895	2338.406	2628236.817	1105065.895	2338.406	0.0	0.0
1483	2628232.674	1105083.348	2325.905	2628232.674	1105083.348	2325.905	0.0	0.0
1484	2628223.793	1105109.236	2304.512	2628223.793	1105109.236	2304.512	0.0	0.0
1485	2628854.4	1104837.763	2710.4399	2628854.4	1104837.763	2710.4399	0.0	0.0
1486	2628854.4	1104837.763	2710.4399	2628854.4	1104837.763	2710.4399	0.0	0.0
1487	2628854.4	1104837.763	2710.4399	2628854.4	1104837.763	2710.4399	0.0	0.0
1488	2628854.4	1104837.763	2710.4399	2628854.4	1104837.763	2710.4399	0.0	0.0
1489	2628854.4	1104837.763	2710.4399	2628854.4	1104837.763	2710.4399	0.0	0.0
1490	2628854.4	1104837.763	2710.4399	2628854.4	1104837.763	2710.4399	0.0	0.0
1491	2628854.4	1104837.763	2710.4399	2628854.4	1104837.763	2710.4399	0.0	0.0
1499	2628815.298	1104888.582	2673.176	2628815.298	1104888.582	2673.176	0.0	0.0
1500	2628799.37	1104922.815	2642.4641	2628799.37	1104922.815	2642.4641	0.0	0.0
1501	2628799.37	1104922.815	2642.4641	2628799.37	1104922.815	2642.4641	0.0	0.0
1502	2628795.204	1104930.541	2636.0891	2628795.204	1104930.541	2636.0891	0.0	0.0
1503	2628780.269	1104951.186	2617.572	2628785.127	1104944.916	2622.812	9.506348615546544	1.3580498022209346
1504	2628778.855	1104955.219	2614.998	2628778.855	1104955.219	2614.998	0.0	0.0
1505	2628763.744	1104977.947	2596.0569	2628763.744	1104977.947	2596.0569	0.0	0.0
1506	2628757.032	1104988.28	2585.636	2628757.032	1104988.28	2585.636	0.0	0.0
1507	2628752.902	1104994.469	2579.9529	2628752.902	1104994.469	2579.9529	0.0	0.0
1514	2628578.05	1104985.937	2516.594	2628577.828	1104986.099	2516.5181	0.2851119250867657	0.0407302750123951
1515	2628558.188	1104993.735	2509.9529	2628559.46	1104994.886	2510.5229	1.807673919522921	0.2582391313604172
1519	2628388.079	1104965.872	2446.793	2628388.079	1104965.872	2446.793	0.0	0.0
1520	2628352.468	1104966.81	2433.7	2628352.845	1104967.022	2433.6069	0.4424258245984152	0.063203689228345
1525	2628250.073	1105028.778	2354.488	2628250.073	1105028.778	2354.488	0.0	0.0
1526	2628241.97	1105047.709	2348.771	2628241.918	1105048.145	2348.521	0.505272203869709	0.0721817434099584
1527	2628236.817	1105065.895	2338.406	2628236.817	1105065.895	2338.406	0.0	0.0
1528	2628232.674	1105083.348	2325.905	2628232.674	1105083.348	2325.905	0.0	0.0
1529	2628224.215	1105107.883	2305.3821	2628224.215	1105107.883	2305.3821	0.0	0.0
1530	2628854.4	1104837.763	2710.4399	2628854.4	1104837.763	2710.4399	0.0	0.0
1531	2628854.4	1104837.763	2710.4399	2628854.4	1104837.763	2710.4399	0.0	0.0
1532	2628854.4	1104837.763	2710.4399	2628854.4	1104837.763	2710.4399	0.0	0.0
1533	2628854.4	1104837.763	2710.4399	2628854.4	1104837.763	2710.4399	0.0	0.0
1534	2628854.4	1104837.763	2710.4399	2628854.4	1104837.763	2710.4399	0.0	0.0
1535	2628854.4	1104837.763	2710.4399	2628854.4	1104837.763	2710.4399	0.0	0.0
1544	2628815.298	1104888.582	2673.176	2628815.298	1104888.582	2673.176	0.0	0.0
1545	2628799.37	1104922.815	2642.4641	2628810.2419	1104907.786	2659.196	24.98050296148792	3.56864328021256
1546	2628799.37	1104922.815	2642.4641	2628799.37	1104922.815	2642.4641	0.0	0.0
1547	2628794.8781	1104931.049	2635.719	2628794.8781	1104931.049	2635.719	0.0	0.0
1548	2628780.269	1104951.186	2617.572	2628780.269	1104951.186	2617.572	0.0	0.0
1549	2628778.855	1104955.219	2614.998	2628778.985	1104955.106	2615.1101	0.2055125543609201	0.0293589363372743
1550	2628763.744	1104977.947	2596.0569	2628763.744	1104977.947	2596.0569	0.0	0.0
1551	2628762.0959	1104980.552	2592.915	2628762.0959	1104980.552	2592.915	0.0	0.0
1552	2628747.616	1105002.507	2572.6851	2628747.616	1105002.507	2572.6851	0.0	0.0
1553	2628745.338	1105005.907	2569.4871	2628744.382	1105007.316	2568.2571	2.1005039871849047	0.3000719981692721
1559	2628587.004	1104992.866	2507.0029	2628587.004	1104992.866	2507.0029	0.0	0.0
1560	2628574.896	1105005.016	2507.2991	2628574.896	1105005.016	2507.2991	0.0	0.0
1561	2628554.0601	1105011.243	2500.4651	2628554.483	1105011.189	2500.312	0.4529900883056035	0.0647128697579433
1565	2628373.889	1104980.878	2428.822	2628374.408	1104981.183	2428.636	0.6300650758528684	0.0900092965504097
1570	2628250.233	1105029.651	2354.7009	2628249.606	1105029.755	2354.3049	0.7488397691021575	0.1069771098717368
1571	2628242.042	1105048.539	2348.438	2628241.614	1105048.745	2348.304	0.4935341932077104	0.0705048847439586
1572	2628236.817	1105065.895	2338.406	2628236.817	1105065.895	2338.406	0.0	0.0
1573	2628234.41	1105085.582	2325.761	2628234.41	1105085.582	2325.761	0.0	0.0
1574	2628223.708	1105109.57	2304.2971	2628223.708	1105109.57	2304.2971	0.0	0.0
1575	2628854.4	1104837.763	2710.4399	2628854.4	1104837.763	2710.4399	0.0	0.0
1576	2628854.4	1104837.763	2710.4399	2628854.4	1104837.763	2710.4399	0.0	0.0
1577	2628854.4	1104837.763	2710.4399	2628854.4	1104837.763	2710.4399	0.0	0.0
1578	2628854.4	1104837.763	2710.4399	2628854.4	1104837.763	2710.4399	0.0	0.0
1579	2628854.4	1104837.763	2710.4399	2628854.4	1104837.763	2710.4399	0.0	0.0
1580	2628854.4	1104837.763	2710.4399	2628854.4	1104837.763	2710.4399	0.0	0.0
1589	2628815.298	1104888.582	2673.176	2628815.298	1104888.582	2673.176	0.0	0.0
1590	2628799.37	1104922.815	2642.4641	2628799.37	1104922.815	2642.4641	0.0	0.0
1591	2628799.37	1104922.815	2642.4641	2628799.37	1104922.815	2642.4641	0.0	0.0
1592	2628795.204	1104930.541	2636.0891	2628795.204	1104930.541	2636.0891	0.0	0.0
1593	2628785.127	1104944.916	2622.812	2628785.127	1104944.916	2622.812	0.0	0.0
1594	2628779.082	1104954.9	2615.282	2628779.082	1104954.9	2615.282	0.0	0.0
1595	2628763.744	1104977.947	2596.0569	2628763.744	1104977.947	2596.0569	0.0	0.0
1596	2628762.238	1104980.386	2593.0991	2628762.358	1104980.135	2593.3081	0.3479683893579206	0.0497097699082743
1597	2628747.616	1105002.507	2572.6851	2628747.616	1105002.507	2572.6851	0.0	0.0
1598	2628745.775	1105005.287	2570.0171	2628745.775	1105005.287	2570.0171	0.0	0.0
1599	2628735.358	1105015.115	2559.02	2628735.358	1105015.115	2559.02	0.0	0.0
1602	2628711.653	1105052.683	2557.7261	2628711.2111	1105052.342	2557.365	0.664793065539306	0.0949704379341865
1605	2628579.6591	1105009.252	2495.2141	2628579.09	1105009.365	2495.019	0.6121338251851992	0.0874476893121713
1606	2628562.347	1105018.712	2495.083	2628562.101	1105018.693	2495.2749	0.3125741674209214	0.044653452488703
1607	2628545.2889	1105025.689	2489.8049	2628545.623	1105025.893	2489.771	0.3929224096774604	0.0561317728110657
1615	2628250.073	1105028.778	2354.488	2628250.073	1105028.778	2354.488	0.0	0.0
1616	2628249.355	1105033.625	2354.8679	2628249.355	1105033.625	2354.8679	0.0	0.0
1617	2628235.667	1105069.478	2335.085	2628235.667	1105069.478	2335.085	0.0	0.0
1618	2628249.355	1105033.625	2354.8679	2628249.355	1105033.625	2354.8679	0.0	0.0
1619	2628223.387	1105109.953	2304.2351	2628223.708	1105109.57	2304.2971	0.5035613169535201	0.07193733099336
1620	2628854.4	1104837.763	2710.4399	2628854.4	1104837.763	2710.4399	0.0	0.0
1621	2628854.4	1104837.763	2710.4399	2628854.4	1104837.763	2710.4399	0.0	0.0
1622	2628854.4	1104837.763	2710.4399	2628854.4	1104837.763	2710.4399	0.0	0.0
1623	2628854.4	1104837.763	2710.4399	2628854.4	1104837.763	2710.4399	0.0	0.0
1624	2628854.4	1104837.763	2710.4399	2628854.4	1104837.763	2710.4399	0.0	0.0
1625	2628854.4	1104837.763	2710.4399	2628854.4	1104837.763	2710.4399	0.0	0.0
1634	2628815.298	1104888.582	2673.176	2628815.298	1104888.582	2673.176	0.0	0.0
1635	2628799.37	1104922.815	2642.4641	2628799.37	1104922.815	2642.4641	0.0	0.0
1636	2628799.37	1104922.815	2642.4641	2628799.37	1104922.815	2642.4641	0.0	0.0
1637	2628795.204	1104930.541	2636.0891	2628795.204	1104930.541	2636.0891	0.0	0.0
1638	2628785.127	1104944.916	2622.812	2628785.127	1104944.916	2622.812	0.0	0.0
1639	2628778.855	1104955.219	2614.998	2628763.744	1104977.947	2596.0569	33.22152275567525	4.745931822239322
1640	2628763.744	1104977.947	2596.0569	2628763.744	1104977.947	2596.0569	0.0	0.0
1641	2628761.991	1104980.412	2592.9619	2628761.891	1104980.679	2592.7051	0.3837124444352461	0.0548160634907494
1642	2628753.9659	1104992.609	2581.832	2628754.248	1104992.485	2582.165	0.4537018954477957	0.0648145564925422
1643	2628745.613	1105005.437	2569.8811	2628745.613	1105005.437	2569.8811	0.0	0.0
1645	2628722.469	1105025.003	2548.0281	2628722.469	1105025.003	2548.0281	0.0	0.0
1651	2628573.198	1105024.442	2485.3311	2628573.6281	1105024.543	2485.3979	0.4468212729973543	0.0638316104281934
1652	2628554.004	1105034.016	2480.8521	2628553.903	1105034.099	2480.7439	0.1696974956503391	0.0242424993786198
1653	2628536.0649	1105041.929	2476.7781	2628535.772	1105041.751	2476.8359	0.3475848819532811	0.049654983136183
1657	2628383.622	1105031.927	2416.552	2628383.622	1105031.927	2416.552	0.0	0.0
1660	2628250.332	1105028.453	2354.917	2628250.332	1105028.453	2354.917	0.0	0.0
1661	2628241.918	1105048.145	2348.521	2628241.918	1105048.145	2348.521	0.0	0.0
1662	2628236.817	1105065.895	2338.406	2628236.817	1105065.895	2338.406	0.0	0.0
1663	2628234.41	1105085.582	2325.761	2628230.368	1105086.962	2321.436	6.078469297716644	0.8683527568166635
1664	2628224.613	1105106.068	2306.644	2628224.613	1105106.068	2306.644	0.0	0.0
1665	2628854.4	1104837.763	2710.4399	2628854.4	1104837.763	2710.4399	0.0	0.0
1666	2628854.4	1104837.763	2710.4399	2628854.4	1104837.763	2710.4399	0.0	0.0
1667	2628854.4	1104837.763	2710.4399	2628854.4	1104837.763	2710.4399	0.0	0.0
1668	2628854.4	1104837.763	2710.4399	2628854.4	1104837.763	2710.4399	0.0	0.0
1669	2628854.4	1104837.763	2710.4399	2628854.4	1104837.763	2710.4399	0.0	0.0
1679	2628811.058	1104887.483	2669.3911	2628811.058	1104887.483	2669.3911	0.0	0.0
1680	2628799.37	1104922.815	2642.4641	2628799.37	1104922.815	2642.4641	0.0	0.0
1681	2628799.37	1104922.815	2642.4641	2628799.37	1104922.815	2642.4641	0.0	0.0
1682	2628795.057	1104930.785	2635.99	2628794.8781	1104931.049	2635.719	0.4184999524100327	0.0597857074871475
1683	2628785.127	1104944.916	2622.812	2628785.127	1104944.916	2622.812	0.0	0.0
1684	2628763.744	1104977.947	2596.0569	2628763.744	1104977.947	2596.0569	0.0	0.0
1685	2628763.744	1104977.947	2596.0569	2628763.744	1104977.947	2596.0569	0.0	0.0
1686	2628762.238	1104980.386	2593.0991	2628762.238	1104980.386	2593.0991	0.0	0.0
1687	2628753.292	1104993.211	2580.7981	2628753.292	1104993.211	2580.7981	0.0	0.0
1688	2628745.743	1105005.324	2569.9919	2628745.613	1105005.437	2569.8811	0.2048063474293529	0.0292580496327647
1697	2628565.8199	1105041.511	2472.573	2628565.7629	1105041.801	2472.4021	0.3414027094576572	0.0487718156368081
1698	2628549.6281	1105051.084	2470.8379	2628549.718	1105051.512	2470.637	0.4812762409114551	0.0687537487016364
1699	2628524.571	1105054.666	2463.644	2628524.822	1105054.802	2463.5869	0.2911312591702766	0.041590179881468
1705	2628260.971	1105034.677	2355.0271	2628261.402	1105035.25	2355.0659	0.7180497475725566	0.102578535367508
1706	2628241.614	1105048.745	2348.304	2628241.858	1105048.923	2348.01	0.4214925858392352	0.0602132265484621
1707	2628235.667	1105069.478	2335.085	2628235.667	1105069.478	2335.085	0.0	0.0
1708	2628230.243	1105088.142	2320.177	2628230.243	1105088.142	2320.177	0.0	0.0
1709	2628224.613	1105106.068	2306.644	2628224.613	1105106.068	2306.644	0.0	0.0
1710	2628854.4	1104837.763	2710.4399	2628854.4	1104837.763	2710.4399	0.0	0.0
1711	2628854.4	1104837.763	2710.4399	2628854.4	1104837.763	2710.4399	0.0	0.0
1712	2628854.4	1104837.763	2710.4399	2628854.4	1104837.763	2710.4399	0.0	0.0
1713	2628854.4	1104837.763	2710.4399	2628854.4	1104837.763	2710.4399	0.0	0.0
1714	2628854.4	1104837.763	2710.4399	2628854.4	1104837.763	2710.4399	0.0	0.0
1724	2628815.298	1104888.582	2673.176	2628815.298	1104888.582	2673.176	0.0	0.0
1725	2628799.37	1104922.815	2642.4641	2628799.37	1104922.815	2642.4641	0.0	0.0
1726	2628799.37	1104922.815	2642.4641	2628799.37	1104922.815	2642.4641	0.0	0.0
1727	2628795.204	1104930.541	2636.0891	2628795.204	1104930.541	2636.0891	0.0	0.0
1728	2628785.127	1104944.916	2622.812	2628785.127	1104944.916	2622.812	0.0	0.0
1729	2628763.744	1104977.947	2596.0569	2628763.744	1104977.947	2596.0569	0.0	0.0
1730	2628763.744	1104977.947	2596.0569	2628763.744	1104977.947	2596.0569	0.0	0.0
1731	2628762.238	1104980.386	2593.0991	2628762.238	1104980.386	2593.0991	0.0	0.0
1743	2628558.816	1105057.462	2462.2	2628559.135	1105057.598	2461.9771	0.412239505351135	0.058891357907305
1744	2628540.8719	1105065.604	2459.561	2628540.328	1105065.591	2459.4729	0.5511422864618047	0.0787346123516864
1745	2628515.188	1105069.286	2450.002	2628517.829	1105070.271	2451.0649	3.012451229287835	0.4303501756125478
1748	2628382.612	1105057.262	2395.624	2628382.612	1105057.262	2395.624	0.0	0.0
1751	2628255.464	1105056.269	2342.5569	2628255.907	1105056.481	2342.489	0.4957856491462401	0.0708265213066057
1752	2628236.817	1105065.895	2338.406	2628236.817	1105065.895	2338.406	0.0	0.0
1753	2628229.799	1105088.381	2319.936	2628229.799	1105088.381	2319.936	0.0	0.0
1754	2628224.613	1105106.068	2306.644	2628224.613	1105106.068	2306.644	0.0	0.0
1755	2628854.4	1104837.763	2710.4399	2628854.4	1104837.763	2710.4399	0.0	0.0
1756	2628854.4	1104837.763	2710.4399	2628854.4	1104837.763	2710.4399	0.0	0.0
1757	2628854.4	1104837.763	2710.4399	2628854.4	1104837.763	2710.4399	0.0	0.0
1758	2628854.4	1104837.763	2710.4399	2628854.4	1104837.763	2710.4399	0.0	0.0
1769	2628815.298	1104888.582	2673.176	2628815.298	1104888.582	2673.176	0.0	0.0
1770	2628799.37	1104922.815	2642.4641	2628799.37	1104922.815	2642.4641	0.0	0.0
1771	2628799.37	1104922.815	2642.4641	2628799.37	1104922.815	2642.4641	0.0	0.0
1772	2628794.8781	1104931.049	2635.719	2628794.8781	1104931.049	2635.719	0.0	0.0
1773	2628785.127	1104944.916	2622.812	2628785.127	1104944.916	2622.812	0.0	0.0
1774	2628779.0341	1104954.956	2615.22	2628779.0341	1104954.956	2615.22	0.0	0.0
1775	2628763.744	1104977.947	2596.0569	2628763.744	1104977.947	2596.0569	0.0	0.0
1789	2628555.213	1105074.572	2453.9709	2628555.213	1105074.572	2453.9709	0.0	0.0
1790	2628533.509	1105081.315	2448.126	2628533.6591	1105081.132	2448.2939	0.2901885936881425	0.0414555133840203
1791	2628507.563	1105084.392	2438.282	2628507.8781	1105084.697	2438.45	0.4696136814636588	0.0670876687805226
1794	2628376.678	1105072.764	2381.5569	2628376.678	1105072.764	2381.5569	0.0	0.0
1797	2628247.309	1105075.082	2329.5129	2628248.048	1105075.004	2329.5071	0.743127606865001	0.1061610866950001
1798	2628229.799	1105088.381	2319.936	2628229.799	1105088.381	2319.936	0.0	0.0
1799	2628224.613	1105106.068	2306.644	2628224.613	1105106.068	2306.644	0.0	0.0
1800	2628854.4	1104837.763	2710.4399	2628854.4	1104837.763	2710.4399	0.0	0.0
1801	2628854.4	1104837.763	2710.4399	2628854.4	1104837.763	2710.4399	0.0	0.0
1802	2628854.4	1104837.763	2710.4399	2628854.4	1104837.763	2710.4399	0.0	0.0
1803	2628854.4	1104837.763	2710.4399	2628854.4	1104837.763	2710.4399	0.0	0.0
1814	2628815.298	1104888.582	2673.176	2628815.298	1104888.582	2673.176	0.0	0.0
1815	2628799.37	1104922.815	2642.4641	2628799.37	1104922.815	2642.4641	0.0	0.0
1816	2628799.37	1104922.815	2642.4641	2628799.37	1104922.815	2642.4641	0.0	0.0
1817	2628795.204	1104930.541	2636.0891	2628795.204	1104930.541	2636.0891	0.0	0.0
1818	2628785.127	1104944.916	2622.812	2628785.127	1104944.916	2622.812	0.0	0.0
1819	2628763.744	1104977.947	2596.0569	2628763.744	1104977.947	2596.0569	0.0	0.0
1820	2628763.744	1104977.947	2596.0569	2628763.744	1104977.947	2596.0569	0.0	0.0
1835	2628547.447	1105091.757	2443.29	2628547.447	1105091.757	2443.29	0.0	0.0
1836	2628530.094	1105099.012	2438.8899	2628530.094	1105099.012	2438.8899	0.0	0.0
1837	2628497.47	1105098.891	2425.4529	2628498.468	1105099.319	2426.0649	1.2464878656481502	0.1780696950925928
1838	2628466.5031	1105102.221	2413.293	2628467.421	1105102.664	2413.3	1.0192342275492905	0.1456048896498986
1839	2628407.061	1105090.782	2384.4629	2628408.688	1105091.473	2384.7949	1.79856442745338	0.2569377753504828
1840	2628359.595	1105086.743	2363.8259	2628360.012	1105086.914	2363.8411	0.4509556962127206	0.0644222423161029
1842	2628269.676	1105086.2	2325.5591	2628269.676	1105086.2	2325.5591	0.0	0.0
1843	2628237.838	1105093.858	2314.4199	2628237.838	1105093.858	2314.4199	0.0	0.0
1844	2628224.613	1105106.068	2306.644	2628224.613	1105106.068	2306.644	0.0	0.0
1845	2628854.4	1104837.763	2710.4399	2628854.4	1104837.763	2710.4399	0.0	0.0
1846	2628854.4	1104837.763	2710.4399	2628854.4	1104837.763	2710.4399	0.0	0.0
1847	2628854.4	1104837.763	2710.4399	2628854.4	1104837.763	2710.4399	0.0	0.0
1860	2628799.37	1104922.815	2642.4641	2628799.37	1104922.815	2642.4641	0.0	0.0
1861	2628799.37	1104922.815	2642.4641	2628799.37	1104922.815	2642.4641	0.0	0.0
1881	2628543.66	1105107.179	2433.4609	2628543.66	1105107.179	2433.4609	0.0	0.0
1882	2628524.9041	1105115.564	2429.417	2628525.631	1105115.578	2429.7539	0.8012997068395794	0.1144713866913684
1883	2628495.298	1105117.521	2417.1499	2628495.915	1105117.878	2417.2261	0.7168991840979133	0.1024141691568447
1884	2628459.772	1105118.902	2402.5029	2628460.158	1105119.089	2402.293	0.4775175493353767	0.0682167927621966
1885	2628390.235	1105104.21	2366.5439	2628390.921	1105104.181	2366.751	0.7171662361640447	0.1024523194520063
1888	2628258.566	1105105.274	2310.8201	2628258.951	1105105.478	2310.6211	0.4790010436224968	0.0684287205174995
1889	2628229.18	1105113.246	2301.916	2628229.539	1105113.76	2301.6221	0.6924263208127628	0.0989180458303946
1890	2628854.4	1104837.763	2710.4399	2628854.4	1104837.763	2710.4399	0.0	0.0
1891	2628854.4	1104837.763	2710.4399	2628854.4	1104837.763	2710.4399	0.0	0.0
1892	2628854.4	1104837.763	2710.4399	2628854.4	1104837.763	2710.4399	0.0	0.0
1905	2628799.37	1104922.815	2642.4641	2628799.37	1104922.815	2642.4641	0.0	0.0
1909	2628763.744	1104977.947	2596.0569	2628763.744	1104977.947	2596.0569	0.0	0.0
1927	2628534.359	1105122.078	2420.8279	2628534.569	1105121.82	2421.0669	0.4096156734549354	0.0585165247792764
1928	2628517.188	1105131.809	2417.481	2628517.13	1105132.101	2417.1599	0.4378735092464232	0.0625533584637747
1929	2628489.033	1105134.491	2406.4939	2628489.536	1105134.411	2406.605	0.5212985804708459	0.0744712257815494
1930	2628451.905	1105134.711	2390.9939	2628451.905	1105134.711	2390.9939	0.0	0.0
1934	2628252.508	1105124.237	2297.4241	2628252.951	1105124.366	2297.4751	0.4642100817114328	0.0663157259587761
1935	2628854.4	1104837.763	2710.4399	2628854.4	1104837.763	2710.4399	0.0	0.0
1936	2628854.4	1104837.763	2710.4399	2628854.4	1104837.763	2710.4399	0.0	0.0
1937	2628854.4	1104837.763	2710.4399	2628854.4	1104837.763	2710.4399	0.0	0.0
1973	2628520.38	1105134.342	2406.655	2628519.755	1105134.613	2405.844	1.0591444660540807	0.1513063522934401
1974	2628510.691	1105146.43	2406.6841	2628510.826	1105146.465	2406.625	0.1514688415155885	0.0216384059307983
1975	2628478.049	1105147.993	2392.7939	2628477.8831	1105148.193	2392.4839	0.4045031643262435	0.0577861663323205
1976	2628453.948	1105155.11	2385.3311	2628454.1	1105154.944	2385.356	0.2264509000603682	0.0323501285800526
1977	2628373.094	1105137.045	2341.0591	2628373.015	1105137.01	2340.5139	0.5520045651804258	0.0788577950257751
1980	2628854.4	1104837.763	2710.4399	2628854.4	1104837.763	2710.4399	0.0	0.0
1981	2628854.4	1104837.763	2710.4399	2628854.4	1104837.763	2710.4399	0.0	0.0
2019	2628517.095	1105150.276	2400.6709	2628517.095	1105150.276	2400.6709	0.0	0.0
2020	2628494.201	1105157.316	2391.165	2628494.7209	1105157.219	2391.2881	0.5430088583154717	0.0775726940450673
2021	2628465.342	1105161.131	2378.998	2628465.342	1105161.131	2378.998	0.0	0.0
2022	2628448.86	1105172.5	2374.968	2628449.0699	1105172.611	2374.7791	0.303417567162787	0.043345366737541
2023	2628376.909	1105158.969	2336.842	2628376.909	1105158.969	2336.842	0.0	0.0
