ID	X_x	Y_x	Z_x	X_y	Y_y	Z_y	Distances	Velocity
1241	2628521.0601	1104871.336	2553.6709	2628522.2271	1104873.147	2553.8569	2.1624536990560936	0.3089219570080134
1242	2628478.481	1104857.041	2540.1851	2628478.481	1104857.041	2540.1851	0.0	0.0
1286	2628543.416	1104890.594	2549.0669	2628542.84	1104891.308	2549.0129	0.9189602822151732	0.1312800403164533
1287	2628519.0551	1104893.635	2544.0029	2628519.486	1104894.259	2543.8889	0.7668421024675401	0.1095488717810771
1288	2628479.125	1104882.881	2530.4761	2628479.13	1104882.82	2530.488	0.0623507016583692	0.0089072430940527
1289	2628446.642	1104880.961	2522.1169	2628447.067	1104880.395	2522.512	0.8106078026398155	0.1158011146628307
1332	2628540.546	1104911.405	2538.9331	2628540.7469	1104911.966	2538.2891	0.8773926202148752	0.1253418028878393
1333	2628520.025	1104918.078	2534.6631	2628518.469	1104917.717	2533.957	1.7464347138119207	0.2494906734017029
1334	2628473.7419	1104905.924	2518.584	2628473.606	1104906.107	2518.5471	0.2309099822205449	0.0329871403172207
1378	2628530.688	1104926.917	2525.894	2628530.282	1104927.092	2525.376	0.6810176209046157	0.0972882315578022
1379	2628506.799	1104931.975	2519.999	2628506.304	1104932.026	2519.7	0.5805402657080284	0.0829343236725754
1380	2628470.293	1104927.895	2507.6951	2628470.764	1104928.255	2507.2749	0.7266423052746803	0.1038060436106686
1423	2628561.377	1104948.791	2528.2859	2628563.271	1104949.744	2529.291	2.346416632053045	0.3352023760075778
1424	2628526.538	1104947.529	2515.302	2628526.824	1104948.236	2515.5891	0.8149057674498882	0.1164151096356983
1425	2628501.38	1104950.77	2508.5061	2628501.316	1104951.521	2507.9819	0.9180864010909764	0.1311552001558537
1426	2628460.207	1104943.37	2493.772	2628461.847	1104944.816	2493.843	2.18759159817752	0.3125130854539314
1470	2628524.022	1104966.271	2506.022	2628534.392	1104973.781	2511.4319	13.899784818926475	1.985683545560925
1471	2628495.869	1104970.806	2497.8459	2628495.689	1104971.07	2497.698	0.3520943198102295	0.0502991885443185
1472	2628459.193	1104966.551	2484.3789	2628457.2	1104965.493	2483.103	2.5921677818104727	0.3703096831157818
1516	2628523.108	1104989.057	2498.106	2628523.2469	1104989.178	2498.01	0.2077262863680112	0.0296751837668587
1517	2628496.231	1104994.225	2489.4729	2628496.38	1104994.795	2489.1541	0.6698764361673724	0.095696633738196
1518	2628445.76	1104981.297	2469.499	2628445.719	1104980.953	2469.6411	0.3744454700039943	0.0534922100005706
1562	2628514.089	1105004.043	2485.6521	2628514.089	1105004.043	2485.6521	0.0	0.0
1563	2628485.5439	1105007.335	2475.728	2628485.6	1105007.729	2475.6919	0.3996078328651028	0.0570868332664432
1564	2628441.5	1105000.033	2459.0569	2628440.7889	1105000.019	2458.8621	0.7374322002311037	0.1053474571758719
1608	2628504.809	1105020.073	2472.448	2628504.809	1105020.073	2472.448	0.0	0.0
1609	2628470.422	1105019.848	2460.491	2628470.8409	1105020.103	2460.2329	0.5541821183290864	0.0791688740470123
1610	2628433.246	1105017.178	2446.4529	2628433.296	1105017.212	2446.406	0.0765219578091966	0.0109317082584566
1654	2628488.7371	1105031.112	2456.9319	2628488.7371	1105031.112	2456.9319	0.0	0.0
1655	2628459.046	1105034.588	2446.5371	2628459.053	1105034.931	2446.323	0.4043968472576858	0.0577709781796694
1656	2628420.687	1105031.864	2430.427	2628421.2791	1105031.777	2430.9651	0.8047999875872109	0.1149714267981729
1700	2628479.5601	1105046.195	2443.1851	2628481.701	1105046.942	2444.1021	2.4458844637379147	0.3494120662482735
1701	2628450.381	1105049.432	2432.9241	2628450.781	1105049.619	2433.01	0.4498308680991657	0.0642615525855951
1702	2628412.028	1105049.107	2418.032	2628412.429	1105049.244	2418.0591	0.4246226678140717	0.0606603811162959
1746	2628467.879	1105061.736	2428.7419	2628468.828	1105062.18	2429.1631	1.1292238219037671	0.1613176888433953
1747	2628437.4709	1105063.713	2417.1211	2628438.976	1105063.826	2417.5601	1.5718829501998317	0.2245547071714045
1748	2628393.14	1105061.454	2400.1111	2628393.14	1105061.454	2400.1111	0.0	0.0
1792	2628460.546	1105077.951	2417.189	2628463.027	1105079.027	2418.2739	2.913785340182673	0.4162550485975247
1793	2628423.202	1105078.135	2401.3669	2628423.486	1105078.305	2401.3459	0.3316579562835964	0.0473797080405137
