ID	X_x	Y_x	Z_x	X_y	Y_y	Z_y	Distances	Velocity
1240	2628550.588	1104872.805	2561.3069	2628550.042	1104873.527	2560.9971	0.956752862652868	0.1366789803789811
1241	2628521.507	1104873.794	2553.104	2628517.309	1104871.732	2551.2041	5.048234147935567	0.7211763068479381
1242	2628478.027	1104857.211	2540.021	2628477.6169	1104857.273	2539.905	0.4306762240960073	0.0615251748708581
1286	2628543.024	1104892.812	2548.5801	2628541.9871	1104892.71	2547.8811	1.2546579654895738	0.1792368522127962
1287	2628518.921	1104895.076	2543.5911	2628518.144	1104895.658	2543.0569	1.1080715863887456	0.1582959409126779
1288	2628479.078	1104882.936	2530.4509	2628478.8361	1104883.281	2530.116	0.5382365837661427	0.0768909405380203
1289	2628447.0179	1104880.771	2522.2429	2628447.0179	1104880.771	2522.2429	0.0	0.0
1332	2628541.118	1104913.005	2538.3579	2628540.54	1104914.136	2538.011	1.3166566028487223	0.1880938004069603
1333	2628520.186	1104919.775	2534.23	2628519.361	1104920.281	2533.646	1.1303614467770569	0.1614802066824367
1334	2628473.3101	1104907.135	2517.9741	2628472.592	1104907.928	2517.397	1.215549677997522	0.173649953999646
1378	2628530.363	1104927.486	2525.1699	2628529.681	1104928.245	2524.552	1.1928979043317491	0.170413986333107
1379	2628505.651	1104932.73	2518.8989	2628506.017	1104933.39	2518.7471	0.7698046764161167	0.1099720966308738
1380	2628470.406	1104929.076	2506.991	2628472.077	1104931.076	2507.2261	2.6167753075682176	0.3738250439383168
1423	2628563.597	1104950.077	2529.2351	2628563.983	1104949.93	2529.4231	0.4538160420119899	0.06483086314457
1424	2628527.726	1104949.872	2515.801	2628528.629	1104950.876	2516.072	1.377267584979026	0.1967525121398608
1425	2628500.795	1104951.989	2507.8181	2628500.585	1104952.566	2507.6331	0.6412908856675108	0.0916129836667872
1426	2628463.6	1104946.363	2494.281	2628461.347	1104945.715	2492.842	2.75075153364917	0.3929645048070243
1470	2628526.3929	1104967.814	2506.8479	2628525.355	1104967.342	2506.2009	1.3109650681132798	0.1872807240161828
1471	2628495.172	1104971.504	2497.1179	2628495.191	1104971.893	2496.9241	0.4350177467484444	0.0621453923926349
1472	2628459.129	1104967.268	2483.5979	2628459.722	1104968.389	2483.645	1.269058079817558	0.1812940114025082
1516	2628523.897	1104989.342	2498.0681	2628524.35	1104989.528	2498.1841	0.5032504348607438	0.0718929192658205
1517	2628496.252	1104995.389	2488.844	2628496.417	1104996.177	2488.3701	0.9342110093128062	0.1334587156161151
1518	2628446.265	1104981.996	2469.573	2628445.806	1104982.068	2469.249	0.5664282833972816	0.0809183261996116
1562	2628514.089	1105004.043	2485.6521	2628514.089	1105004.043	2485.6521	0.0	0.0
1563	2628485.858	1105007.941	2475.635	2628486.002	1105008.335	2475.0901	0.6876685319570951	0.0982383617081564
1564	2628440.14	1105000.047	2458.241	2628440.14	1105000.047	2458.241	0.0	0.0
1608	2628504.666	1105020.164	2472.375	2628504.666	1105020.164	2472.375	0.0	0.0
1609	2628470.113	1105020.39	2459.824	2628469.354	1105019.99	2459.759	0.8604103672342961	0.1229157667477565
1610	2628433.153	1105017.47	2446.2151	2628433.446	1105017.682	2446.1221	0.3734193354147124	0.0533456193449589
1654	2628488.7371	1105031.112	2456.9319	2628487.869	1105030.971	2456.5229	0.9699276314013494	0.1385610902001927
1655	2628457.6689	1105034.585	2445.7681	2628457.6689	1105034.585	2445.7681	0.0	0.0
1656	2628421.2791	1105031.777	2430.9651	2628421.405	1105031.853	2430.7639	0.2492152682907466	0.0356021811843923
1700	2628481.701	1105046.942	2444.1021	2628480.205	1105045.857	2443.6169	1.910670049838744	0.2729528642626777
1701	2628451.674	1105049.702	2433.3611	2628452.0	1105049.914	2433.375	0.3891185037352822	0.0555883576764688
1702	2628412.854	1105049.473	2418.1211	2628413.486	1105049.998	2418.3511	0.8531992734263948	0.1218856104894849
1746	2628469.3521	1105062.461	2429.3811	2628468.828	1105062.18	2429.1631	0.6333765148230616	0.0904823592604373
1747	2628438.564	1105063.864	2417.6509	2628438.976	1105063.826	2417.5601	0.4235949008457321	0.060513557263676
1748	2628392.705	1105061.618	2399.823	2628387.011	1105058.579	2396.759	7.144596069909876	1.0206565814156965
1792	2628463.027	1105079.027	2418.2739	2628463.027	1105079.027	2418.2739	0.0	0.0
1793	2628423.486	1105078.305	2401.3459	2628423.486	1105078.305	2401.3459	0.0	0.0
