ID	X_x	Y_x	Z_x	X_y	Y_y	Z_y	Distances	Velocity
10	2628632.103	1104505.282	2802.4541	2628632.103	1104505.282	2802.4541	0.0	0.0
11	2628632.103	1104505.282	2802.4541	2628632.103	1104505.282	2802.4541	0.0	0.0
12	2628632.103	1104505.282	2802.4541	2628632.103	1104505.282	2802.4541	0.0	0.0
13	2628632.103	1104505.282	2802.4541	2628632.103	1104505.282	2802.4541	0.0	0.0
14	2628632.103	1104505.282	2802.4541	2628632.103	1104505.282	2802.4541	0.0	0.0
15	2628564.757	1104513.436	2769.6909	2628564.757	1104513.436	2769.6909	0.0	0.0
16	2628564.757	1104513.436	2769.6909	2628564.757	1104513.436	2769.6909	0.0	0.0
17	2628564.757	1104513.436	2769.6909	2628564.757	1104513.436	2769.6909	0.0	0.0
18	2628564.757	1104513.436	2769.6909	2628564.757	1104513.436	2769.6909	0.0	0.0
19	2628564.757	1104513.436	2769.6909	2628564.757	1104513.436	2769.6909	0.0	0.0
20	2628564.757	1104513.436	2769.6909	2628564.757	1104513.436	2769.6909	0.0	0.0
21	2628564.757	1104513.436	2769.6909	2628564.757	1104513.436	2769.6909	0.0	0.0
22	2628427.089	1104662.762	2642.6919	2628427.089	1104662.762	2642.6919	0.0	0.0
23	2628419.439	1104670.181	2637.4299	2628419.439	1104670.181	2637.4299	0.0	0.0
24	2628419.439	1104670.181	2637.4299	2628419.439	1104670.181	2637.4299	0.0	0.0
25	2628399.423	1104728.827	2591.457	2628397.976	1104731.185	2588.207	4.268076030309057	0.6097251471870082
26	2628397.009	1104733.501	2587.8831	2628397.009	1104733.501	2587.8831	0.0	0.0
27	2628397.009	1104733.501	2587.8831	2628397.009	1104733.501	2587.8831	0.0	0.0
28	2628397.009	1104733.501	2587.8831	2628397.009	1104733.501	2587.8831	0.0	0.0
29	2628397.009	1104733.501	2587.8831	2628397.009	1104733.501	2587.8831	0.0	0.0
30	2628397.009	1104733.501	2587.8831	2628397.009	1104733.501	2587.8831	0.0	0.0
31	2628397.009	1104733.501	2587.8831	2628397.009	1104733.501	2587.8831	0.0	0.0
32	2628397.009	1104733.501	2587.8831	2628397.009	1104733.501	2587.8831	0.0	0.0
33	2628373.755	1104923.795	2462.929	2628373.755	1104923.795	2462.929	0.0	0.0
55	2628632.103	1104505.282	2802.4541	2628632.103	1104505.282	2802.4541	0.0	0.0
56	2628632.103	1104505.282	2802.4541	2628632.103	1104505.282	2802.4541	0.0	0.0
57	2628632.103	1104505.282	2802.4541	2628632.103	1104505.282	2802.4541	0.0	0.0
58	2628632.103	1104505.282	2802.4541	2628632.103	1104505.282	2802.4541	0.0	0.0
59	2628564.757	1104513.436	2769.6909	2628564.757	1104513.436	2769.6909	0.0	0.0
60	2628564.757	1104513.436	2769.6909	2628564.757	1104513.436	2769.6909	0.0	0.0
61	2628564.757	1104513.436	2769.6909	2628564.757	1104513.436	2769.6909	0.0	0.0
62	2628564.757	1104513.436	2769.6909	2628564.757	1104513.436	2769.6909	0.0	0.0
63	2628564.757	1104513.436	2769.6909	2628564.757	1104513.436	2769.6909	0.0	0.0
64	2628564.757	1104513.436	2769.6909	2628564.757	1104513.436	2769.6909	0.0	0.0
65	2628564.757	1104513.436	2769.6909	2628564.757	1104513.436	2769.6909	0.0	0.0
66	2628564.757	1104513.436	2769.6909	2628564.757	1104513.436	2769.6909	0.0	0.0
67	2628427.089	1104662.762	2642.6919	2628427.089	1104662.762	2642.6919	0.0	0.0
68	2628419.439	1104670.181	2637.4299	2628419.439	1104670.181	2637.4299	0.0	0.0
69	2628419.439	1104670.181	2637.4299	2628419.439	1104670.181	2637.4299	0.0	0.0
70	2628399.423	1104728.827	2591.457	2628399.423	1104728.827	2591.457	0.0	0.0
71	2628397.009	1104733.501	2587.8831	2628397.009	1104733.501	2587.8831	0.0	0.0
72	2628397.009	1104733.501	2587.8831	2628397.009	1104733.501	2587.8831	0.0	0.0
73	2628397.009	1104733.501	2587.8831	2628397.009	1104733.501	2587.8831	0.0	0.0
74	2628397.009	1104733.501	2587.8831	2628397.009	1104733.501	2587.8831	0.0	0.0
75	2628397.009	1104733.501	2587.8831	2628397.009	1104733.501	2587.8831	0.0	0.0
76	2628397.009	1104733.501	2587.8831	2628397.009	1104733.501	2587.8831	0.0	0.0
77	2628397.009	1104733.501	2587.8831	2628397.009	1104733.501	2587.8831	0.0	0.0
78	2628373.755	1104923.795	2462.929	2628373.755	1104923.795	2462.929	0.0	0.0
100	2628632.103	1104505.282	2802.4541	2628632.103	1104505.282	2802.4541	0.0	0.0
101	2628632.103	1104505.282	2802.4541	2628632.103	1104505.282	2802.4541	0.0	0.0
102	2628632.103	1104505.282	2802.4541	2628632.103	1104505.282	2802.4541	0.0	0.0
103	2628632.103	1104505.282	2802.4541	2628632.103	1104505.282	2802.4541	0.0	0.0
104	2628564.757	1104513.436	2769.6909	2628564.757	1104513.436	2769.6909	0.0	0.0
105	2628564.757	1104513.436	2769.6909	2628564.757	1104513.436	2769.6909	0.0	0.0
106	2628564.757	1104513.436	2769.6909	2628564.757	1104513.436	2769.6909	0.0	0.0
107	2628564.757	1104513.436	2769.6909	2628564.757	1104513.436	2769.6909	0.0	0.0
108	2628564.757	1104513.436	2769.6909	2628564.757	1104513.436	2769.6909	0.0	0.0
109	2628564.757	1104513.436	2769.6909	2628564.757	1104513.436	2769.6909	0.0	0.0
110	2628564.757	1104513.436	2769.6909	2628564.757	1104513.436	2769.6909	0.0	0.0
111	2628564.757	1104513.436	2769.6909	2628564.757	1104513.436	2769.6909	0.0	0.0
112	2628427.089	1104662.762	2642.6919	2628427.089	1104662.762	2642.6919	0.0	0.0
113	2628419.439	1104670.181	2637.4299	2628419.439	1104670.181	2637.4299	0.0	0.0
114	2628419.439	1104670.181	2637.4299	2628419.439	1104670.181	2637.4299	0.0	0.0
115	2628399.423	1104728.827	2591.457	2628399.423	1104728.827	2591.457	0.0	0.0
116	2628397.009	1104733.501	2587.8831	2628397.009	1104733.501	2587.8831	0.0	0.0
117	2628397.009	1104733.501	2587.8831	2628397.009	1104733.501	2587.8831	0.0	0.0
118	2628397.009	1104733.501	2587.8831	2628397.009	1104733.501	2587.8831	0.0	0.0
119	2628397.009	1104733.501	2587.8831	2628397.009	1104733.501	2587.8831	0.0	0.0
120	2628397.009	1104733.501	2587.8831	2628397.009	1104733.501	2587.8831	0.0	0.0
121	2628397.009	1104733.501	2587.8831	2628397.009	1104733.501	2587.8831	0.0	0.0
122	2628397.009	1104733.501	2587.8831	2628397.009	1104733.501	2587.8831	0.0	0.0
123	2628373.755	1104923.795	2462.929	2628373.755	1104923.795	2462.929	0.0	0.0
145	2628632.103	1104505.282	2802.4541	2628632.103	1104505.282	2802.4541	0.0	0.0
146	2628632.103	1104505.282	2802.4541	2628632.103	1104505.282	2802.4541	0.0	0.0
147	2628632.103	1104505.282	2802.4541	2628632.103	1104505.282	2802.4541	0.0	0.0
148	2628632.103	1104505.282	2802.4541	2628632.103	1104505.282	2802.4541	0.0	0.0
149	2628564.757	1104513.436	2769.6909	2628564.757	1104513.436	2769.6909	0.0	0.0
150	2628564.757	1104513.436	2769.6909	2628564.757	1104513.436	2769.6909	0.0	0.0
151	2628564.757	1104513.436	2769.6909	2628564.757	1104513.436	2769.6909	0.0	0.0
152	2628564.757	1104513.436	2769.6909	2628564.757	1104513.436	2769.6909	0.0	0.0
153	2628564.757	1104513.436	2769.6909	2628564.757	1104513.436	2769.6909	0.0	0.0
155	2628564.757	1104513.436	2769.6909	2628564.757	1104513.436	2769.6909	0.0	0.0
156	2628442.646	1104630.67	2666.2451	2628442.646	1104630.67	2666.2451	0.0	0.0
157	2628427.089	1104662.762	2642.6919	2628427.089	1104662.762	2642.6919	0.0	0.0
158	2628419.439	1104670.181	2637.4299	2628419.439	1104670.181	2637.4299	0.0	0.0
159	2628419.439	1104670.181	2637.4299	2628419.439	1104670.181	2637.4299	0.0	0.0
160	2628399.423	1104728.827	2591.457	2628399.423	1104728.827	2591.457	0.0	0.0
161	2628397.009	1104733.501	2587.8831	2628397.009	1104733.501	2587.8831	0.0	0.0
162	2628397.009	1104733.501	2587.8831	2628397.009	1104733.501	2587.8831	0.0	0.0
163	2628397.009	1104733.501	2587.8831	2628397.009	1104733.501	2587.8831	0.0	0.0
164	2628397.009	1104733.501	2587.8831	2628397.009	1104733.501	2587.8831	0.0	0.0
165	2628397.009	1104733.501	2587.8831	2628397.009	1104733.501	2587.8831	0.0	0.0
166	2628397.009	1104733.501	2587.8831	2628397.009	1104733.501	2587.8831	0.0	0.0
167	2628397.009	1104733.501	2587.8831	2628397.009	1104733.501	2587.8831	0.0	0.0
168	2628373.755	1104923.795	2462.929	2628373.755	1104923.795	2462.929	0.0	0.0
190	2628632.103	1104505.282	2802.4541	2628632.103	1104505.282	2802.4541	0.0	0.0
191	2628632.103	1104505.282	2802.4541	2628632.103	1104505.282	2802.4541	0.0	0.0
192	2628632.103	1104505.282	2802.4541	2628632.103	1104505.282	2802.4541	0.0	0.0
193	2628564.757	1104513.436	2769.6909	2628564.757	1104513.436	2769.6909	0.0	0.0
194	2628564.757	1104513.436	2769.6909	2628564.757	1104513.436	2769.6909	0.0	0.0
195	2628564.757	1104513.436	2769.6909	2628564.757	1104513.436	2769.6909	0.0	0.0
196	2628564.757	1104513.436	2769.6909	2628564.757	1104513.436	2769.6909	0.0	0.0
197	2628564.757	1104513.436	2769.6909	2628564.757	1104513.436	2769.6909	0.0	0.0
198	2628564.757	1104513.436	2769.6909	2628564.757	1104513.436	2769.6909	0.0	0.0
200	2628564.757	1104513.436	2769.6909	2628564.757	1104513.436	2769.6909	0.0	0.0
201	2628442.646	1104630.67	2666.2451	2628442.646	1104630.67	2666.2451	0.0	0.0
202	2628427.089	1104662.762	2642.6919	2628427.089	1104662.762	2642.6919	0.0	0.0
203	2628419.439	1104670.181	2637.4299	2628419.439	1104670.181	2637.4299	0.0	0.0
204	2628419.439	1104670.181	2637.4299	2628419.439	1104670.181	2637.4299	0.0	0.0
205	2628399.423	1104728.827	2591.457	2628399.423	1104728.827	2591.457	0.0	0.0
206	2628397.009	1104733.501	2587.8831	2628397.009	1104733.501	2587.8831	0.0	0.0
207	2628397.009	1104733.501	2587.8831	2628397.009	1104733.501	2587.8831	0.0	0.0
208	2628397.009	1104733.501	2587.8831	2628397.009	1104733.501	2587.8831	0.0	0.0
209	2628397.009	1104733.501	2587.8831	2628397.009	1104733.501	2587.8831	0.0	0.0
210	2628397.009	1104733.501	2587.8831	2628397.009	1104733.501	2587.8831	0.0	0.0
211	2628397.009	1104733.501	2587.8831	2628397.009	1104733.501	2587.8831	0.0	0.0
212	2628397.009	1104733.501	2587.8831	2628397.009	1104733.501	2587.8831	0.0	0.0
213	2628373.755	1104923.795	2462.929	2628373.755	1104923.795	2462.929	0.0	0.0
235	2628632.103	1104505.282	2802.4541	2628632.103	1104505.282	2802.4541	0.0	0.0
236	2628632.103	1104505.282	2802.4541	2628632.103	1104505.282	2802.4541	0.0	0.0
237	2628632.103	1104505.282	2802.4541	2628632.103	1104505.282	2802.4541	0.0	0.0
238	2628564.757	1104513.436	2769.6909	2628564.757	1104513.436	2769.6909	0.0	0.0
239	2628564.757	1104513.436	2769.6909	2628564.757	1104513.436	2769.6909	0.0	0.0
240	2628564.757	1104513.436	2769.6909	2628564.757	1104513.436	2769.6909	0.0	0.0
241	2628564.757	1104513.436	2769.6909	2628564.757	1104513.436	2769.6909	0.0	0.0
242	2628564.757	1104513.436	2769.6909	2628564.757	1104513.436	2769.6909	0.0	0.0
245	2628450.246	1104623.759	2669.917	2628450.246	1104623.759	2669.917	0.0	0.0
246	2628442.646	1104630.67	2666.2451	2628442.646	1104630.67	2666.2451	0.0	0.0
247	2628427.089	1104662.762	2642.6919	2628427.089	1104662.762	2642.6919	0.0	0.0
248	2628419.439	1104670.181	2637.4299	2628419.439	1104670.181	2637.4299	0.0	0.0
249	2628419.439	1104670.181	2637.4299	2628419.439	1104670.181	2637.4299	0.0	0.0
250	2628399.423	1104728.827	2591.457	2628399.423	1104728.827	2591.457	0.0	0.0
251	2628397.009	1104733.501	2587.8831	2628397.009	1104733.501	2587.8831	0.0	0.0
252	2628397.009	1104733.501	2587.8831	2628397.009	1104733.501	2587.8831	0.0	0.0
253	2628397.009	1104733.501	2587.8831	2628397.009	1104733.501	2587.8831	0.0	0.0
254	2628397.009	1104733.501	2587.8831	2628397.009	1104733.501	2587.8831	0.0	0.0
255	2628397.009	1104733.501	2587.8831	2628397.009	1104733.501	2587.8831	0.0	0.0
256	2628397.009	1104733.501	2587.8831	2628397.009	1104733.501	2587.8831	0.0	0.0
257	2628397.009	1104733.501	2587.8831	2628397.009	1104733.501	2587.8831	0.0	0.0
258	2628373.755	1104923.795	2462.929	2628373.755	1104923.795	2462.929	0.0	0.0
280	2628632.103	1104505.282	2802.4541	2628632.103	1104505.282	2802.4541	0.0	0.0
281	2628632.103	1104505.282	2802.4541	2628632.103	1104505.282	2802.4541	0.0	0.0
282	2628584.207	1104516.514	2778.25	2628584.207	1104516.514	2778.25	0.0	0.0
283	2628564.757	1104513.436	2769.6909	2628564.757	1104513.436	2769.6909	0.0	0.0
284	2628564.757	1104513.436	2769.6909	2628564.757	1104513.436	2769.6909	0.0	0.0
285	2628564.757	1104513.436	2769.6909	2628564.757	1104513.436	2769.6909	0.0	0.0
286	2628564.757	1104513.436	2769.6909	2628564.757	1104513.436	2769.6909	0.0	0.0
287	2628564.757	1104513.436	2769.6909	2628564.757	1104513.436	2769.6909	0.0	0.0
290	2628450.246	1104623.759	2669.917	2628450.246	1104623.759	2669.917	0.0	0.0
291	2628442.646	1104630.67	2666.2451	2628442.646	1104630.67	2666.2451	0.0	0.0
292	2628427.089	1104662.762	2642.6919	2628427.089	1104662.762	2642.6919	0.0	0.0
293	2628419.439	1104670.181	2637.4299	2628419.439	1104670.181	2637.4299	0.0	0.0
294	2628419.439	1104670.181	2637.4299	2628419.439	1104670.181	2637.4299	0.0	0.0
295	2628399.423	1104728.827	2591.457	2628399.423	1104728.827	2591.457	0.0	0.0
296	2628397.009	1104733.501	2587.8831	2628397.009	1104733.501	2587.8831	0.0	0.0
297	2628397.009	1104733.501	2587.8831	2628397.009	1104733.501	2587.8831	0.0	0.0
298	2628397.009	1104733.501	2587.8831	2628397.009	1104733.501	2587.8831	0.0	0.0
299	2628397.009	1104733.501	2587.8831	2628397.009	1104733.501	2587.8831	0.0	0.0
300	2628397.009	1104733.501	2587.8831	2628397.009	1104733.501	2587.8831	0.0	0.0
301	2628397.009	1104733.501	2587.8831	2628397.009	1104733.501	2587.8831	0.0	0.0
302	2628397.009	1104733.501	2587.8831	2628397.009	1104733.501	2587.8831	0.0	0.0
303	2628373.755	1104923.795	2462.929	2628373.755	1104923.795	2462.929	0.0	0.0
325	2628632.103	1104505.282	2802.4541	2628632.103	1104505.282	2802.4541	0.0	0.0
326	2628632.103	1104505.282	2802.4541	2628632.103	1104505.282	2802.4541	0.0	0.0
327	2628585.198	1104516.039	2778.8479	2628585.184	1104515.364	2779.0791	0.7136346684836679	0.1019478097833811
328	2628564.757	1104513.436	2769.6909	2628564.757	1104513.436	2769.6909	0.0	0.0
329	2628564.757	1104513.436	2769.6909	2628564.757	1104513.436	2769.6909	0.0	0.0
330	2628564.757	1104513.436	2769.6909	2628564.757	1104513.436	2769.6909	0.0	0.0
331	2628564.757	1104513.436	2769.6909	2628564.757	1104513.436	2769.6909	0.0	0.0
335	2628450.246	1104623.759	2669.917	2628449.479	1104623.568	2669.603	0.8505092592263448	0.1215013227466206
336	2628442.646	1104630.67	2666.2451	2628442.646	1104630.67	2666.2451	0.0	0.0
337	2628427.089	1104662.762	2642.6919	2628427.089	1104662.762	2642.6919	0.0	0.0
338	2628419.439	1104670.181	2637.4299	2628419.439	1104670.181	2637.4299	0.0	0.0
339	2628419.439	1104670.181	2637.4299	2628419.439	1104670.181	2637.4299	0.0	0.0
340	2628399.423	1104728.827	2591.457	2628399.423	1104728.827	2591.457	0.0	0.0
341	2628397.009	1104733.501	2587.8831	2628397.009	1104733.501	2587.8831	0.0	0.0
342	2628397.009	1104733.501	2587.8831	2628397.009	1104733.501	2587.8831	0.0	0.0
343	2628397.009	1104733.501	2587.8831	2628397.009	1104733.501	2587.8831	0.0	0.0
344	2628397.009	1104733.501	2587.8831	2628397.009	1104733.501	2587.8831	0.0	0.0
345	2628397.009	1104733.501	2587.8831	2628397.009	1104733.501	2587.8831	0.0	0.0
346	2628397.009	1104733.501	2587.8831	2628397.009	1104733.501	2587.8831	0.0	0.0
347	2628397.009	1104733.501	2587.8831	2628397.009	1104733.501	2587.8831	0.0	0.0
348	2628373.755	1104923.795	2462.929	2628373.755	1104923.795	2462.929	0.0	0.0
370	2628632.103	1104505.282	2802.4541	2628632.103	1104505.282	2802.4541	0.0	0.0
372	2628581.953	1104515.039	2777.5691	2628581.953	1104515.039	2777.5691	0.0	0.0
373	2628564.757	1104513.436	2769.6909	2628564.757	1104513.436	2769.6909	0.0	0.0
374	2628564.757	1104513.436	2769.6909	2628564.757	1104513.436	2769.6909	0.0	0.0
375	2628535.0601	1104534.28	2746.2639	2628535.0601	1104534.28	2746.2639	0.0	0.0
380	2628450.246	1104623.759	2669.917	2628450.246	1104623.759	2669.917	0.0	0.0
381	2628442.646	1104630.67	2666.2451	2628442.646	1104630.67	2666.2451	0.0	0.0
382	2628427.089	1104662.762	2642.6919	2628427.089	1104662.762	2642.6919	0.0	0.0
383	2628419.439	1104670.181	2637.4299	2628419.439	1104670.181	2637.4299	0.0	0.0
384	2628419.439	1104670.181	2637.4299	2628419.439	1104670.181	2637.4299	0.0	0.0
385	2628399.423	1104728.827	2591.457	2628399.492	1104728.371	2591.7991	0.5742206980106247	0.0820315282872321
386	2628397.009	1104733.501	2587.8831	2628397.009	1104733.501	2587.8831	0.0	0.0
387	2628397.009	1104733.501	2587.8831	2628397.009	1104733.501	2587.8831	0.0	0.0
388	2628397.009	1104733.501	2587.8831	2628397.009	1104733.501	2587.8831	0.0	0.0
389	2628397.009	1104733.501	2587.8831	2628397.009	1104733.501	2587.8831	0.0	0.0
390	2628397.009	1104733.501	2587.8831	2628397.009	1104733.501	2587.8831	0.0	0.0
391	2628397.009	1104733.501	2587.8831	2628397.009	1104733.501	2587.8831	0.0	0.0
392	2628397.009	1104733.501	2587.8831	2628397.009	1104733.501	2587.8831	0.0	0.0
393	2628373.755	1104923.795	2462.929	2628373.755	1104923.795	2462.929	0.0	0.0
415	2628629.321	1104512.429	2799.1379	2628629.321	1104512.429	2799.1379	0.0	0.0
417	2628584.722	1104516.028	2778.708	2628583.464	1104515.343	2778.115	1.550302550969442	0.2214717929956346
418	2628564.757	1104513.436	2769.6909	2628564.757	1104513.436	2769.6909	0.0	0.0
419	2628564.757	1104513.436	2769.6909	2628564.757	1104513.436	2769.6909	0.0	0.0
420	2628535.0601	1104534.28	2746.2639	2628535.0601	1104534.28	2746.2639	0.0	0.0
425	2628450.246	1104623.759	2669.917	2628450.246	1104623.759	2669.917	0.0	0.0
426	2628442.646	1104630.67	2666.2451	2628442.646	1104630.67	2666.2451	0.0	0.0
427	2628427.089	1104662.762	2642.6919	2628427.089	1104662.762	2642.6919	0.0	0.0
428	2628419.439	1104670.181	2637.4299	2628419.439	1104670.181	2637.4299	0.0	0.0
429	2628419.439	1104670.181	2637.4299	2628419.439	1104670.181	2637.4299	0.0	0.0
430	2628399.423	1104728.827	2591.457	2628397.839	1104723.888	2595.6021	6.639625818485032	0.9485179740692904
431	2628397.009	1104733.501	2587.8831	2628397.009	1104733.501	2587.8831	0.0	0.0
432	2628397.009	1104733.501	2587.8831	2628397.009	1104733.501	2587.8831	0.0	0.0
433	2628397.009	1104733.501	2587.8831	2628397.009	1104733.501	2587.8831	0.0	0.0
434	2628397.009	1104733.501	2587.8831	2628397.009	1104733.501	2587.8831	0.0	0.0
435	2628397.009	1104733.501	2587.8831	2628397.009	1104733.501	2587.8831	0.0	0.0
436	2628397.009	1104733.501	2587.8831	2628397.009	1104733.501	2587.8831	0.0	0.0
437	2628397.009	1104733.501	2587.8831	2628397.009	1104733.501	2587.8831	0.0	0.0
438	2628373.755	1104923.795	2462.929	2628373.755	1104923.795	2462.929	0.0	0.0
450	2628916.535	1104676.76	2825.4729	2628917.634	1104678.617	2825.614	2.1624428802000777	0.3089204114571539
451	2628895.351	1104665.053	2822.4009	2628895.351	1104665.053	2822.4009	0.0	0.0
452	2628875.661	1104658.49	2819.938	2628876.431	1104659.65	2819.915	1.3924902153459575	0.198927173620851
461	2628619.885	1104533.303	2783.686	2628619.885	1104533.303	2783.686	0.0	0.0
462	2628583.085	1104515.481	2778.0249	2628582.7	1104516.278	2777.729	0.933268884009638	0.1333241262870911
463	2628564.757	1104513.436	2769.6909	2628564.757	1104513.436	2769.6909	0.0	0.0
464	2628547.134	1104535.938	2753.623	2628547.134	1104535.938	2753.623	0.0	0.0
465	2628535.0601	1104534.28	2746.2639	2628535.0601	1104534.28	2746.2639	0.0	0.0
470	2628450.246	1104623.759	2669.917	2628450.246	1104623.759	2669.917	0.0	0.0
471	2628442.646	1104630.67	2666.2451	2628442.646	1104630.67	2666.2451	0.0	0.0
472	2628427.089	1104662.762	2642.6919	2628427.089	1104662.762	2642.6919	0.0	0.0
473	2628419.439	1104670.181	2637.4299	2628419.439	1104670.181	2637.4299	0.0	0.0
474	2628419.439	1104670.181	2637.4299	2628419.439	1104670.181	2637.4299	0.0	0.0
475	2628399.423	1104728.827	2591.457	2628397.839	1104723.888	2595.6021	6.639625818485032	0.9485179740692904
476	2628397.009	1104733.501	2587.8831	2628397.009	1104733.501	2587.8831	0.0	0.0
477	2628397.009	1104733.501	2587.8831	2628397.009	1104733.501	2587.8831	0.0	0.0
478	2628397.009	1104733.501	2587.8831	2628397.009	1104733.501	2587.8831	0.0	0.0
479	2628397.009	1104733.501	2587.8831	2628397.009	1104733.501	2587.8831	0.0	0.0
480	2628397.009	1104733.501	2587.8831	2628397.009	1104733.501	2587.8831	0.0	0.0
481	2628397.009	1104733.501	2587.8831	2628397.009	1104733.501	2587.8831	0.0	0.0
482	2628397.009	1104733.501	2587.8831	2628397.009	1104733.501	2587.8831	0.0	0.0
483	2628373.755	1104923.795	2462.929	2628373.755	1104923.795	2462.929	0.0	0.0
495	2628927.644	1104699.286	2816.9419	2628928.302	1104699.329	2817.1589	0.6941916164597183	0.0991702309228168
496	2628911.439	1104697.632	2815.137	2628911.907	1104698.008	2815.01	0.6136195892154633	0.0876599413164947
497	2628891.7209	1104689.61	2812.0581	2628892.0229	1104689.633	2812.197	0.333205957444982	0.0476008510635688
498	2628869.326	1104677.422	2808.4319	2628869.4449	1104677.154	2808.6279	0.3526715327142607	0.0503816475306086
499	2628844.0229	1104661.758	2804.4529	2628846.094	1104664.631	2804.989	3.582036769782342	0.5117195385403346
507	2628608.661	1104552.045	2768.3889	2628609.03	1104551.899	2768.5281	0.4205397007974938	0.0600771001139276
508	2628570.376	1104533.751	2762.658	2628570.901	1104533.888	2762.885	0.5881521911299279	0.0840217415899896
509	2628547.134	1104535.938	2753.623	2628547.134	1104535.938	2753.623	0.0	0.0
510	2628535.0601	1104534.28	2746.2639	2628535.0601	1104534.28	2746.2639	0.0	0.0
515	2628450.246	1104623.759	2669.917	2628450.246	1104623.759	2669.917	0.0	0.0
516	2628442.646	1104630.67	2666.2451	2628442.646	1104630.67	2666.2451	0.0	0.0
517	2628427.089	1104662.762	2642.6919	2628427.089	1104662.762	2642.6919	0.0	0.0
518	2628419.439	1104670.181	2637.4299	2628419.439	1104670.181	2637.4299	0.0	0.0
519	2628419.439	1104670.181	2637.4299	2628419.439	1104670.181	2637.4299	0.0	0.0
520	2628399.423	1104728.827	2591.457	2628397.569	1104723.089	2596.342	7.760488708889421	1.10864124412706
521	2628397.009	1104733.501	2587.8831	2628397.009	1104733.501	2587.8831	0.0	0.0
522	2628397.009	1104733.501	2587.8831	2628397.009	1104733.501	2587.8831	0.0	0.0
523	2628397.009	1104733.501	2587.8831	2628397.009	1104733.501	2587.8831	0.0	0.0
524	2628397.009	1104733.501	2587.8831	2628397.009	1104733.501	2587.8831	0.0	0.0
525	2628397.009	1104733.501	2587.8831	2628397.009	1104733.501	2587.8831	0.0	0.0
526	2628397.009	1104733.501	2587.8831	2628397.009	1104733.501	2587.8831	0.0	0.0
527	2628397.009	1104733.501	2587.8831	2628397.009	1104733.501	2587.8831	0.0	0.0
528	2628373.755	1104923.795	2462.929	2628373.755	1104923.795	2462.929	0.0	0.0
540	2628934.8781	1104712.326	2807.7129	2628935.064	1104712.244	2807.666	0.2085243869703062	0.0297891981386151
541	2628919.679	1104712.396	2805.8999	2628919.818	1104712.291	2806.0	0.2009129413123755	0.0287018487589107
542	2628903.173	1104711.074	2803.7129	2628903.208	1104710.925	2803.5791	0.2032939743406878	0.0290419963343839
543	2628885.043	1104707.144	2801.1311	2628885.478	1104707.59	2801.26	0.63620453475697	0.0908863621081385
544	2628867.304	1104705.229	2798.8521	2628868.021	1104706.15	2798.9619	1.1723421172986033	0.1674774453283719
553	2628593.271	1104564.176	2752.0659	2628593.722	1104564.198	2752.1089	0.4535790999383052	0.0647970142769007
554	2628557.666	1104551.364	2746.605	2628557.642	1104551.053	2746.9099	0.4361891906065048	0.0623127415152149
560	2628450.246	1104623.759	2669.917	2628450.246	1104623.759	2669.917	0.0	0.0
561	2628442.646	1104630.67	2666.2451	2628442.646	1104630.67	2666.2451	0.0	0.0
562	2628427.089	1104662.762	2642.6919	2628427.089	1104662.762	2642.6919	0.0	0.0
563	2628419.439	1104670.181	2637.4299	2628419.439	1104670.181	2637.4299	0.0	0.0
564	2628419.439	1104670.181	2637.4299	2628419.439	1104670.181	2637.4299	0.0	0.0
565	2628399.423	1104728.827	2591.457	2628399.492	1104728.371	2591.7991	0.5742206980106247	0.0820315282872321
566	2628397.009	1104733.501	2587.8831	2628397.009	1104733.501	2587.8831	0.0	0.0
567	2628397.009	1104733.501	2587.8831	2628397.009	1104733.501	2587.8831	0.0	0.0
568	2628397.009	1104733.501	2587.8831	2628397.009	1104733.501	2587.8831	0.0	0.0
569	2628397.009	1104733.501	2587.8831	2628397.009	1104733.501	2587.8831	0.0	0.0
570	2628397.009	1104733.501	2587.8831	2628397.009	1104733.501	2587.8831	0.0	0.0
571	2628397.009	1104733.501	2587.8831	2628397.009	1104733.501	2587.8831	0.0	0.0
572	2628397.009	1104733.501	2587.8831	2628397.009	1104733.501	2587.8831	0.0	0.0
573	2628373.755	1104923.795	2462.929	2628373.755	1104923.795	2462.929	0.0	0.0
585	2628933.653	1104721.39	2801.0249	2628933.653	1104721.39	2801.0249	0.0	0.0
586	2628928.226	1104729.596	2797.53	2628928.219	1104729.509	2797.603	0.1137848846113604	0.0162549835159086
587	2628914.057	1104731.493	2795.749	2628914.057	1104731.493	2795.749	0.0	0.0
588	2628898.006	1104730.894	2793.4839	2628896.67	1104727.773	2793.0911	3.4175764571704774	0.488225208167211
589	2628878.885	1104725.084	2790.2959	2628878.553	1104724.179	2790.595	1.0093115524992051	0.1441873646427436
590	2628859.524	1104720.249	2787.353	2628858.801	1104719.276	2787.4021	1.2132060049020232	0.1733151435574318
592	2628798.135	1104674.342	2774.51	2628811.234	1104697.453	2778.4961	26.862448049682516	3.8374925785260734
600	2628546.71	1104570.871	2730.5071	2628546.545	1104570.647	2730.749	0.3686686994858357	0.0526669570694051
605	2628450.246	1104623.759	2669.917	2628450.246	1104623.759	2669.917	0.0	0.0
606	2628442.646	1104630.67	2666.2451	2628442.646	1104630.67	2666.2451	0.0	0.0
607	2628427.089	1104662.762	2642.6919	2628428.046	1104663.164	2643.2561	1.1814290668002765	0.168775580971468
608	2628419.439	1104670.181	2637.4299	2628419.439	1104670.181	2637.4299	0.0	0.0
609	2628419.439	1104670.181	2637.4299	2628419.439	1104670.181	2637.4299	0.0	0.0
610	2628399.423	1104728.827	2591.457	2628397.839	1104723.888	2595.6021	6.639625818485032	0.9485179740692904
611	2628397.009	1104733.501	2587.8831	2628397.009	1104733.501	2587.8831	0.0	0.0
612	2628397.009	1104733.501	2587.8831	2628397.009	1104733.501	2587.8831	0.0	0.0
613	2628397.009	1104733.501	2587.8831	2628397.009	1104733.501	2587.8831	0.0	0.0
614	2628397.009	1104733.501	2587.8831	2628397.009	1104733.501	2587.8831	0.0	0.0
615	2628397.009	1104733.501	2587.8831	2628397.009	1104733.501	2587.8831	0.0	0.0
616	2628397.009	1104733.501	2587.8831	2628397.009	1104733.501	2587.8831	0.0	0.0
617	2628397.009	1104733.501	2587.8831	2628397.009	1104733.501	2587.8831	0.0	0.0
618	2628373.755	1104923.795	2462.929	2628373.755	1104923.795	2462.929	0.0	0.0
630	2628933.653	1104721.39	2801.0249	2628933.653	1104721.39	2801.0249	0.0	0.0
631	2628928.219	1104729.509	2797.603	2628928.219	1104729.509	2797.603	0.0	0.0
632	2628919.36	1104742.907	2790.314	2628919.36	1104742.907	2790.314	0.0	0.0
633	2628907.54	1104748.002	2785.26	2628907.54	1104748.002	2785.26	0.0	0.0
634	2628888.981	1104742.423	2781.9839	2628888.981	1104742.423	2781.9839	0.0	0.0
635	2628869.53	1104736.808	2778.634	2628869.359	1104736.464	2778.7161	0.3928325468943829	0.0561189352706261
636	2628846.156	1104725.312	2773.97	2628845.6639	1104724.912	2773.8411	0.647130295877543	0.0924471851253632
637	2628818.625	1104708.461	2768.126	2628818.754	1104708.105	2768.3589	0.4445440472964101	0.0635062924709157
646	2628533.1949	1104587.518	2714.209	2628533.734	1104587.585	2714.436	0.5887671952374208	0.0841095993196315
650	2628450.246	1104623.759	2669.917	2628449.926	1104622.86	2669.9399	0.9545288941929266	0.1363612705989895
651	2628442.646	1104630.67	2666.2451	2628442.646	1104630.67	2666.2451	0.0	0.0
652	2628427.089	1104662.762	2642.6919	2628427.089	1104662.762	2642.6919	0.0	0.0
653	2628419.439	1104670.181	2637.4299	2628419.439	1104670.181	2637.4299	0.0	0.0
654	2628419.439	1104670.181	2637.4299	2628419.439	1104670.181	2637.4299	0.0	0.0
655	2628399.423	1104728.827	2591.457	2628399.492	1104728.371	2591.7991	0.5742206980106247	0.0820315282872321
656	2628397.009	1104733.501	2587.8831	2628397.009	1104733.501	2587.8831	0.0	0.0
657	2628397.009	1104733.501	2587.8831	2628397.009	1104733.501	2587.8831	0.0	0.0
658	2628397.009	1104733.501	2587.8831	2628397.009	1104733.501	2587.8831	0.0	0.0
659	2628397.009	1104733.501	2587.8831	2628397.009	1104733.501	2587.8831	0.0	0.0
660	2628397.009	1104733.501	2587.8831	2628397.009	1104733.501	2587.8831	0.0	0.0
661	2628397.009	1104733.501	2587.8831	2628397.009	1104733.501	2587.8831	0.0	0.0
662	2628397.009	1104733.501	2587.8831	2628397.009	1104733.501	2587.8831	0.0	0.0
663	2628373.755	1104923.795	2462.929	2628373.755	1104923.795	2462.929	0.0	0.0
675	2628933.653	1104721.39	2801.0249	2628933.653	1104721.39	2801.0249	0.0	0.0
676	2628919.934	1104742.132	2790.7839	2628919.934	1104742.132	2790.7839	0.0	0.0
677	2628919.36	1104742.907	2790.314	2628919.36	1104742.907	2790.314	0.0	0.0
678	2628911.276	1104754.943	2781.6379	2628911.276	1104754.943	2781.6379	0.0	0.0
679	2628899.821	1104761.442	2774.259	2628899.995	1104761.256	2774.603	0.4280280365062237	0.0611468623580319
680	2628877.974	1104750.519	2769.678	2628877.974	1104750.519	2769.678	0.0	0.0
681	2628859.869	1104746.849	2766.5229	2628859.6899	1104746.531	2766.7271	0.4182086200947845	0.0597440885849692
682	2628831.203	1104728.249	2759.8401	2628831.082	1104727.58	2760.3989	0.8800337721130431	0.1257191103018633
683	2628809.808	1104722.843	2755.8789	2628809.808	1104722.843	2755.8789	0.0	0.0
692	2628523.019	1104608.052	2698.698	2628523.2791	1104607.827	2698.7871	0.3552686588692515	0.0507526655527502
695	2628450.246	1104623.759	2669.917	2628449.926	1104622.86	2669.9399	0.9545288941929266	0.1363612705989895
696	2628442.646	1104630.67	2666.2451	2628442.646	1104630.67	2666.2451	0.0	0.0
697	2628427.089	1104662.762	2642.6919	2628427.089	1104662.762	2642.6919	0.0	0.0
698	2628419.439	1104670.181	2637.4299	2628419.439	1104670.181	2637.4299	0.0	0.0
699	2628419.439	1104670.181	2637.4299	2628419.439	1104670.181	2637.4299	0.0	0.0
700	2628399.423	1104728.827	2591.457	2628399.492	1104728.371	2591.7991	0.5742206980106247	0.0820315282872321
701	2628397.009	1104733.501	2587.8831	2628397.009	1104733.501	2587.8831	0.0	0.0
702	2628397.009	1104733.501	2587.8831	2628397.009	1104733.501	2587.8831	0.0	0.0
703	2628397.009	1104733.501	2587.8831	2628397.009	1104733.501	2587.8831	0.0	0.0
704	2628397.009	1104733.501	2587.8831	2628397.009	1104733.501	2587.8831	0.0	0.0
705	2628397.009	1104733.501	2587.8831	2628397.009	1104733.501	2587.8831	0.0	0.0
706	2628397.009	1104733.501	2587.8831	2628397.009	1104733.501	2587.8831	0.0	0.0
707	2628397.009	1104733.501	2587.8831	2628397.009	1104733.501	2587.8831	0.0	0.0
708	2628373.755	1104923.795	2462.929	2628373.755	1104923.795	2462.929	0.0	0.0
720	2628933.653	1104721.39	2801.0249	2628933.653	1104721.39	2801.0249	0.0	0.0
721	2628919.934	1104742.132	2790.7839	2628919.934	1104742.132	2790.7839	0.0	0.0
722	2628918.066	1104744.928	2788.897	2628918.066	1104744.928	2788.897	0.0	0.0
723	2628911.027	1104755.516	2781.062	2628911.276	1104754.943	2781.6379	0.8497004238289997	0.1213857748327142
724	2628903.082	1104767.526	2772.217	2628903.082	1104767.526	2772.217	0.0	0.0
725	2628888.923	1104769.279	2762.2241	2628888.953	1104768.835	2762.333	0.4581432201121987	0.0654490314445998
726	2628866.365	1104757.973	2757.0339	2628866.069	1104757.456	2757.175	0.6122207200391895	0.0874601028627413
727	2628844.516	1104749.778	2752.448	2628844.501	1104749.328	2752.667	0.5006855299966781	0.0715265042852397
729	2628797.821	1104732.185	2742.624	2628797.702	1104731.985	2742.793	0.2876143250414873	0.0410877607202124
730	2628776.078	1104728.862	2738.749	2628776.998	1104729.052	2738.896	0.95084646491523	0.1358352092736043
738	2628514.026	1104630.048	2683.4761	2628514.679	1104630.23	2683.3989	0.6822703569137609	0.0974671938448229
739	2628484.925	1104629.354	2678.7271	2628484.774	1104629.186	2678.9761	0.3361933965769158	0.0480276280824165
740	2628450.246	1104623.759	2669.917	2628451.127	1104623.121	2670.446	1.2095643844529524	0.1727949120647074
741	2628433.0699	1104637.693	2657.863	2628442.646	1104630.67	2666.2451	14.535605272023782	2.07651503886054
742	2628427.089	1104662.762	2642.6919	2628427.089	1104662.762	2642.6919	0.0	0.0
743	2628419.439	1104670.181	2637.4299	2628419.439	1104670.181	2637.4299	0.0	0.0
744	2628419.439	1104670.181	2637.4299	2628419.439	1104670.181	2637.4299	0.0	0.0
745	2628399.423	1104728.827	2591.457	2628399.423	1104728.827	2591.457	0.0	0.0
746	2628397.009	1104733.501	2587.8831	2628397.009	1104733.501	2587.8831	0.0	0.0
747	2628397.009	1104733.501	2587.8831	2628397.009	1104733.501	2587.8831	0.0	0.0
748	2628397.009	1104733.501	2587.8831	2628397.009	1104733.501	2587.8831	0.0	0.0
749	2628397.009	1104733.501	2587.8831	2628397.009	1104733.501	2587.8831	0.0	0.0
750	2628397.009	1104733.501	2587.8831	2628397.009	1104733.501	2587.8831	0.0	0.0
751	2628397.009	1104733.501	2587.8831	2628397.009	1104733.501	2587.8831	0.0	0.0
752	2628397.009	1104733.501	2587.8831	2628397.009	1104733.501	2587.8831	0.0	0.0
753	2628373.755	1104923.795	2462.929	2628373.755	1104923.795	2462.929	0.0	0.0
765	2628919.934	1104742.132	2790.7839	2628919.934	1104742.132	2790.7839	0.0	0.0
766	2628919.934	1104742.132	2790.7839	2628919.934	1104742.132	2790.7839	0.0	0.0
767	2628919.36	1104742.907	2790.314	2628919.36	1104742.907	2790.314	0.0	0.0
768	2628911.276	1104754.943	2781.6379	2628911.276	1104754.943	2781.6379	0.0	0.0
769	2628903.082	1104767.526	2772.217	2628903.179	1104767.432	2772.3159	0.1674103044041921	0.0239157577720274
770	2628892.024	1104784.272	2755.291	2628892.024	1104784.272	2755.291	0.0	0.0
771	2628878.981	1104778.767	2750.303	2628879.3101	1104778.588	2750.6851	0.535115146329159	0.0764450209041655
772	2628855.214	1104766.608	2744.4961	2628854.944	1104765.968	2744.6621	0.7141820495356794	0.1020260070765256
773	2628834.236	1104760.362	2740.135	2628834.382	1104760.344	2740.124	0.1475161009875243	0.0210737287125034
775	2628787.625	1104744.886	2730.012	2628787.625	1104744.886	2730.012	0.0	0.0
776	2628764.238	1104739.191	2725.2539	2628764.479	1104739.175	2725.3181	0.2499172662387174	0.035702466605531
784	2628504.0	1104650.261	2668.2029	2628504.0	1104650.261	2668.2029	0.0	0.0
785	2628477.225	1104653.137	2663.9121	2628477.611	1104652.972	2664.0339	0.4370998054978437	0.0624428293568348
786	2628439.5179	1104645.341	2656.469	2628440.178	1104645.422	2656.7461	0.7204702769533577	0.1029243252790511
787	2628427.089	1104662.762	2642.6919	2628427.089	1104662.762	2642.6919	0.0	0.0
788	2628419.439	1104670.181	2637.4299	2628419.439	1104670.181	2637.4299	0.0	0.0
789	2628419.439	1104670.181	2637.4299	2628419.439	1104670.181	2637.4299	0.0	0.0
790	2628399.423	1104728.827	2591.457	2628399.492	1104728.371	2591.7991	0.5742206980106247	0.0820315282872321
791	2628397.009	1104733.501	2587.8831	2628397.009	1104733.501	2587.8831	0.0	0.0
792	2628397.009	1104733.501	2587.8831	2628397.009	1104733.501	2587.8831	0.0	0.0
793	2628397.009	1104733.501	2587.8831	2628397.009	1104733.501	2587.8831	0.0	0.0
794	2628397.009	1104733.501	2587.8831	2628397.009	1104733.501	2587.8831	0.0	0.0
795	2628397.009	1104733.501	2587.8831	2628397.009	1104733.501	2587.8831	0.0	0.0
796	2628397.009	1104733.501	2587.8831	2628397.009	1104733.501	2587.8831	0.0	0.0
797	2628397.009	1104733.501	2587.8831	2628397.009	1104733.501	2587.8831	0.0	0.0
798	2628373.755	1104923.795	2462.929	2628373.755	1104923.795	2462.929	0.0	0.0
810	2628919.934	1104742.132	2790.7839	2628919.934	1104742.132	2790.7839	0.0	0.0
811	2628919.934	1104742.132	2790.7839	2628919.934	1104742.132	2790.7839	0.0	0.0
812	2628919.36	1104742.907	2790.314	2628919.36	1104742.907	2790.314	0.0	0.0
813	2628911.276	1104754.943	2781.6379	2628911.276	1104754.943	2781.6379	0.0	0.0
814	2628903.082	1104767.526	2772.217	2628903.179	1104767.432	2772.3159	0.1674103044041921	0.0239157577720274
815	2628894.756	1104779.609	2759.7261	2628895.014	1104779.738	2759.8879	0.3307328830715753	0.0472475547245107
816	2628886.556	1104792.567	2749.3889	2628886.556	1104792.567	2749.3889	0.0	0.0
817	2628871.457	1104793.223	2739.5029	2628870.248	1104791.218	2739.041	2.386431982911985	0.3409188547017122
822	2628751.887	1104749.425	2711.312	2628751.887	1104749.425	2711.312	0.0	0.0
830	2628497.13	1104674.302	2654.093	2628498.403	1104674.478	2653.894	1.3004253150819445	0.1857750450117063
831	2628473.568	1104680.396	2650.7129	2628473.568	1104680.396	2650.7129	0.0	0.0
832	2628405.012	1104641.487	2632.269	2628404.873	1104640.824	2632.387	0.6876147176393232	0.0982306739484747
833	2628416.589	1104684.857	2630.603	2628416.589	1104684.857	2630.603	0.0	0.0
834	2628404.948	1104704.531	2616.7939	2628404.948	1104704.531	2616.7939	0.0	0.0
835	2628396.884	1104728.202	2590.4819	2628399.423	1104728.827	2591.457	2.7906927472145964	0.398670392459228
836	2628397.009	1104733.501	2587.8831	2628397.009	1104733.501	2587.8831	0.0	0.0
837	2628397.009	1104733.501	2587.8831	2628397.009	1104733.501	2587.8831	0.0	0.0
838	2628397.009	1104733.501	2587.8831	2628397.009	1104733.501	2587.8831	0.0	0.0
839	2628397.009	1104733.501	2587.8831	2628397.009	1104733.501	2587.8831	0.0	0.0
840	2628397.009	1104733.501	2587.8831	2628397.009	1104733.501	2587.8831	0.0	0.0
841	2628397.009	1104733.501	2587.8831	2628397.009	1104733.501	2587.8831	0.0	0.0
842	2628397.009	1104733.501	2587.8831	2628397.009	1104733.501	2587.8831	0.0	0.0
843	2628373.755	1104923.795	2462.929	2628373.755	1104923.795	2462.929	0.0	0.0
855	2628919.934	1104742.132	2790.7839	2628919.934	1104742.132	2790.7839	0.0	0.0
856	2628919.934	1104742.132	2790.7839	2628919.934	1104742.132	2790.7839	0.0	0.0
857	2628919.36	1104742.907	2790.314	2628919.36	1104742.907	2790.314	0.0	0.0
858	2628911.276	1104754.943	2781.6379	2628911.276	1104754.943	2781.6379	0.0	0.0
859	2628903.082	1104767.526	2772.217	2628903.179	1104767.432	2772.3159	0.1674103044041921	0.0239157577720274
860	2628894.756	1104779.609	2759.7261	2628894.756	1104779.609	2759.7261	0.0	0.0
861	2628886.556	1104792.567	2749.3889	2628886.556	1104792.567	2749.3889	0.0	0.0
862	2628875.307	1104809.465	2737.2881	2628875.307	1104809.465	2737.2881	0.0	0.0
863	2628867.421	1104814.616	2730.906	2628867.421	1104814.616	2730.906	0.0	0.0
868	2628744.766	1104767.199	2699.769	2628745.014	1104767.721	2699.3091	0.7385770169344288	0.1055110024192041
869	2628723.47	1104766.617	2695.4441	2628723.288	1104766.361	2695.5259	0.3245785575751108	0.0463683653678729
876	2628490.429	1104697.899	2640.217	2628491.1169	1104698.031	2640.1689	0.7020997220490708	0.1002999602927244
877	2628463.5389	1104700.615	2635.4741	2628463.5389	1104700.615	2635.4741	0.0	0.0
878	2628426.213	1104694.359	2627.2959	2628426.743	1104694.26	2627.4741	0.5678523045376691	0.0811217577910955
879	2628404.948	1104704.531	2616.7939	2628404.913	1104704.048	2617.0	0.5262995439718542	0.0751856491388363
880	2628410.807	1104692.872	2624.0979	2628410.815	1104693.393	2623.4761	0.8112584298154681	0.1158940614022097
881	2628397.009	1104733.501	2587.8831	2628397.009	1104733.501	2587.8831	0.0	0.0
882	2628397.009	1104733.501	2587.8831	2628397.009	1104733.501	2587.8831	0.0	0.0
883	2628397.009	1104733.501	2587.8831	2628397.009	1104733.501	2587.8831	0.0	0.0
884	2628397.009	1104733.501	2587.8831	2628397.009	1104733.501	2587.8831	0.0	0.0
885	2628397.009	1104733.501	2587.8831	2628397.009	1104733.501	2587.8831	0.0	0.0
886	2628397.009	1104733.501	2587.8831	2628397.009	1104733.501	2587.8831	0.0	0.0
887	2628397.009	1104733.501	2587.8831	2628397.009	1104733.501	2587.8831	0.0	0.0
888	2628373.755	1104923.795	2462.929	2628373.755	1104923.795	2462.929	0.0	0.0
900	2628919.934	1104742.132	2790.7839	2628919.934	1104742.132	2790.7839	0.0	0.0
901	2628919.934	1104742.132	2790.7839	2628919.934	1104742.132	2790.7839	0.0	0.0
902	2628919.36	1104742.907	2790.314	2628919.36	1104742.907	2790.314	0.0	0.0
903	2628911.027	1104755.516	2781.062	2628911.276	1104754.943	2781.6379	0.8497004238289997	0.1213857748327142
904	2628902.958	1104767.725	2772.1179	2628903.082	1104767.526	2772.217	0.2545541395621515	0.0363648770803073
905	2628894.8781	1104779.99	2759.6431	2628895.014	1104779.738	2759.8879	0.37669596504083	0.0538137092915471
906	2628886.035	1104792.109	2749.1851	2628886.035	1104792.109	2749.1851	0.0	0.0
907	2628875.307	1104809.465	2737.2881	2628875.307	1104809.465	2737.2881	0.0	0.0
908	2628863.7581	1104826.993	2721.531	2628863.7581	1104826.993	2721.531	0.0	0.0
909	2628858.908	1104825.6	2719.2151	2628858.908	1104825.6	2719.2151	0.0	0.0
914	2628737.231	1104783.989	2687.729	2628736.474	1104783.745	2687.4861	0.8316161436032526	0.118802306229036
922	2628483.259	1104720.152	2625.8501	2628483.533	1104720.342	2625.72	0.3579134110898699	0.0511304872985528
923	2628451.614	1104718.836	2619.4341	2628452.16	1104718.956	2619.3069	0.5733200154577107	0.0819028593511015
924	2628412.853	1104712.08	2610.5029	2628412.853	1104712.08	2610.5029	0.0	0.0
925	2628397.593	1104713.24	2607.606	2628397.339	1104713.518	2607.2371	0.5271500828255338	0.0753071546893619
926	2628397.009	1104733.501	2587.8831	2628397.009	1104733.501	2587.8831	0.0	0.0
927	2628397.009	1104733.501	2587.8831	2628397.009	1104733.501	2587.8831	0.0	0.0
928	2628397.617	1104771.839	2564.644	2628397.617	1104771.839	2564.644	0.0	0.0
929	2628397.009	1104733.501	2587.8831	2628397.009	1104733.501	2587.8831	0.0	0.0
930	2628397.009	1104733.501	2587.8831	2628397.009	1104733.501	2587.8831	0.0	0.0
931	2628397.009	1104733.501	2587.8831	2628397.009	1104733.501	2587.8831	0.0	0.0
932	2628397.009	1104733.501	2587.8831	2628397.009	1104733.501	2587.8831	0.0	0.0
933	2628373.755	1104923.795	2462.929	2628373.755	1104923.795	2462.929	0.0	0.0
945	2628919.934	1104742.132	2790.7839	2628919.934	1104742.132	2790.7839	0.0	0.0
946	2628919.934	1104742.132	2790.7839	2628919.934	1104742.132	2790.7839	0.0	0.0
947	2628919.105	1104743.349	2790.177	2628919.105	1104743.349	2790.177	0.0	0.0
948	2628911.027	1104755.516	2781.062	2628911.027	1104755.516	2781.062	0.0	0.0
949	2628902.702	1104768.115	2771.7981	2628903.082	1104767.526	2772.217	0.8165771303562296	0.1166538757651756
950	2628894.8781	1104779.99	2759.6431	2628895.014	1104779.738	2759.8879	0.37669596504083	0.0538137092915471
951	2628886.035	1104792.109	2749.1851	2628886.035	1104792.109	2749.1851	0.0	0.0
952	2628875.307	1104809.465	2737.2881	2628875.307	1104809.465	2737.2881	0.0	0.0
953	2628870.094	1104817.28	2732.6709	2628870.094	1104817.28	2732.6709	0.0	0.0
954	2628854.4	1104837.763	2710.4399	2628854.4	1104837.763	2710.4399	0.0	0.0
955	2628848.515	1104834.772	2707.093	2628848.566	1104834.396	2707.2019	0.394760953136225	0.0563944218766035
960	2628730.212	1104801.608	2676.2109	2628730.8149	1104801.958	2676.22	0.697188081089862	0.0995982972985517
968	2628468.079	1104735.077	2609.0129	2628468.675	1104735.176	2608.9109	0.6127160842271042	0.0875308691753006
969	2628443.666	1104741.055	2604.8979	2628444.088	1104740.923	2604.989	0.4514501188574167	0.0644928741224881
970	2628396.884	1104728.202	2590.4819	2628399.423	1104728.827	2591.457	2.7906927472145964	0.398670392459228
971	2628397.009	1104733.501	2587.8831	2628397.009	1104733.501	2587.8831	0.0	0.0
972	2628397.617	1104771.839	2564.644	2628397.617	1104771.839	2564.644	0.0	0.0
973	2628397.617	1104771.839	2564.644	2628397.617	1104771.839	2564.644	0.0	0.0
975	2628397.009	1104733.501	2587.8831	2628397.009	1104733.501	2587.8831	0.0	0.0
976	2628397.009	1104733.501	2587.8831	2628397.009	1104733.501	2587.8831	0.0	0.0
978	2628373.755	1104923.795	2462.929	2628373.755	1104923.795	2462.929	0.0	0.0
990	2628933.653	1104721.39	2801.0249	2628933.653	1104721.39	2801.0249	0.0	0.0
991	2628928.442	1104729.155	2797.9961	2628928.532	1104729.089	2798.0339	0.1178339512672895	0.0168334216096127
992	2628919.36	1104742.907	2790.314	2628919.36	1104742.907	2790.314	0.0	0.0
993	2628911.276	1104754.943	2781.6379	2628911.276	1104754.943	2781.6379	0.0	0.0
994	2628903.082	1104767.526	2772.217	2628903.082	1104767.526	2772.217	0.0	0.0
995	2628895.014	1104779.738	2759.8879	2628895.007	1104779.635	2759.9241	0.1094003655071602	0.01562862364388
996	2628886.556	1104792.567	2749.3889	2628886.556	1104792.567	2749.3889	0.0	0.0
997	2628875.307	1104809.465	2737.2881	2628875.307	1104809.465	2737.2881	0.0	0.0
998	2628854.4	1104837.763	2710.4399	2628854.4	1104837.763	2710.4399	0.0	0.0
999	2628854.4	1104837.763	2710.4399	2628854.4	1104837.763	2710.4399	0.0	0.0
1000	2628851.551	1104840.004	2707.9409	2628852.688	1104841.216	2708.6069	1.7903265066398883	0.255760929519984
1001	2628839.05	1104846.136	2696.613	2628839.1899	1104845.936	2696.7981	0.3063233913129073	0.0437604844732724
1006	2628721.774	1104817.575	2664.157	2628722.069	1104817.494	2664.3311	0.3519897867223583	0.0502842552460511
1014	2628459.9969	1104755.997	2594.7529	2628459.9969	1104755.997	2594.7529	0.0	0.0
1015	2628430.515	1104757.99	2588.667	2628430.238	1104757.766	2588.822	0.3884971043629185	0.0554995863375597
1016	2628401.6	1104760.624	2576.738	2628401.6	1104760.624	2576.738	0.0	0.0
1017	2628397.617	1104771.839	2564.644	2628397.617	1104771.839	2564.644	0.0	0.0
1018	2628397.617	1104771.839	2564.644	2628397.617	1104771.839	2564.644	0.0	0.0
1021	2628395.053	1104891.663	2492.647	2628395.053	1104891.663	2492.647	0.0	0.0
1022	2628390.671	1104891.002	2490.071	2628390.671	1104891.002	2490.071	0.0	0.0
1023	2628390.671	1104891.002	2490.071	2628390.671	1104891.002	2490.071	0.0	0.0
1024	2628390.671	1104891.002	2490.071	2628390.671	1104891.002	2490.071	0.0	0.0
1035	2628933.653	1104721.39	2801.0249	2628933.653	1104721.39	2801.0249	0.0	0.0
1036	2628928.442	1104729.155	2797.9961	2628928.532	1104729.089	2798.0339	0.1178339512672895	0.0168334216096127
1037	2628919.36	1104742.907	2790.314	2628919.36	1104742.907	2790.314	0.0	0.0
1038	2628911.276	1104754.943	2781.6379	2628911.276	1104754.943	2781.6379	0.0	0.0
1039	2628903.082	1104767.526	2772.217	2628903.212	1104767.3	2772.3889	0.312290906018454	0.0446129865740648
1040	2628894.02	1104778.056	2759.8711	2628895.014	1104779.738	2759.8879	1.9538275868697683	0.2791182266956812
1041	2628854.4	1104837.763	2710.4399	2628854.4	1104837.763	2710.4399	0.0	0.0
1042	2628854.4	1104837.763	2710.4399	2628854.4	1104837.763	2710.4399	0.0	0.0
1043	2628854.4	1104837.763	2710.4399	2628854.4	1104837.763	2710.4399	0.0	0.0
1044	2628854.4	1104837.763	2710.4399	2628854.4	1104837.763	2710.4399	0.0	0.0
1045	2628851.551	1104840.004	2707.9409	2628852.564	1104839.761	2708.76	1.3251953854463872	0.189313626492341
1046	2628839.1899	1104845.936	2696.7981	2628840.7159	1104847.65	2697.4331	2.381112555076248	0.340158936439464
1052	2628711.5291	1104830.67	2651.24	2628711.554	1104830.417	2651.4231	0.3132963772805043	0.0447566253257863
1053	2628689.656	1104830.779	2646.2739	2628689.621	1104830.408	2646.395	0.3918305884463086	0.0559757983494726
1060	2628446.332	1104772.024	2578.1101	2628445.697	1104771.988	2578.1631	0.6382240983556916	0.0911748711936702
1061	2628416.054	1104773.967	2571.6841	2628416.343	1104773.619	2571.6621	0.4528896111918348	0.0646985158845478
1062	2628397.617	1104771.839	2564.644	2628397.617	1104771.839	2564.644	0.0	0.0
1063	2628397.617	1104771.839	2564.644	2628397.617	1104771.839	2564.644	0.0	0.0
1066	2628395.053	1104891.663	2492.647	2628395.053	1104891.663	2492.647	0.0	0.0
1067	2628390.671	1104891.002	2490.071	2628390.671	1104891.002	2490.071	0.0	0.0
1068	2628390.671	1104891.002	2490.071	2628390.671	1104891.002	2490.071	0.0	0.0
1069	2628390.671	1104891.002	2490.071	2628390.671	1104891.002	2490.071	0.0	0.0
1080	2628933.653	1104721.39	2801.0249	2628933.653	1104721.39	2801.0249	0.0	0.0
1081	2628928.3101	1104729.347	2797.7871	2628928.442	1104729.155	2797.9961	0.3129578406014458	0.0447082629430636
1082	2628919.36	1104742.907	2790.314	2628919.36	1104742.907	2790.314	0.0	0.0
1083	2628911.027	1104755.516	2781.062	2628911.276	1104754.943	2781.6379	0.8497004238289997	0.1213857748327142
1084	2628854.4	1104837.763	2710.4399	2628854.4	1104837.763	2710.4399	0.0	0.0
1085	2628854.4	1104837.763	2710.4399	2628854.4	1104837.763	2710.4399	0.0	0.0
1086	2628854.4	1104837.763	2710.4399	2628854.4	1104837.763	2710.4399	0.0	0.0
1087	2628854.4	1104837.763	2710.4399	2628854.4	1104837.763	2710.4399	0.0	0.0
1088	2628854.4	1104837.763	2710.4399	2628854.4	1104837.763	2710.4399	0.0	0.0
1089	2628854.4	1104837.763	2710.4399	2628854.4	1104837.763	2710.4399	0.0	0.0
1090	2628851.4771	1104840.295	2707.843	2628852.176	1104841.122	2708.197	1.139169087690227	0.1627384410986038
1091	2628839.05	1104846.136	2696.613	2628840.7159	1104847.65	2697.4331	2.395826124979713	0.3422608749971018
1094	2628818.844	1104891.555	2676.6279	2628819.21	1104891.729	2676.6819	0.4088373759613138	0.0584053394230448
1098	2628701.934	1104844.725	2638.5791	2628701.6801	1104844.456	2638.7339	0.4009853488513664	0.0572836212644809
1099	2628679.425	1104844.696	2633.1399	2628679.425	1104844.696	2633.1399	0.0	0.0
1106	2628438.932	1104793.789	2564.3501	2628438.932	1104793.789	2564.3501	0.0	0.0
1107	2628387.513	1104777.295	2547.7251	2628387.513	1104777.295	2547.7251	0.0	0.0
1108	2628387.269	1104777.581	2547.344	2628387.269	1104777.581	2547.344	0.0	0.0
1111	2628395.291	1104893.102	2492.3491	2628395.053	1104891.663	2492.647	1.4886602736049437	0.2126657533721347
1112	2628390.671	1104891.002	2490.071	2628390.671	1104891.002	2490.071	0.0	0.0
1113	2628390.671	1104891.002	2490.071	2628390.671	1104891.002	2490.071	0.0	0.0
1114	2628390.671	1104891.002	2490.071	2628390.671	1104891.002	2490.071	0.0	0.0
1125	2628933.653	1104721.39	2801.0249	2628933.653	1104721.39	2801.0249	0.0	0.0
1126	2628928.3101	1104729.347	2797.7871	2628928.532	1104729.089	2798.0339	0.4203734651247927	0.0600533521606846
1127	2628854.4	1104837.763	2710.4399	2628854.4	1104837.763	2710.4399	0.0	0.0
1128	2628854.4	1104837.763	2710.4399	2628854.4	1104837.763	2710.4399	0.0	0.0
1129	2628854.4	1104837.763	2710.4399	2628854.4	1104837.763	2710.4399	0.0	0.0
1130	2628854.4	1104837.763	2710.4399	2628854.4	1104837.763	2710.4399	0.0	0.0
1131	2628854.4	1104837.763	2710.4399	2628854.4	1104837.763	2710.4399	0.0	0.0
1132	2628854.4	1104837.763	2710.4399	2628854.4	1104837.763	2710.4399	0.0	0.0
1133	2628854.4	1104837.763	2710.4399	2628854.4	1104837.763	2710.4399	0.0	0.0
1134	2628854.4	1104837.763	2710.4399	2628854.4	1104837.763	2710.4399	0.0	0.0
1139	2628815.459	1104899.928	2666.0371	2628815.038	1104899.688	2665.835	0.5250575298752629	0.0750082185536089
1140	2628802.249	1104892.832	2661.0659	2628802.396	1104893.073	2660.9961	0.2907955298425402	0.0415422185489343
1144	2628692.299	1104858.81	2625.759	2628691.802	1104858.652	2625.886	0.5367513390678562	0.0766787627239794
1145	2628667.735	1104857.119	2619.4089	2628668.078	1104857.079	2619.499	0.3568851499265155	0.050983592846645
1146	2628641.723	1104854.542	2612.0601	2628641.538	1104854.251	2612.2151	0.3780621642034116	0.0540088806004873
1151	2628460.494	1104812.9	2557.438	2628460.859	1104812.719	2557.772	0.526822550878859	0.0752603644112655
1152	2628430.885	1104814.792	2550.519	2628430.885	1104814.792	2550.519	0.0	0.0
1156	2628395.053	1104891.663	2492.647	2628395.053	1104891.663	2492.647	0.0	0.0
1157	2628390.671	1104891.002	2490.071	2628390.671	1104891.002	2490.071	0.0	0.0
1158	2628390.671	1104891.002	2490.071	2628390.671	1104891.002	2490.071	0.0	0.0
1159	2628390.671	1104891.002	2490.071	2628390.671	1104891.002	2490.071	0.0	0.0
1170	2628932.5129	1104722.419	2800.6831	2628932.5129	1104722.419	2800.6831	0.0	0.0
1171	2628854.4	1104837.763	2710.4399	2628854.4	1104837.763	2710.4399	0.0	0.0
1172	2628854.4	1104837.763	2710.4399	2628854.4	1104837.763	2710.4399	0.0	0.0
1173	2628854.4	1104837.763	2710.4399	2628854.4	1104837.763	2710.4399	0.0	0.0
1174	2628854.4	1104837.763	2710.4399	2628854.4	1104837.763	2710.4399	0.0	0.0
1175	2628854.4	1104837.763	2710.4399	2628854.4	1104837.763	2710.4399	0.0	0.0
1176	2628854.4	1104837.763	2710.4399	2628854.4	1104837.763	2710.4399	0.0	0.0
1177	2628854.4	1104837.763	2710.4399	2628854.4	1104837.763	2710.4399	0.0	0.0
1178	2628854.4	1104837.763	2710.4399	2628854.4	1104837.763	2710.4399	0.0	0.0
1179	2628854.4	1104837.763	2710.4399	2628854.4	1104837.763	2710.4399	0.0	0.0
1184	2628809.6689	1104908.719	2658.116	2628809.6689	1104908.719	2658.116	0.0	0.0
1185	2628809.6689	1104908.719	2658.116	2628809.6689	1104908.719	2658.116	0.0	0.0
1186	2628788.4919	1104898.668	2646.8621	2628789.64	1104899.793	2647.552	1.7492057113965356	0.249886530199505
1190	2628684.019	1104874.316	2613.8159	2628684.019	1104874.316	2613.8159	0.0	0.0
1191	2628657.365	1104870.769	2606.2971	2628657.365	1104870.769	2606.2971	0.0	0.0
1192	2628633.006	1104870.814	2599.7219	2628633.4301	1104870.846	2599.947	0.4812014338578843	0.0687430619796977
1197	2628450.7469	1104831.793	2543.0901	2628450.7469	1104831.793	2543.0901	0.0	0.0
1198	2628408.288	1104823.695	2530.0129	2628409.19	1104823.903	2530.2581	0.9575964909753172	0.1367994987107595
1203	2628390.671	1104891.002	2490.071	2628390.671	1104891.002	2490.071	0.0	0.0
1204	2628390.671	1104891.002	2490.071	2628390.671	1104891.002	2490.071	0.0	0.0
1215	2628933.653	1104721.39	2801.0249	2628933.653	1104721.39	2801.0249	0.0	0.0
1216	2628854.4	1104837.763	2710.4399	2628854.4	1104837.763	2710.4399	0.0	0.0
1217	2628854.4	1104837.763	2710.4399	2628854.4	1104837.763	2710.4399	0.0	0.0
1218	2628854.4	1104837.763	2710.4399	2628854.4	1104837.763	2710.4399	0.0	0.0
1219	2628854.4	1104837.763	2710.4399	2628854.4	1104837.763	2710.4399	0.0	0.0
1220	2628854.4	1104837.763	2710.4399	2628854.4	1104837.763	2710.4399	0.0	0.0
1221	2628854.4	1104837.763	2710.4399	2628854.4	1104837.763	2710.4399	0.0	0.0
1222	2628854.4	1104837.763	2710.4399	2628854.4	1104837.763	2710.4399	0.0	0.0
1223	2628854.4	1104837.763	2710.4399	2628854.4	1104837.763	2710.4399	0.0	0.0
1229	2628815.298	1104888.582	2673.176	2628815.298	1104888.582	2673.176	0.0	0.0
1230	2628810.2419	1104907.786	2659.196	2628810.2419	1104907.786	2659.196	0.0	0.0
1231	2628802.103	1104920.144	2646.354	2628802.103	1104920.144	2646.354	0.0	0.0
1232	2628774.634	1104905.031	2632.5359	2628774.6899	1104905.08	2632.439	0.1221287026677869	0.0174469575239695
1237	2628646.6639	1104884.156	2592.7151	2628646.993	1104884.056	2592.866	0.375603008243318	0.0536575726061882
1238	2628622.415	1104884.982	2586.291	2628622.187	1104884.702	2586.385	0.3731219640680715	0.0533031377240102
1244	2628400.832	1104845.152	2516.2771	2628400.357	1104844.768	2516.2571	0.61113091899245	0.0873044169989214
1247	2628390.671	1104891.002	2490.071	2628390.671	1104891.002	2490.071	0.0	0.0
1248	2628390.671	1104891.002	2490.071	2628390.671	1104891.002	2490.071	0.0	0.0
1249	2628390.671	1104891.002	2490.071	2628390.671	1104891.002	2490.071	0.0	0.0
1260	2628854.4	1104837.763	2710.4399	2628854.4	1104837.763	2710.4399	0.0	0.0
1261	2628854.4	1104837.763	2710.4399	2628854.4	1104837.763	2710.4399	0.0	0.0
1262	2628854.4	1104837.763	2710.4399	2628854.4	1104837.763	2710.4399	0.0	0.0
1263	2628854.4	1104837.763	2710.4399	2628854.4	1104837.763	2710.4399	0.0	0.0
1264	2628854.4	1104837.763	2710.4399	2628854.4	1104837.763	2710.4399	0.0	0.0
1265	2628854.4	1104837.763	2710.4399	2628854.4	1104837.763	2710.4399	0.0	0.0
1266	2628854.4	1104837.763	2710.4399	2628854.4	1104837.763	2710.4399	0.0	0.0
1267	2628854.4	1104837.763	2710.4399	2628854.4	1104837.763	2710.4399	0.0	0.0
1268	2628854.4	1104837.763	2710.4399	2628854.4	1104837.763	2710.4399	0.0	0.0
1274	2628815.298	1104888.582	2673.176	2628815.298	1104888.582	2673.176	0.0	0.0
1275	2628799.37	1104922.815	2642.4641	2628799.37	1104922.815	2642.4641	0.0	0.0
1276	2628799.37	1104922.815	2642.4641	2628799.37	1104922.815	2642.4641	0.0	0.0
1277	2628795.204	1104930.541	2636.0891	2628795.204	1104930.541	2636.0891	0.0	0.0
1284	2628612.381	1104899.639	2573.0759	2628612.381	1104899.639	2573.0759	0.0	0.0
1291	2628395.291	1104893.102	2492.3491	2628395.053	1104891.663	2492.647	1.4886602736049437	0.2126657533721347
1292	2628390.671	1104891.002	2490.071	2628390.671	1104891.002	2490.071	0.0	0.0
1293	2628390.671	1104891.002	2490.071	2628390.671	1104891.002	2490.071	0.0	0.0
1305	2628854.4	1104837.763	2710.4399	2628854.4	1104837.763	2710.4399	0.0	0.0
1306	2628854.4	1104837.763	2710.4399	2628854.4	1104837.763	2710.4399	0.0	0.0
1307	2628854.4	1104837.763	2710.4399	2628854.4	1104837.763	2710.4399	0.0	0.0
1308	2628854.4	1104837.763	2710.4399	2628854.4	1104837.763	2710.4399	0.0	0.0
1309	2628854.4	1104837.763	2710.4399	2628854.4	1104837.763	2710.4399	0.0	0.0
1310	2628854.4	1104837.763	2710.4399	2628854.4	1104837.763	2710.4399	0.0	0.0
1311	2628854.4	1104837.763	2710.4399	2628854.4	1104837.763	2710.4399	0.0	0.0
1312	2628854.4	1104837.763	2710.4399	2628854.4	1104837.763	2710.4399	0.0	0.0
1313	2628854.4	1104837.763	2710.4399	2628854.4	1104837.763	2710.4399	0.0	0.0
1319	2628815.298	1104888.582	2673.176	2628815.298	1104888.582	2673.176	0.0	0.0
1320	2628799.37	1104922.815	2642.4641	2628799.37	1104922.815	2642.4641	0.0	0.0
1321	2628799.37	1104922.815	2642.4641	2628799.37	1104922.815	2642.4641	0.0	0.0
1322	2628795.204	1104930.541	2636.0891	2628795.204	1104930.541	2636.0891	0.0	0.0
1323	2628785.127	1104944.916	2622.812	2628785.127	1104944.916	2622.812	0.0	0.0
1324	2628759.674	1104933.454	2610.9971	2628760.134	1104933.631	2611.114	0.5065516854338132	0.0723645264905447
1330	2628604.847	1104916.447	2561.085	2628605.028	1104916.218	2561.27	0.3455821174016804	0.0493688739145257
1336	2628395.291	1104893.102	2492.3491	2628395.291	1104893.102	2492.3491	0.0	0.0
1338	2628373.755	1104923.795	2462.929	2628373.755	1104923.795	2462.929	0.0	0.0
1350	2628854.4	1104837.763	2710.4399	2628854.4	1104837.763	2710.4399	0.0	0.0
1351	2628854.4	1104837.763	2710.4399	2628854.4	1104837.763	2710.4399	0.0	0.0
1352	2628854.4	1104837.763	2710.4399	2628854.4	1104837.763	2710.4399	0.0	0.0
1353	2628854.4	1104837.763	2710.4399	2628854.4	1104837.763	2710.4399	0.0	0.0
1354	2628854.4	1104837.763	2710.4399	2628854.4	1104837.763	2710.4399	0.0	0.0
1355	2628854.4	1104837.763	2710.4399	2628854.4	1104837.763	2710.4399	0.0	0.0
1356	2628854.4	1104837.763	2710.4399	2628854.4	1104837.763	2710.4399	0.0	0.0
1357	2628854.4	1104837.763	2710.4399	2628854.4	1104837.763	2710.4399	0.0	0.0
1364	2628815.298	1104888.582	2673.176	2628815.298	1104888.582	2673.176	0.0	0.0
1365	2628799.37	1104922.815	2642.4641	2628799.37	1104922.815	2642.4641	0.0	0.0
1366	2628799.37	1104922.815	2642.4641	2628799.37	1104922.815	2642.4641	0.0	0.0
1367	2628795.204	1104930.541	2636.0891	2628795.204	1104930.541	2636.0891	0.0	0.0
1368	2628785.127	1104944.916	2622.812	2628785.127	1104944.916	2622.812	0.0	0.0
1369	2628777.434	1104957.45	2613.1531	2628777.434	1104957.45	2613.1531	0.0	0.0
1370	2628754.6021	1104950.054	2601.6279	2628754.6021	1104950.054	2601.6279	0.0	0.0
1376	2628596.348	1104932.766	2548.812	2628596.572	1104932.576	2549.23	0.5108815910126653	0.0729830844303807
1381	2628428.754	1104918.405	2493.979	2628429.599	1104918.53	2494.198	0.8818225442566778	0.1259746491795254
1383	2628373.755	1104923.795	2462.929	2628373.755	1104923.795	2462.929	0.0	0.0
1395	2628854.4	1104837.763	2710.4399	2628854.4	1104837.763	2710.4399	0.0	0.0
1396	2628854.4	1104837.763	2710.4399	2628854.4	1104837.763	2710.4399	0.0	0.0
1397	2628854.4	1104837.763	2710.4399	2628854.4	1104837.763	2710.4399	0.0	0.0
1398	2628854.4	1104837.763	2710.4399	2628854.4	1104837.763	2710.4399	0.0	0.0
1399	2628854.4	1104837.763	2710.4399	2628854.4	1104837.763	2710.4399	0.0	0.0
1400	2628854.4	1104837.763	2710.4399	2628854.4	1104837.763	2710.4399	0.0	0.0
1401	2628854.4	1104837.763	2710.4399	2628854.4	1104837.763	2710.4399	0.0	0.0
1402	2628854.4	1104837.763	2710.4399	2628854.4	1104837.763	2710.4399	0.0	0.0
1409	2628815.298	1104888.582	2673.176	2628815.298	1104888.582	2673.176	0.0	0.0
1410	2628799.37	1104922.815	2642.4641	2628799.37	1104922.815	2642.4641	0.0	0.0
1411	2628799.37	1104922.815	2642.4641	2628799.37	1104922.815	2642.4641	0.0	0.0
1412	2628795.204	1104930.541	2636.0891	2628795.204	1104930.541	2636.0891	0.0	0.0
1413	2628785.127	1104944.916	2622.812	2628785.127	1104944.916	2622.812	0.0	0.0
1414	2628778.859	1104955.271	2614.9619	2628778.855	1104955.219	2614.998	0.0634287788944946	0.0090612541277849
1415	2628770.531	1104967.853	2605.894	2628770.71	1104967.59	2606.0911	0.3742437840467169	0.0534633977209595
1416	2628745.2679	1104962.072	2589.8091	2628745.151	1104961.889	2589.855	0.2219491381748702	0.0317070197392671
1422	2628587.118	1104948.001	2536.0249	2628587.118	1104948.001	2536.0249	0.0	0.0
1427	2628416.301	1104934.349	2478.2681	2628417.3719	1104934.494	2478.552	1.1173410492600102	0.1596201498942871
1428	2628367.439	1104925.241	2457.9221	2628367.959	1104924.676	2458.4131	0.9114307433681728	0.1302043919097389
1437	2628236.817	1105065.895	2338.406	2628236.817	1105065.895	2338.406	0.0	0.0
1438	2628232.674	1105083.348	2325.905	2628232.674	1105083.348	2325.905	0.0	0.0
1440	2628854.4	1104837.763	2710.4399	2628854.4	1104837.763	2710.4399	0.0	0.0
1441	2628854.4	1104837.763	2710.4399	2628854.4	1104837.763	2710.4399	0.0	0.0
1442	2628854.4	1104837.763	2710.4399	2628854.4	1104837.763	2710.4399	0.0	0.0
1443	2628854.4	1104837.763	2710.4399	2628854.4	1104837.763	2710.4399	0.0	0.0
1444	2628854.4	1104837.763	2710.4399	2628854.4	1104837.763	2710.4399	0.0	0.0
1445	2628854.4	1104837.763	2710.4399	2628854.4	1104837.763	2710.4399	0.0	0.0
1446	2628854.4	1104837.763	2710.4399	2628854.4	1104837.763	2710.4399	0.0	0.0
1454	2628815.298	1104888.582	2673.176	2628815.298	1104888.582	2673.176	0.0	0.0
1455	2628799.37	1104922.815	2642.4641	2628799.37	1104922.815	2642.4641	0.0	0.0
1456	2628799.37	1104922.815	2642.4641	2628799.37	1104922.815	2642.4641	0.0	0.0
1457	2628795.204	1104930.541	2636.0891	2628795.204	1104930.541	2636.0891	0.0	0.0
1458	2628785.127	1104944.916	2622.812	2628785.127	1104944.916	2622.812	0.0	0.0
1459	2628778.859	1104955.271	2614.9619	2628778.859	1104955.271	2614.9619	0.0	0.0
1460	2628763.744	1104977.947	2596.0569	2628763.744	1104977.947	2596.0569	0.0	0.0
1461	2628762.199	1104980.432	2593.0381	2628762.199	1104980.432	2593.0381	0.0	0.0
1462	2628737.595	1104975.717	2578.9929	2628737.986	1104976.062	2579.2671	0.5891448377492805	0.0841635482498972
1468	2628582.954	1104967.373	2526.1631	2628582.952	1104967.451	2526.0891	0.107536040452783	0.0153622914932547
1469	2628559.599	1104971.091	2519.697	2628559.525	1104971.027	2519.7451	0.1090211447608891	0.0155744492515555
1473	2628402.981	1104949.628	2462.5901	2628402.981	1104949.628	2462.5901	0.0	0.0
1481	2628241.918	1105048.145	2348.521	2628241.97	1105047.709	2348.771	0.505272203869709	0.0721817434099584
1482	2628236.817	1105065.895	2338.406	2628236.817	1105065.895	2338.406	0.0	0.0
1483	2628232.674	1105083.348	2325.905	2628232.674	1105083.348	2325.905	0.0	0.0
1484	2628223.708	1105109.57	2304.2971	2628223.708	1105109.57	2304.2971	0.0	0.0
1485	2628854.4	1104837.763	2710.4399	2628854.4	1104837.763	2710.4399	0.0	0.0
1486	2628854.4	1104837.763	2710.4399	2628854.4	1104837.763	2710.4399	0.0	0.0
1487	2628854.4	1104837.763	2710.4399	2628854.4	1104837.763	2710.4399	0.0	0.0
1488	2628854.4	1104837.763	2710.4399	2628854.4	1104837.763	2710.4399	0.0	0.0
1489	2628854.4	1104837.763	2710.4399	2628854.4	1104837.763	2710.4399	0.0	0.0
1490	2628854.4	1104837.763	2710.4399	2628854.4	1104837.763	2710.4399	0.0	0.0
1491	2628854.4	1104837.763	2710.4399	2628854.4	1104837.763	2710.4399	0.0	0.0
1499	2628815.298	1104888.582	2673.176	2628815.298	1104888.582	2673.176	0.0	0.0
1500	2628799.37	1104922.815	2642.4641	2628799.37	1104922.815	2642.4641	0.0	0.0
1501	2628799.37	1104922.815	2642.4641	2628799.37	1104922.815	2642.4641	0.0	0.0
1502	2628795.204	1104930.541	2636.0891	2628795.204	1104930.541	2636.0891	0.0	0.0
1503	2628785.127	1104944.916	2622.812	2628785.127	1104944.916	2622.812	0.0	0.0
1504	2628763.744	1104977.947	2596.0569	2628778.859	1104955.271	2614.9619	33.16720105775785	4.738171579679693
1505	2628763.744	1104977.947	2596.0569	2628763.744	1104977.947	2596.0569	0.0	0.0
1506	2628757.032	1104988.28	2585.636	2628757.032	1104988.28	2585.636	0.0	0.0
1507	2628752.902	1104994.469	2579.9529	2628752.902	1104994.469	2579.9529	0.0	0.0
1514	2628578.549	1104986.338	2516.186	2628578.549	1104986.338	2516.186	0.0	0.0
1515	2628557.067	1104991.557	2510.4819	2628557.067	1104991.557	2510.4819	0.0	0.0
1519	2628392.723	1104967.299	2447.4319	2628391.426	1104966.544	2447.8379	1.554692895989394	0.222098985141342
1520	2628353.523	1104966.182	2434.4319	2628353.022	1104966.278	2434.155	0.5804227856877744	0.0829175408125392
1525	2628250.073	1105028.778	2354.488	2628250.332	1105028.453	2354.917	0.5972830150023778	0.0853261450003396
1526	2628241.918	1105048.145	2348.521	2628241.97	1105047.709	2348.771	0.505272203869709	0.0721817434099584
1527	2628236.817	1105065.895	2338.406	2628236.817	1105065.895	2338.406	0.0	0.0
1528	2628232.674	1105083.348	2325.905	2628232.674	1105083.348	2325.905	0.0	0.0
1529	2628223.708	1105109.57	2304.2971	2628223.793	1105109.236	2304.512	0.4061563861556165	0.0580223408793737
1530	2628854.4	1104837.763	2710.4399	2628854.4	1104837.763	2710.4399	0.0	0.0
1531	2628854.4	1104837.763	2710.4399	2628854.4	1104837.763	2710.4399	0.0	0.0
1532	2628854.4	1104837.763	2710.4399	2628854.4	1104837.763	2710.4399	0.0	0.0
1533	2628854.4	1104837.763	2710.4399	2628854.4	1104837.763	2710.4399	0.0	0.0
1534	2628854.4	1104837.763	2710.4399	2628854.4	1104837.763	2710.4399	0.0	0.0
1535	2628854.4	1104837.763	2710.4399	2628854.4	1104837.763	2710.4399	0.0	0.0
1544	2628815.298	1104888.582	2673.176	2628815.298	1104888.582	2673.176	0.0	0.0
1545	2628799.37	1104922.815	2642.4641	2628799.37	1104922.815	2642.4641	0.0	0.0
1546	2628799.37	1104922.815	2642.4641	2628799.37	1104922.815	2642.4641	0.0	0.0
1547	2628795.204	1104930.541	2636.0891	2628795.204	1104930.541	2636.0891	0.0	0.0
1548	2628785.127	1104944.916	2622.812	2628785.127	1104944.916	2622.812	0.0	0.0
1549	2628763.744	1104977.947	2596.0569	2628763.744	1104977.947	2596.0569	0.0	0.0
1550	2628763.744	1104977.947	2596.0569	2628763.744	1104977.947	2596.0569	0.0	0.0
1551	2628762.199	1104980.432	2593.0381	2628761.991	1104980.412	2592.9619	0.2224195136283067	0.0317742162326152
1552	2628747.616	1105002.507	2572.6851	2628747.616	1105002.507	2572.6851	0.0	0.0
1553	2628744.382	1105007.316	2568.2571	2628745.775	1105005.287	2570.0171	3.025704876476288	0.4322435537823268
1560	2628574.931	1105005.083	2507.0381	2628575.132	1105004.967	2507.063	0.2334031066130714	0.0333433009447245
1561	2628552.858	1105010.455	2501.0581	2628553.405	1105010.496	2501.0901	0.5494670142648077	0.0784952877521153
1565	2628375.344	1104980.488	2429.6399	2628375.848	1104980.759	2429.3469	0.6428887930976215	0.091841256156803
1570	2628250.073	1105028.778	2354.488	2628250.073	1105028.778	2354.488	0.0	0.0
1571	2628241.918	1105048.145	2348.521	2628241.97	1105047.709	2348.771	0.505272203869709	0.0721817434099584
1572	2628236.817	1105065.895	2338.406	2628236.817	1105065.895	2338.406	0.0	0.0
1573	2628234.41	1105085.582	2325.761	2628234.41	1105085.582	2325.761	0.0	0.0
1574	2628223.708	1105109.57	2304.2971	2628223.708	1105109.57	2304.2971	0.0	0.0
1575	2628854.4	1104837.763	2710.4399	2628854.4	1104837.763	2710.4399	0.0	0.0
1576	2628854.4	1104837.763	2710.4399	2628854.4	1104837.763	2710.4399	0.0	0.0
1577	2628854.4	1104837.763	2710.4399	2628854.4	1104837.763	2710.4399	0.0	0.0
1578	2628854.4	1104837.763	2710.4399	2628854.4	1104837.763	2710.4399	0.0	0.0
1579	2628854.4	1104837.763	2710.4399	2628854.4	1104837.763	2710.4399	0.0	0.0
1580	2628854.4	1104837.763	2710.4399	2628854.4	1104837.763	2710.4399	0.0	0.0
1589	2628815.298	1104888.582	2673.176	2628815.298	1104888.582	2673.176	0.0	0.0
1590	2628799.37	1104922.815	2642.4641	2628799.37	1104922.815	2642.4641	0.0	0.0
1591	2628799.37	1104922.815	2642.4641	2628799.37	1104922.815	2642.4641	0.0	0.0
1592	2628795.204	1104930.541	2636.0891	2628795.204	1104930.541	2636.0891	0.0	0.0
1593	2628785.127	1104944.916	2622.812	2628785.127	1104944.916	2622.812	0.0	0.0
1594	2628778.855	1104955.219	2614.998	2628778.859	1104955.271	2614.9619	0.0634287788944946	0.0090612541277849
1595	2628763.744	1104977.947	2596.0569	2628763.744	1104977.947	2596.0569	0.0	0.0
1596	2628762.238	1104980.386	2593.0991	2628762.501	1104979.986	2593.468	0.6043643024422718	0.0863377574917531
1597	2628747.616	1105002.507	2572.6851	2628747.616	1105002.507	2572.6851	0.0	0.0
1598	2628745.775	1105005.287	2570.0171	2628745.775	1105005.287	2570.0171	0.0	0.0
1599	2628736.71	1105016.564	2559.604	2628736.71	1105016.564	2559.604	0.0	0.0
1605	2628579.2889	1105009.149	2495.448	2628579.2889	1105009.149	2495.448	0.0	0.0
1606	2628563.953	1105018.828	2493.4561	2628563.953	1105018.828	2493.4561	0.0	0.0
1607	2628545.405	1105026.46	2489.259	2628545.2629	1105026.016	2489.5549	0.5521641240265297	0.0788805891466471
1615	2628250.073	1105028.778	2354.488	2628250.073	1105028.778	2354.488	0.0	0.0
1616	2628249.355	1105033.625	2354.8679	2628249.355	1105033.625	2354.8679	0.0	0.0
1617	2628249.355	1105033.625	2354.8679	2628249.355	1105033.625	2354.8679	0.0	0.0
1618	2628249.355	1105033.625	2354.8679	2628249.355	1105033.625	2354.8679	0.0	0.0
1619	2628224.613	1105106.068	2306.644	2628223.387	1105109.953	2304.2351	4.732768767810273	0.6761098239728962
1620	2628854.4	1104837.763	2710.4399	2628854.4	1104837.763	2710.4399	0.0	0.0
1621	2628854.4	1104837.763	2710.4399	2628854.4	1104837.763	2710.4399	0.0	0.0
1622	2628854.4	1104837.763	2710.4399	2628854.4	1104837.763	2710.4399	0.0	0.0
1623	2628854.4	1104837.763	2710.4399	2628854.4	1104837.763	2710.4399	0.0	0.0
1624	2628854.4	1104837.763	2710.4399	2628854.4	1104837.763	2710.4399	0.0	0.0
1625	2628854.4	1104837.763	2710.4399	2628854.4	1104837.763	2710.4399	0.0	0.0
1634	2628815.298	1104888.582	2673.176	2628815.298	1104888.582	2673.176	0.0	0.0
1635	2628799.37	1104922.815	2642.4641	2628799.37	1104922.815	2642.4641	0.0	0.0
1636	2628799.37	1104922.815	2642.4641	2628799.37	1104922.815	2642.4641	0.0	0.0
1637	2628795.204	1104930.541	2636.0891	2628795.204	1104930.541	2636.0891	0.0	0.0
1638	2628785.127	1104944.916	2622.812	2628785.127	1104944.916	2622.812	0.0	0.0
1639	2628763.744	1104977.947	2596.0569	2628763.744	1104977.947	2596.0569	0.0	0.0
1640	2628763.744	1104977.947	2596.0569	2628763.744	1104977.947	2596.0569	0.0	0.0
1641	2628761.991	1104980.412	2592.9619	2628762.238	1104980.386	2593.0991	0.2837407971914361	0.0405343995987765
1642	2628753.369	1104992.955	2580.9451	2628753.292	1104993.211	2580.7981	0.3050803171542411	0.0435829024506058
1643	2628745.743	1105005.324	2569.9919	2628745.879	1105005.072	2570.2371	0.3769920956177287	0.0538560136596755
1645	2628720.814	1105022.148	2546.874	2628720.814	1105022.148	2546.874	0.0	0.0
1651	2628572.45	1105025.161	2484.541	2628573.005	1105025.193	2484.6951	0.5768845722170788	0.0824120817452969
1652	2628554.86	1105033.527	2480.124	2628554.86	1105033.527	2480.124	0.0	0.0
1653	2628537.042	1105041.912	2477.177	2628536.274	1105041.37	2477.3501	0.9557989377562784	0.136542705393754
1657	2628382.871	1105031.586	2416.5591	2628382.487	1105031.382	2416.532	0.4356677744175764	0.0622382534882252
1660	2628250.073	1105028.778	2354.488	2628250.073	1105028.778	2354.488	0.0	0.0
1661	2628241.918	1105048.145	2348.521	2628241.918	1105048.145	2348.521	0.0	0.0
1662	2628236.817	1105065.895	2338.406	2628236.817	1105065.895	2338.406	0.0	0.0
1663	2628230.368	1105086.962	2321.436	2628230.368	1105086.962	2321.436	0.0	0.0
1664	2628224.613	1105106.068	2306.644	2628224.613	1105106.068	2306.644	0.0	0.0
1665	2628854.4	1104837.763	2710.4399	2628854.4	1104837.763	2710.4399	0.0	0.0
1666	2628854.4	1104837.763	2710.4399	2628854.4	1104837.763	2710.4399	0.0	0.0
1667	2628854.4	1104837.763	2710.4399	2628854.4	1104837.763	2710.4399	0.0	0.0
1668	2628854.4	1104837.763	2710.4399	2628854.4	1104837.763	2710.4399	0.0	0.0
1669	2628854.4	1104837.763	2710.4399	2628854.4	1104837.763	2710.4399	0.0	0.0
1679	2628815.298	1104888.582	2673.176	2628815.298	1104888.582	2673.176	0.0	0.0
1680	2628799.37	1104922.815	2642.4641	2628799.37	1104922.815	2642.4641	0.0	0.0
1681	2628799.37	1104922.815	2642.4641	2628799.37	1104922.815	2642.4641	0.0	0.0
1682	2628795.204	1104930.541	2636.0891	2628795.204	1104930.541	2636.0891	0.0	0.0
1683	2628785.127	1104944.916	2622.812	2628785.127	1104944.916	2622.812	0.0	0.0
1684	2628763.744	1104977.947	2596.0569	2628763.744	1104977.947	2596.0569	0.0	0.0
1685	2628763.744	1104977.947	2596.0569	2628763.744	1104977.947	2596.0569	0.0	0.0
1686	2628762.238	1104980.386	2593.0991	2628762.238	1104980.386	2593.0991	0.0	0.0
1687	2628753.833	1104992.766	2581.5371	2628753.833	1104992.766	2581.5371	0.0	0.0
1688	2628745.775	1105005.287	2570.0171	2628745.879	1105005.072	2570.2371	0.3247167998346305	0.04638811426209
1697	2628564.848	1105040.907	2472.9871	2628564.368	1105040.601	2473.0891	0.5783078767811678	0.0826154109687382
1698	2628549.6281	1105051.084	2470.8379	2628549.6281	1105051.084	2470.8379	0.0	0.0
1699	2628525.407	1105055.442	2463.1399	2628525.7419	1105055.328	2463.332	0.4025623178967759	0.0575089025566822
1705	2628261.605	1105034.934	2355.186	2628261.68	1105034.993	2355.1509	0.101676005245435	0.0145251436064907
1706	2628241.918	1105048.145	2348.521	2628241.918	1105048.145	2348.521	0.0	0.0
1707	2628236.817	1105065.895	2338.406	2628236.817	1105065.895	2338.406	0.0	0.0
1708	2628229.799	1105088.381	2319.936	2628229.799	1105088.381	2319.936	0.0	0.0
1709	2628224.613	1105106.068	2306.644	2628224.613	1105106.068	2306.644	0.0	0.0
1710	2628854.4	1104837.763	2710.4399	2628854.4	1104837.763	2710.4399	0.0	0.0
1711	2628854.4	1104837.763	2710.4399	2628854.4	1104837.763	2710.4399	0.0	0.0
1712	2628854.4	1104837.763	2710.4399	2628854.4	1104837.763	2710.4399	0.0	0.0
1713	2628854.4	1104837.763	2710.4399	2628854.4	1104837.763	2710.4399	0.0	0.0
1714	2628854.4	1104837.763	2710.4399	2628854.4	1104837.763	2710.4399	0.0	0.0
1724	2628815.298	1104888.582	2673.176	2628815.298	1104888.582	2673.176	0.0	0.0
1725	2628799.37	1104922.815	2642.4641	2628799.37	1104922.815	2642.4641	0.0	0.0
1726	2628799.37	1104922.815	2642.4641	2628799.37	1104922.815	2642.4641	0.0	0.0
1727	2628795.204	1104930.541	2636.0891	2628795.204	1104930.541	2636.0891	0.0	0.0
1728	2628785.127	1104944.916	2622.812	2628785.127	1104944.916	2622.812	0.0	0.0
1729	2628763.744	1104977.947	2596.0569	2628763.744	1104977.947	2596.0569	0.0	0.0
1730	2628763.744	1104977.947	2596.0569	2628763.744	1104977.947	2596.0569	0.0	0.0
1731	2628762.238	1104980.386	2593.0991	2628762.238	1104980.386	2593.0991	0.0	0.0
1743	2628558.4041	1105057.384	2462.469	2628558.823	1105057.655	2462.2	0.5668149697347804	0.0809735671049686
1744	2628541.766	1105066.389	2459.2471	2628541.766	1105066.389	2459.2471	0.0	0.0
1745	2628515.021	1105069.553	2449.6919	2628515.3879	1105069.472	2449.9199	0.4395004093817878	0.0627857727688268
1751	2628256.115	1105056.056	2343.156	2628256.115	1105056.056	2343.156	0.0	0.0
1752	2628236.817	1105065.895	2338.406	2628236.817	1105065.895	2338.406	0.0	0.0
1753	2628229.799	1105088.381	2319.936	2628229.799	1105088.381	2319.936	0.0	0.0
1754	2628224.613	1105106.068	2306.644	2628224.613	1105106.068	2306.644	0.0	0.0
1755	2628854.4	1104837.763	2710.4399	2628854.4	1104837.763	2710.4399	0.0	0.0
1756	2628854.4	1104837.763	2710.4399	2628854.4	1104837.763	2710.4399	0.0	0.0
1757	2628854.4	1104837.763	2710.4399	2628854.4	1104837.763	2710.4399	0.0	0.0
1758	2628854.4	1104837.763	2710.4399	2628854.4	1104837.763	2710.4399	0.0	0.0
1769	2628815.298	1104888.582	2673.176	2628815.298	1104888.582	2673.176	0.0	0.0
1770	2628799.37	1104922.815	2642.4641	2628799.37	1104922.815	2642.4641	0.0	0.0
1771	2628799.37	1104922.815	2642.4641	2628799.37	1104922.815	2642.4641	0.0	0.0
1772	2628795.204	1104930.541	2636.0891	2628795.204	1104930.541	2636.0891	0.0	0.0
1773	2628785.127	1104944.916	2622.812	2628785.127	1104944.916	2622.812	0.0	0.0
1774	2628778.859	1104955.271	2614.9619	2628778.859	1104955.271	2614.9619	0.0	0.0
1775	2628763.744	1104977.947	2596.0569	2628763.744	1104977.947	2596.0569	0.0	0.0
1789	2628554.844	1105075.289	2453.386	2628554.844	1105075.289	2453.386	0.0	0.0
1790	2628534.51	1105082.177	2447.825	2628534.51	1105082.177	2447.825	0.0	0.0
1791	2628506.292	1105084.717	2437.572	2628506.717	1105084.93	2437.6111	0.4769935117302156	0.0681419302471736
1794	2628376.316	1105073.741	2380.7949	2628376.316	1105073.741	2380.7949	0.0	0.0
1797	2628247.855	1105075.345	2329.1499	2628247.644	1105075.235	2329.4209	0.3606410958624464	0.051520156551778
1798	2628229.799	1105088.381	2319.936	2628229.799	1105088.381	2319.936	0.0	0.0
1799	2628224.613	1105106.068	2306.644	2628224.613	1105106.068	2306.644	0.0	0.0
1800	2628854.4	1104837.763	2710.4399	2628854.4	1104837.763	2710.4399	0.0	0.0
1801	2628854.4	1104837.763	2710.4399	2628854.4	1104837.763	2710.4399	0.0	0.0
1802	2628854.4	1104837.763	2710.4399	2628854.4	1104837.763	2710.4399	0.0	0.0
1803	2628854.4	1104837.763	2710.4399	2628854.4	1104837.763	2710.4399	0.0	0.0
1814	2628815.298	1104888.582	2673.176	2628815.298	1104888.582	2673.176	0.0	0.0
1815	2628799.37	1104922.815	2642.4641	2628799.37	1104922.815	2642.4641	0.0	0.0
1816	2628799.37	1104922.815	2642.4641	2628799.37	1104922.815	2642.4641	0.0	0.0
1817	2628795.204	1104930.541	2636.0891	2628795.204	1104930.541	2636.0891	0.0	0.0
1818	2628785.127	1104944.916	2622.812	2628785.127	1104944.916	2622.812	0.0	0.0
1819	2628763.744	1104977.947	2596.0569	2628763.744	1104977.947	2596.0569	0.0	0.0
1820	2628763.744	1104977.947	2596.0569	2628763.744	1104977.947	2596.0569	0.0	0.0
1835	2628548.2419	1105091.46	2442.668	2628548.0959	1105091.719	2442.9041	0.3796580171126236	0.0542368595875176
1836	2628530.308	1105099.734	2438.6179	2628530.334	1105099.475	2438.7729	0.3029554421021426	0.0432793488717346
1837	2628497.589	1105099.889	2425.2629	2628498.0229	1105100.06	2425.4319	0.4960556522046669	0.0708650931720952
1838	2628466.886	1105102.442	2413.415	2628466.863	1105102.081	2413.439	0.3625272403920261	0.0517896057702894
1839	2628408.688	1105091.473	2384.7949	2628409.615	1105091.523	2385.1809	1.0053979313023702	0.1436282759003386
1840	2628361.048	1105087.726	2363.575	2628361.299	1105087.879	2363.5061	0.3019225232766378	0.0431317890395196
1842	2628270.001	1105086.747	2325.324	2628270.001	1105086.747	2325.324	0.0	0.0
1843	2628237.686	1105093.79	2314.6321	2628237.344	1105093.661	2314.4871	0.3932302126124727	0.0561757446589246
1844	2628224.613	1105106.068	2306.644	2628224.613	1105106.068	2306.644	0.0	0.0
1845	2628854.4	1104837.763	2710.4399	2628854.4	1104837.763	2710.4399	0.0	0.0
1846	2628854.4	1104837.763	2710.4399	2628854.4	1104837.763	2710.4399	0.0	0.0
1847	2628854.4	1104837.763	2710.4399	2628854.4	1104837.763	2710.4399	0.0	0.0
1860	2628799.37	1104922.815	2642.4641	2628799.37	1104922.815	2642.4641	0.0	0.0
1861	2628799.37	1104922.815	2642.4641	2628799.37	1104922.815	2642.4641	0.0	0.0
1864	2628763.744	1104977.947	2596.0569	2628763.744	1104977.947	2596.0569	0.0	0.0
1881	2628543.343	1105108.107	2433.47	2628543.274	1105107.561	2433.1379	0.6427809969590195	0.0918258567084313
1882	2628525.886	1105116.627	2429.376	2628525.494	1105116.448	2429.2781	0.4419156141114876	0.0631308020159268
1883	2628494.61	1105118.169	2416.646	2628494.359	1105118.033	2416.7161	0.2939574966424522	0.0419939280917788
1884	2628460.158	1105119.089	2402.293	2628460.158	1105119.089	2402.293	0.0	0.0
1885	2628393.039	1105104.634	2367.6799	2628392.48	1105104.789	2367.2839	0.7023688488878382	0.1003384069839768
1888	2628260.382	1105105.296	2311.1299	2628260.342	1105104.902	2311.261	0.4171608923089279	0.0595944131869897
1889	2628230.504	1105113.474	2301.689	2628230.18	1105112.91	2301.9131	0.687962796980588	0.0982803995686554
1890	2628854.4	1104837.763	2710.4399	2628854.4	1104837.763	2710.4399	0.0	0.0
1891	2628854.4	1104837.763	2710.4399	2628854.4	1104837.763	2710.4399	0.0	0.0
1892	2628854.4	1104837.763	2710.4399	2628854.4	1104837.763	2710.4399	0.0	0.0
1905	2628799.37	1104922.815	2642.4641	2628799.37	1104922.815	2642.4641	0.0	0.0
1909	2628763.744	1104977.947	2596.0569	2628763.744	1104977.947	2596.0569	0.0	0.0
1927	2628534.08	1105122.269	2420.967	2628534.08	1105122.269	2420.967	0.0	0.0
1928	2628517.958	1105131.547	2417.8911	2628518.051	1105131.59	2417.832	0.1182827543751578	0.0168975363393082
1929	2628488.748	1105134.706	2406.2781	2628488.681	1105134.639	2406.3611	0.12596428081681	0.0179948972595442
1930	2628452.7271	1105135.118	2390.467	2628452.3571	1105135.032	2390.7839	0.4946934502899487	0.0706704928985641
1934	2628251.788	1105123.947	2297.5259	2628252.15	1105123.69	2297.647	0.4601719350385823	0.0657388478626546
1935	2628854.4	1104837.763	2710.4399	2628854.4	1104837.763	2710.4399	0.0	0.0
1936	2628854.4	1104837.763	2710.4399	2628854.4	1104837.763	2710.4399	0.0	0.0
1973	2628521.02	1105133.961	2406.6479	2628521.02	1105133.961	2406.6479	0.0	0.0
1974	2628510.057	1105146.458	2406.3589	2628510.057	1105146.458	2406.3589	0.0	0.0
1975	2628477.54	1105148.098	2392.4221	2628477.54	1105148.098	2392.4221	0.0	0.0
1976	2628454.436	1105155.315	2384.99	2628454.5959	1105155.09	2385.0271	0.2785128720368186	0.0397875531481169
1977	2628373.015	1105137.01	2340.5139	2628373.015	1105137.01	2340.5139	0.0	0.0
1980	2628854.4	1104837.763	2710.4399	2628854.4	1104837.763	2710.4399	0.0	0.0
1981	2628854.4	1104837.763	2710.4399	2628854.4	1104837.763	2710.4399	0.0	0.0
2019	2628517.095	1105150.276	2400.6709	2628517.095	1105150.276	2400.6709	0.0	0.0
2020	2628495.6689	1105157.971	2390.4529	2628495.467	1105157.869	2390.5701	0.2547615549703738	0.0363945078529105
2021	2628466.014	1105161.738	2378.3269	2628466.476	1105161.683	2378.2	0.4822578250594789	0.0688939750084969
2022	2628449.23	1105172.084	2375.208	2628449.844	1105172.03	2375.0349	0.6402152841611864	0.0914593263087409
