ID	X_x	Y_x	Z_x	X_y	Y_y	Z_y	Distances	Velocity
481	2628815.501	1104504.11	2861.379	2628815.501	1104504.11	2861.379	0.0	0.0
482	2628808.049	1104498.536	2858.835	2628808.049	1104498.536	2858.835	0.0	0.0
524	2628828.09	1104516.838	2861.53	2628827.11	1104516.706	2861.052	1.0983205360727482	0.1569029337246783
525	2628816.348	1104510.171	2857.105	2628816.348	1104510.171	2857.105	0.0	0.0
526	2628801.725	1104505.41	2852.245	2628801.725	1104505.41	2852.245	0.0	0.0
568	2628829.491	1104524.032	2857.083	2628829.491	1104524.032	2857.083	0.0	0.0
569	2628812.293	1104517.142	2851.609	2628812.301	1104517.003	2851.609	0.1392300254589807	0.0198900036369972
570	2628807.751	1104510.878	2850.127	2628807.751	1104510.878	2850.127	0.0	0.0
612	2628841.597	1104532.558	2855.566	2628842.037	1104532.588	2855.828	0.5129756329033497	0.0732822332719071
613	2628814.09	1104523.355	2847.641	2628814.09	1104523.355	2847.641	0.0	0.0
614	2628806.063	1104517.101	2845.173	2628806.063	1104517.101	2845.173	0.0	0.0
654	2628865.319	1104558.639	2855.923	2628865.281	1104558.686	2855.763	0.1710350841645834	0.0244335834520833
655	2628863.751	1104549.98	2854.388	2628864.062	1104550.011	2854.636	0.3989812023699264	0.0569973146242752
657	2628819.623	1104530.376	2844.006	2628819.269	1104530.21	2843.805	0.4396282522654184	0.0628040360379169
658	2628803.962	1104523.335	2840.164	2628803.962	1104523.335	2840.164	0.0	0.0
659	2628797.52	1104517.501	2838.476	2628797.197	1104517.428	2838.3	0.37501199965849	0.0535731428083557
699	2628864.35	1104559.862	2851.392	2628864.572	1104559.7	2851.504	0.2967692707026983	0.0423956101003854
700	2628855.35	1104549.463	2847.409	2628855.35	1104549.463	2847.409	0.0	0.0
701	2628820.515	1104537.872	2839.626	2628820.463	1104538.022	2839.687	0.1700735136833322	0.024296216240476
702	2628807.848	1104529.745	2836.909	2628807.848	1104529.745	2836.909	0.0	0.0
703	2628797.822	1104523.617	2833.755	2628786.859	1104523.235	2831.448	11.209618280732991	1.601374040104713
743	2628862.464	1104569.276	2841.385	2628862.183	1104569.304	2841.149	0.3680230970650774	0.0525747281521539
744	2628854.179	1104558.406	2841.895	2628853.952	1104558.127	2841.976	0.3686882150325025	0.0526697450046432
745	2628825.052	1104545.36	2835.087	2628825.277	1104545.397	2835.261	0.2868274739859858	0.0409753534265694
746	2628818.109	1104537.827	2833.925	2628818.109	1104537.827	2833.925	0.0	0.0
747	2628798.373	1104528.919	2829.671	2628798.521	1104528.952	2829.819	0.2118891219879828	0.0302698745697118
787	2628868.399	1104579.073	2838.349	2628868.399	1104579.073	2838.349	0.0	0.0
788	2628850.509	1104565.453	2834.521	2628850.54	1104565.659	2834.535	0.2087893675447873	0.0298270525063981
789	2628831.103	1104554.108	2830.412	2628831.103	1104554.108	2830.412	0.0	0.0
790	2628817.641	1104544.03	2828.962	2628817.382	1104543.995	2828.787	0.314532986813001	0.0449332838304287
791	2628800.775	1104535.595	2825.443	2628800.775	1104535.595	2825.443	0.0	0.0
829	2628870.499	1104608.144	2831.734	2628870.499	1104608.144	2831.734	0.0	0.0
830	2628867.135	1104596.927	2830.853	2628867.152	1104596.977	2831.098	0.2506272132158633	0.0358038876022661
831	2628859.87	1104586.328	2828.847	2628859.87	1104586.328	2828.847	0.0	0.0
832	2628846.981	1104573.892	2827.276	2628846.942	1104574.051	2827.117	0.2282170020432143	0.0326024288633163
833	2628828.513	1104560.632	2825.813	2628828.513	1104560.632	2825.813	0.0	0.0
834	2628822.495	1104552.786	2824.54	2628822.467	1104552.892	2824.601	0.1254631419091029	0.0179233059870147
835	2628799.053	1104541.674	2820.439	2628798.744	1104541.548	2820.264	0.3768049893173468	0.0538292841881924
836	2628779.463	1104534.707	2817.537	2628779.488	1104534.81	2817.489	0.116352911522999	0.0166218445032855
873	2628862.898	1104614.837	2824.565	2628863.223	1104614.944	2824.802	0.4162246990360218	0.0594606712908602
874	2628861.04	1104604.713	2823.976	2628860.834	1104604.581	2823.777	0.3153743808457344	0.045053482977962
875	2628857.322	1104595.815	2822.864	2628857.235	1104595.95	2822.863	0.1606082191330027	0.0229440313047146
876	2628841.591	1104580.073	2820.587	2628841.387	1104579.861	2820.584	0.2942261035122572	0.042032300501751
877	2628834.974	1104569.543	2821.058	2628834.974	1104569.543	2821.058	0.0	0.0
878	2628820.373	1104558.912	2818.541	2628820.373	1104558.912	2818.541	0.0	0.0
879	2628799.821	1104548.172	2816.422	2628799.821	1104548.172	2816.422	0.0	0.0
880	2628785.143	1104541.789	2813.598	2628785.011	1104541.85	2813.376	0.265384626637153	0.0379120895195932
917	2628854.101	1104620.482	2817.524	2628854.184	1104620.295	2817.525	0.204594721518235	0.0292278173597478
918	2628850.96	1104611.107	2815.503	2628850.603	1104610.906	2815.302	0.4563452639564347	0.0651921805652049
919	2628850.503	1104601.407	2815.825	2628850.563	1104601.265	2815.837	0.1546221200365383	0.022088874290934
920	2628843.279	1104589.836	2813.719	2628843.279	1104589.836	2813.719	0.0	0.0
921	2628837.996	1104579.282	2815.406	2628837.996	1104579.282	2815.406	0.0	0.0
922	2628817.494	1104565.173	2812.899	2628817.576	1104565.342	2812.754	0.2372972818801764	0.033899611697168
923	2628802.734	1104555.863	2812.009	2628803.085	1104556.056	2812.038	0.4016105077459006	0.0573729296779858
924	2628784.497	1104545.954	2810.582	2628784.47	1104545.817	2810.606	0.1416827440175019	0.0202403920025002
961	2628846.54	1104627.084	2810.82	2628846.644	1104627.128	2811.054	0.2598230166122785	0.037117573801754
962	2628841.47	1104616.339	2806.411	2628840.591	1104615.776	2805.872	1.1747897684966229	0.1678271097852318
963	2628844.003	1104607.659	2809.683	2628843.42	1104607.665	2809.297	0.6992288610447085	0.0998898372921012
964	2628841.552	1104597.376	2809.281	2628841.533	1104597.23	2809.281	0.1472311108342566	0.0210330158334652
965	2628836.498	1104587.468	2809.897	2628836.599	1104587.461	2810.082	0.2108909669968447	0.0301272809995492
966	2628828.156	1104577.108	2809.405	2628828.28	1104577.186	2809.591	0.2367614832611919	0.0338230690373131
967	2628796.59	1104560.272	2806.356	2628796.207	1104560.211	2806.241	0.4045182319268649	0.0577883188466949
968	2628790.802	1104553.972	2806.617	2628791.069	1104553.98	2806.768	0.3068452378555061	0.043835033979358
1005	2628836.062	1104632.159	2801.031	2628835.907	1104632.022	2800.882	0.2549411694906003	0.0364201670700857
1006	2628840.155	1104621.849	2805.125	2628840.532	1104621.858	2805.473	0.5131413063168451	0.0733059009024064
1007	2628835.247	1104614.952	2801.206	2628834.553	1104614.584	2800.743	0.911827286386332	0.1302610409123331
1008	2628832.406	1104601.941	2800.864	2628832.268	1104602.046	2800.704	0.2359427895519342	0.0337061127931334
1009	2628833.609	1104595.674	2802.916	2628833.609	1104595.674	2802.916	0.0	0.0
1010	2628823.669	1104583.903	2802.974	2628823.918	1104584.137	2802.954	0.3422820474383206	0.0488974353483315
1011	2628784.827	1104565.997	2800.779	2628784.726	1104565.953	2800.399	0.3956475705113255	0.0565210815016179
1012	2628786.654	1104558.091	2801.711	2628786.039	1104557.828	2801.739	0.6694609774240434	0.095637282489149
1013	2628763.601	1104548.335	2800.637	2628763.49	1104548.464	2800.502	0.2172256888424394	0.0310322412632056
1048	2628829.454	1104646.022	2796.057	2628829.454	1104646.022	2796.057	0.0	0.0
1049	2628830.975	1104637.455	2796.445	2628830.843	1104637.256	2796.271	0.2954674264042147	0.0422096323434592
1050	2628831.037	1104628.33	2795.749	2628831.149	1104628.218	2795.872	0.2005417663139298	0.0286488237591328
1051	2628826.371	1104620.486	2793.027	2628826.087	1104620.818	2792.548	0.6483216793766371	0.092617382768091
1052	2628831.795	1104611.434	2798.426	2628831.795	1104611.434	2798.426	0.0	0.0
1053	2628830.859	1104601.0	2799.913	2628831.064	1104601.133	2800.075	0.2931859475090381	0.0418837067870054
1054	2628822.47	1104593.968	2796.668	2628823.186	1104594.448	2796.642	0.8623989795932463	0.1231998542276066
1055	2628800.289	1104576.119	2796.366	2628799.407	1104575.962	2796.158	0.9196939705821948	0.1313848529403135
1056	2628785.809	1104566.944	2795.968	2628785.809	1104566.944	2795.968	0.0	0.0
1057	2628761.713	1104552.887	2797.215	2628761.708	1104552.931	2797.179	0.0570701322794582	0.0081528760399226
1092	2628823.522	1104651.21	2791.362	2628823.522	1104651.21	2791.362	0.0	0.0
1093	2628822.067	1104641.807	2789.998	2628822.023	1104641.897	2789.851	0.1778904156892308	0.0254129165270329
1094	2628825.452	1104634.438	2791.049	2628825.452	1104634.438	2791.049	0.0	0.0
1095	2628820.961	1104622.609	2788.465	2628820.756	1104622.477	2788.206	0.3557105565289414	0.0508157937898487
1096	2628821.868	1104616.321	2789.804	2628821.496	1104616.156	2789.665	0.430034882297851	0.0614335546139787
1097	2628820.348	1104606.073	2791.211	2628820.31	1104605.634	2791.234	0.4412414305397453	0.0630344900771064
1098	2628812.611	1104598.01	2790.526	2628813.292	1104598.397	2790.743	0.8127847192818765	0.1161121027545537
1099	2628800.097	1104582.406	2791.945	2628799.879	1104582.473	2791.71	0.3274721361455076	0.0467817337350725
1100	2628786.196	1104572.186	2792.285	2628786.135	1104572.147	2792.088	0.209883300947936	0.029983328706848
1101	2628772.955	1104562.07	2792.353	2628772.923	1104562.22	2792.231	0.1959795907228351	0.0279970843889764
1136	2628814.61	1104653.919	2784.789	2628814.61	1104653.919	2784.789	0.0	0.0
1137	2628815.914	1104647.281	2784.494	2628815.662	1104647.108	2784.368	0.3306191160744124	0.0472313022963446
1138	2628817.26	1104638.481	2785.221	2628817.256	1104638.396	2785.099	0.1487447477776054	0.021249249682515
1139	2628818.085	1104630.776	2785.004	2628817.965	1104630.637	2784.855	0.2364783288537615	0.0337826184076802
1140	2628816.937	1104619.98	2784.923	2628817.231	1104619.804	2785.354	0.5506114783817946	0.0786587826259706
1141	2628810.789	1104611.39	2783.854	2628810.402	1104611.243	2783.592	0.4899204017445469	0.0699886288206495
1142	2628802.67	1104604.418	2782.861	2628802.594	1104604.658	2782.555	0.3962473974400344	0.056606771062862
1143	2628796.434	1104588.915	2787.283	2628796.434	1104588.915	2787.283	0.0	0.0
1144	2628781.614	1104576.608	2787.74	2628781.487	1104576.626	2787.628	0.1702850550170405	0.0243264364310057
1145	2628772.224	1104568.261	2788.218	2628772.566	1104568.577	2788.15	0.470578367746067	0.067225481106581
1146	2628758.888	1104557.981	2790.117	2628758.793	1104558.092	2790.031	0.1695346570997743	0.0242192367285391
1181	2628809.303	1104650.903	2780.092	2628809.351	1104650.797	2779.872	0.2488774798508364	0.0355539256929766
1182	2628809.718	1104643.106	2779.001	2628809.678	1104643.299	2779.001	0.1971014969028626	0.0281573567004089
1183	2628811.793	1104635.028	2779.91	2628811.825	1104634.991	2779.923	0.0506162030252442	0.0072308861464634
1184	2628813.312	1104625.602	2780.785	2628812.249	1104624.59	2780.793	1.4677114838803005	0.2096730691257572
1185	2628808.485	1104617.42	2781.396	2628808.756	1104617.349	2781.509	0.3020778047099267	0.0431539721014181
1186	2628801.911	1104604.236	2782.362	2628801.67	1104603.75	2782.418	0.5453558471263381	0.0779079781609054
1187	2628791.533	1104594.089	2781.722	2628791.464	1104594.189	2781.599	0.1728872464147777	0.0246981780592539
1188	2628784.03	1104584.09	2783.21	2628784.03	1104584.09	2783.21	0.0	0.0
1189	2628769.69	1104572.486	2784.261	2628769.69	1104572.486	2784.261	0.0	0.0
1190	2628759.997	1104563.835	2785.895	2628759.613	1104563.757	2785.78	0.4083687060204723	0.0583383865743531
1226	2628804.229	1104647.468	2774.615	2628804.581	1104647.938	2774.548	0.5910101521482236	0.0844300217354605
1227	2628805.45	1104639.391	2773.974	2628805.294	1104639.48	2773.813	0.2412011608035435	0.0344573086862205
1228	2628802.947	1104630.256	2772.719	2628802.685	1104629.798	2772.592	0.5427126312762394	0.0775303758966056
1229	2628803.364	1104623.919	2774.943	2628803.333	1104623.973	2774.943	0.0622655602870614	0.0088950800410087
1230	2628796.118	1104609.867	2777.181	2628795.946	1104609.601	2777.093	0.3287613115311609	0.0469659016473087
1231	2628788.483	1104600.933	2776.214	2628787.906	1104600.635	2775.814	0.7627142322174774	0.1089591760310682
1232	2628781.179	1104589.88	2778.276	2628780.692	1104589.679	2778.11	0.5523821142522511	0.0789117306074644
1233	2628765.774	1104577.173	2780.447	2628765.606	1104577.107	2780.371	0.1958468789764313	0.0279781255680616
1234	2628757.279	1104567.549	2782.851	2628757.279	1104567.549	2782.851	0.0	0.0
1271	2628798.596	1104642.143	2770.543	2628798.596	1104642.143	2770.543	0.0	0.0
1272	2628798.092	1104635.202	2769.87	2628798.053	1104635.395	2769.883	0.197329673427329	0.0281899533467612
1273	2628796.877	1104626.122	2770.453	2628796.763	1104626.087	2770.317	0.1808784122213417	0.0258397731744773
1274	2628790.262	1104614.639	2771.179	2628790.307	1104614.238	2771.031	0.4298022801825292	0.0614003257403613
1275	2628783.844	1104605.058	2771.191	2628783.884	1104605.108	2771.045	0.1594239630907419	0.0227748518701059
1276	2628777.242	1104594.685	2773.325	2628776.484	1104594.459	2773.241	0.7954219005540539	0.1136317000791505
1277	2628769.757	1104584.094	2775.654	2628769.608	1104584.043	2775.591	0.1696201640722605	0.0242314520103229
1278	2628760.793	1104574.188	2778.137	2628761.092	1104574.402	2778.178	0.3699702691227441	0.0528528955889634
1316	2628792.886	1104638.932	2767.185	2628792.925	1104639.016	2767.296	0.1445614056220151	0.0206516293745735
1317	2628789.375	1104629.032	2766.342	2628789.326	1104629.036	2766.158	0.1904547190618012	0.0272078170088287
1318	2628788.168	1104621.925	2766.992	2628788.073	1104622.036	2766.844	0.2079663435424427	0.0297094776489203
1319	2628784.82	1104611.979	2768.705	2628784.35	1104611.681	2768.698	0.5565545792876142	0.0795077970410877
1320	2628774.964	1104601.404	2769.036	2628774.522	1104601.243	2768.969	0.4751568164997652	0.0678795452142521
1321	2628766.896	1104590.614	2769.977	2628764.744	1104589.526	2770.178	2.419762178600577	0.3456803112286538
1322	2628760.578	1104581.846	2773.084	2628760.578	1104581.846	2773.084	0.0	0.0
1359	2628784.469	1104648.146	2762.42	2628784.469	1104648.146	2762.42	0.0	0.0
1360	2628784.603	1104640.717	2762.878	2628784.508	1104640.732	2762.864	0.0971905347389564	0.0138843621055652
1361	2628785.85	1104634.375	2763.121	2628785.683	1104634.456	2763.058	0.1960076528284633	0.028001093261209
1362	2628783.854	1104625.34	2763.352	2628783.854	1104625.34	2763.352	0.0	0.0
1363	2628778.379	1104616.394	2761.936	2628777.804	1104616.165	2761.708	0.6595832019065279	0.0942261717009325
1364	2628770.874	1104605.543	2764.485	2628770.956	1104605.841	2764.377	0.3274018936426422	0.046771699091806
1365	2628765.658	1104597.508	2765.165	2628765.459	1104597.478	2765.027	0.2440184419476329	0.0348597774210904
1366	2628756.108	1104585.129	2768.11	2628755.708	1104585.07	2767.897	0.4570010939952205	0.0652858705707458
1367	2628746.387	1104572.978	2773.375	2628746.136	1104572.84	2773.274	0.3037202660801769	0.0433886094400252
1403	2628777.797	1104650.143	2758.427	2628777.749	1104650.051	2758.329	0.1427305152565603	0.02039007360808
1404	2628778.565	1104643.348	2758.553	2628778.503	1104643.292	2758.443	0.1381303732016316	0.0197329104573759
1405	2628778.078	1104637.219	2758.115	2628778.018	1104637.215	2758.029	0.1049380770089002	0.0149911538584143
1406	2628778.559	1104628.787	2759.345	2628778.557	1104628.64	2759.393	0.1546512205993711	0.0220930315141958
1407	2628776.329	1104621.136	2759.332	2628776.264	1104621.192	2759.27	0.1058536726041175	0.0151219532291596
1408	2628770.673	1104612.393	2760.248	2628770.492	1104612.622	2760.063	0.3455821175559657	0.0493688739365665
1409	2628760.74	1104600.669	2761.333	2628759.116	1104599.833	2761.505	1.834626937773064	0.2620895625390091
1410	2628756.848	1104593.06	2763.534	2628756.143	1104592.83	2763.341	0.7662727974400282	0.1094675424914326
1411	2628747.002	1104578.251	2768.901	2628747.607	1104578.601	2768.726	0.7205206451189022	0.1029315207312717
1447	2628774.371	1104654.755	2754.509	2628774.371	1104654.755	2754.509	0.0	0.0
1448	2628774.684	1104648.83	2754.766	2628774.577	1104648.881	2754.63	0.1804050996070463	0.0257721570867209
1449	2628772.431	1104640.264	2754.542	2628772.251	1104640.25	2754.344	0.2679552199374357	0.0382793171339194
1450	2628771.928	1104632.201	2755.443	2628771.962	1104632.458	2755.493	0.2640170451126551	0.0377167207303793
1451	2628767.481	1104624.394	2755.339	2628767.522	1104624.686	2755.047	0.4149807223468604	0.0592829603352657
1452	2628764.753	1104615.49	2756.66	2628764.518	1104615.575	2756.498	0.2978153789385691	0.0425450541340812
1453	2628761.51	1104606.88	2757.731	2628760.974	1104606.83	2757.479	0.5943904439153147	0.0849129205593306
1454	2628753.12	1104595.691	2760.108	2628752.953	1104595.754	2759.935	0.2485699095777171	0.035509987082531
1455	2628750.474	1104586.286	2764.508	2628750.539	1104586.472	2764.472	0.2002922863913056	0.0286131837701865
1491	2628768.57	1104656.952	2751.14	2628768.476	1104656.967	2751.09	0.1075220907748879	0.0153602986821268
1492	2628768.044	1104649.701	2750.563	2628767.856	1104649.713	2750.476	0.2075018073013271	0.029643115328761
1493	2628766.053	1104641.192	2751.138	2628765.871	1104641.161	2751.001	0.2298999782693109	0.0328428540384729
1494	2628763.193	1104632.694	2752.617	2628762.803	1104632.643	2752.404	0.4472918511436383	0.0638988358776626
1495	2628759.239	1104622.56	2752.697	2628759.266	1104622.403	2752.513	0.2433803608062932	0.0347686229723276
1496	2628759.494	1104618.031	2753.323	2628759.394	1104618.073	2753.187	0.1739540169979594	0.0248505738568513
1497	2628758.637	1104611.592	2754.419	2628758.276	1104611.487	2754.304	0.3931551856713137	0.0561650265244733
1498	2628750.972	1104601.856	2755.685	2628750.807	1104602.067	2755.427	0.3719005244223868	0.0531286463460552
1499	2628746.33	1104589.468	2759.88	2628746.222	1104589.276	2759.866	0.2207351354375491	0.0315335907767927
1535	2628764.307	1104660.571	2745.204	2628764.057	1104660.302	2745.078	0.3882486317389286	0.0554640902484183
1536	2628760.553	1104649.272	2747.923	2628760.61	1104649.467	2747.875	0.2087534429368698	0.0298219204195528
1537	2628758.012	1104642.381	2749.08	2628757.994	1104642.721	2748.898	0.3860673515129554	0.055152478787565
1538	2628758.2	1104636.666	2748.737	2628757.736	1104636.567	2748.646	0.4830921238518654	0.0690131605502664
1539	2628756.673	1104628.758	2749.319	2628756.585	1104628.859	2749.282	0.1389748178732754	0.0198535454104679
1540	2628755.285	1104621.125	2750.515	2628755.117	1104621.137	2750.231	0.3301878253715359	0.0471696893387908
1541	2628754.265	1104613.739	2750.689	2628754.077	1104613.718	2750.393	0.3512847847951827	0.0501835406850261
1542	2628750.44	1104605.825	2752.218	2628750.307	1104605.886	2752.058	0.2168178958840146	0.0309739851262878
1543	2628744.141	1104598.185	2754.254	2628743.61	1104598.125	2754.21	0.5361874671821183	0.0765982095974454
1544	2628735.825	1104582.897	2761.313	2628735.672	1104582.794	2761.262	0.1913609159324952	0.0273372737046421
1580	2628759.378	1104655.692	2743.868	2628759.378	1104655.692	2743.868	0.0	0.0
1581	2628755.34	1104647.258	2744.452	2628755.247	1104647.516	2744.219	0.359863863222114	0.0514091233174448
1582	2628755.061	1104640.134	2744.832	2628754.698	1104639.96	2744.583	0.473334976842436	0.0676192824060622
1583	2628753.595	1104632.706	2745.795	2628753.398	1104632.823	2745.622	0.2871010276596771	0.041014432522811
1584	2628752.319	1104625.801	2746.81	2628751.898	1104625.787	2746.548	0.4960655199410975	0.0708665028487282
1585	2628751.707	1104618.387	2747.442	2628751.426	1104618.432	2747.329	0.3061943826562239	0.0437420546651748
1586	2628747.626	1104609.649	2749.125	2628747.198	1104609.695	2748.973	0.4565128697744722	0.065216124253496
1587	2628741.293	1104601.667	2750.694	2628741.212	1104601.916	2750.266	0.5017429621557689	0.0716775660222527
1588	2628740.523	1104592.024	2755.424	2628740.523	1104592.024	2755.424	0.0	0.0
1624	2628754.779	1104657.955	2740.893	2628754.784	1104658.153	2740.869	0.1995119042634269	0.0285017006090609
1625	2628753.285	1104650.451	2741.672	2628753.082	1104650.353	2741.449	0.3170835853301557	0.0452976550471651
1626	2628752.275	1104644.344	2742.265	2628751.946	1104644.331	2742.188	0.3381405032557547	0.0483057861793935
1627	2628749.202	1104635.293	2742.689	2628748.688	1104635.198	2742.45	0.5747538603265233	0.0821076943323604
1628	2628748.729	1104628.231	2743.727	2628748.397	1104628.41	2743.54	0.4209916863303176	0.0601416694757596
1629	2628746.823	1104620.728	2744.818	2628746.761	1104620.932	2744.672	0.2584105261950613	0.0369157894564373
1630	2628746.84	1104614.63	2745.743	2628746.95	1104614.969	2745.636	0.3721155736828413	0.0531593676689773
1631	2628741.024	1104603.639	2748.827	2628740.15	1104603.134	2748.887	1.011187915480883	0.1444554164972689
1632	2628739.089	1104597.49	2751.803	2628739.006	1104597.643	2751.643	0.2364275787553797	0.0337753683936256
1633	2628731.019	1104584.946	2756.588	2628731.019	1104584.946	2756.588	0.0	0.0
1668	2628751.144	1104660.532	2738.629	2628751.102	1104660.526	2738.542	0.0967935947745563	0.0138276563963651
1669	2628748.39	1104652.535	2738.583	2628748.3	1104652.585	2738.423	0.1902629760666864	0.0271804251523837
1670	2628746.089	1104644.279	2739.618	2628746.82	1104645.271	2739.068	1.3494165403015363	0.192773791471648
1671	2628745.131	1104638.152	2740.078	2628744.631	1104638.038	2739.998	0.5190337176076119	0.0741476739439445
1672	2628745.207	1104631.51	2741.686	2628745.103	1104631.726	2741.465	0.3260567434795219	0.0465795347827888
1673	2628745.495	1104625.804	2741.699	2628745.328	1104626.111	2741.453	0.4273803926068093	0.0610543418009727
1674	2628743.614	1104618.212	2743.071	2628743.418	1104618.233	2743.008	0.2069444369787221	0.0295634909969603
1675	2628741.202	1104610.802	2744.351	2628740.479	1104610.364	2744.426	0.8486448021415005	0.1212349717345
1676	2628735.488	1104599.341	2748.559	2628735.3	1104599.241	2748.495	0.2223510738662648	0.0317644391237521
1677	2628731.739	1104590.06	2753.202	2628731.739	1104590.06	2753.202	0.0	0.0
1712	2628750.717	1104667.215	2734.34	2628750.668	1104667.253	2734.254	0.1060235823153054	0.0151462260450436
1713	2628744.705	1104655.578	2735.219	2628744.619	1104655.844	2735.17	0.2838186041373679	0.0405455148767668
1714	2628745.075	1104650.464	2735.296	2628744.87	1104650.478	2735.11	0.2771587993001393	0.0395941141857342
1715	2628744.022	1104642.963	2736.765	2628743.733	1104643.052	2736.737	0.3036873390718195	0.0433839055816885
1716	2628741.099	1104633.732	2738.681	2628742.406	1104635.778	2737.848	2.5667594354538084	0.366679919350544
1717	2628741.434	1104628.716	2738.623	2628740.643	1104628.283	2738.648	0.9021058693677249	0.1288722670525321
1718	2628739.107	1104620.623	2740.489	2628738.969	1104620.824	2740.146	0.4208253794539666	0.0601179113505666
1719	2628737.334	1104613.629	2741.999	2628736.934	1104613.569	2741.847	0.4320925825932155	0.0617275117990307
1720	2628734.011	1104605.287	2744.682	2628733.959	1104605.386	2744.486	0.2256568190874665	0.0322366884410666
1721	2628732.704	1104596.914	2747.869	2628732.771	1104597.005	2747.894	0.1157367702882685	0.0165338243268955
1756	2628746.921	1104669.259	2731.717	2628746.921	1104669.259	2731.717	0.0	0.0
1757	2628745.47	1104661.755	2731.825	2628745.47	1104661.755	2731.825	0.0	0.0
1758	2628741.291	1104653.132	2732.309	2628740.878	1104653.029	2732.23	0.4329191611851402	0.06184559445502
1759	2628738.652	1104643.264	2735.119	2628738.645	1104643.516	2734.961	0.2975180667530894	0.042502580964727
1760	2628739.317	1104637.905	2735.211	2628739.01	1104637.926	2734.987	0.3806126640247988	0.0543732377178284
1761	2628738.574	1104631.45	2736.186	2628738.424	1104631.513	2736.037	0.2206127829081731	0.0315161118440247
1762	2628736.994	1104624.27	2737.795	2628736.295	1104623.805	2737.944	0.8526587829308778	0.1218083975615539
1763	2628734.27	1104616.428	2739.559	2628733.986	1104616.422	2739.372	0.3400896940401076	0.0485842420057296
1764	2628731.596	1104607.94	2742.177	2628732.606	1104608.932	2741.46	1.5869004381684642	0.2267000625954948
1765	2628730.12	1104600.663	2744.68	2628730.021	1104600.722	2744.606	0.1369598481331461	0.0195656925904494
1766	2628723.801	1104590.022	2748.968	2628724.238	1104590.305	2748.815	0.542648136297452	0.0775211623282074
1801	2628742.462	1104663.909	2729.824	2628742.462	1104663.909	2729.824	0.0	0.0
1802	2628737.068	1104654.534	2730.632	2628736.668	1104654.328	2730.431	0.4927849428785393	0.0703978489826484
1803	2628737.431	1104648.611	2731.794	2628736.846	1104648.425	2731.896	0.6222740553418794	0.0888962936202684
1804	2628736.779	1104642.344	2731.976	2628736.62	1104642.511	2731.754	0.3200843638195387	0.0457263376885055
1805	2628734.731	1104633.149	2734.087	2628734.551	1104633.136	2733.938	0.234029912748854	0.0334328446784077
1806	2628733.235	1104626.509	2735.443	2628733.155	1104626.697	2735.234	0.2922755548370618	0.0417536506910088
1807	2628732.928	1104620.615	2736.29	2628732.792	1104620.754	2736.167	0.2300999782148587	0.0328714254592655
1808	2628730.212	1104612.624	2738.677	2628729.855	1104612.457	2738.623	0.3978115130717891	0.0568302161531127
1809	2628726.96	1104603.15	2742.03	2628726.844	1104603.063	2741.906	0.1907904608502406	0.0272557801214629
1810	2628724.444	1104595.116	2745.446	2628724.444	1104595.116	2745.446	0.0	0.0
1846	2628737.644	1104659.995	2727.489	2628737.547	1104659.941	2727.39	0.1487481092768669	0.0212497298966952
1847	2628731.353	1104647.462	2730.037	2628730.864	1104647.47	2729.725	0.5801111962864179	0.0828730280409168
1848	2628731.88	1104642.265	2730.861	2628732.297	1104643.08	2730.233	1.110179264895616	0.1585970378422308
1849	2628730.701	1104635.234	2731.755	2628730.509	1104635.308	2731.582	0.2688289417622306	0.0384041345374615
1850	2628729.268	1104627.668	2734.172	2628729.126	1104627.704	2733.987	0.2359766937366204	0.0337109562480886
1851	2628728.955	1104622.884	2734.521	2628728.768	1104623.044	2734.373	0.2871811274136361	0.0410258753448051
1852	2628727.532	1104615.716	2736.817	2628727.485	1104615.901	2736.744	0.2043599766208338	0.0291942823744048
1853	2628727.5	1104608.489	2739.755	2628727.606	1104608.68	2739.854	0.239829105787996	0.0342613008268565
1854	2628722.478	1104598.484	2742.729	2628722.482	1104598.423	2742.814	0.104699570181592	0.0149570814545131
1891	2628729.156	1104650.461	2728.526	2628729.135	1104650.653	2728.416	0.2222723555069657	0.0317531936438522
1892	2628728.255	1104643.897	2729.009	2628728.102	1104643.925	2728.958	0.163688728920836	0.023384104131548
1893	2628728.652	1104638.841	2729.343	2628728.359	1104638.86	2729.278	0.3007241256826056	0.0429605893832293
1894	2628726.405	1104629.217	2731.878	2628726.318	1104629.318	2731.779	0.1660451744991632	0.0237207392141661
1895	2628725.459	1104623.996	2732.768	2628725.329	1104624.222	2732.559	0.3341511633704388	0.0477358804814912
1896	2628725.911	1104618.96	2733.579	2628725.807	1104619.08	2733.48	0.1871282982044287	0.0267326140292041
1897	2628723.704	1104610.882	2736.265	2628723.629	1104611.043	2736.204	0.1877951010645469	0.0268278715806495
1898	2628720.786	1104602.207	2740.004	2628720.731	1104602.159	2739.991	0.074148499395242	0.0105926427707488
1899	2628716.478	1104593.547	2743.59	2628716.478	1104593.547	2743.59	0.0	0.0
1935	2628726.635	1104650.924	2725.634	2628726.508	1104650.795	2725.449	0.258833923615099	0.036976274802157
1936	2628724.255	1104643.522	2726.451	2628724.104	1104643.68	2726.266	0.2863389599143824	0.0409055657020546
1937	2628724.131	1104641.158	2726.602	2628722.949	1104640.353	2726.902	1.4612149055975507	0.2087449865139358
1938	2628723.22	1104633.266	2728.511	2628722.843	1104633.161	2728.347	0.424322990472105	0.0606175700674435
1939	2628723.304	1104626.345	2730.657	2628723.104	1104626.315	2730.617	0.2061552814656449	0.0294507544950921
1940	2628721.839	1104620.786	2731.795	2628721.572	1104620.891	2731.572	0.3633772144646529	0.0519110306378075
1941	2628720.834	1104613.591	2733.804	2628720.687	1104613.593	2733.741	0.1599437400004929	0.0228491057143561
1942	2628718.383	1104604.954	2737.744	2628718.807	1104605.42	2737.519	0.6689970105403924	0.0955710015057703
1943	2628715.26	1104596.874	2741.042	2628715.603	1104597.207	2740.961	0.4848700858447082	0.0692671551206726
1980	2628722.918	1104644.544	2724.64	2628722.902	1104644.381	2724.358	0.3261119439554819	0.0465874205650688
1982	2628719.569	1104633.931	2726.351	2628719.361	1104634.04	2726.263	0.250776793241473	0.0358252561773532
1983	2628717.807	1104625.393	2728.48	2628717.602	1104625.26	2728.245	0.3390265476445995	0.0484323639492285
1984	2628719.016	1104621.515	2730.27	2628718.767	1104621.41	2730.193	0.2809893234883215	0.040141331926903
1986	2628714.714	1104606.799	2735.098	2628714.654	1104606.812	2735.061	0.0716798437606961	0.0102399776800994
