ID	X_x	Y_x	Z_x	X_y	Y_y	Z_y	Distances	Velocity
481	2628815.501	1104504.11	2861.379	2628815.501	1104504.11	2861.379	0.0	0.0
482	2628808.049	1104498.536	2858.835	2628807.957	1104498.196	2858.796	0.3543797399540716	0.02531283856814795
524	2628827.11	1104516.706	2861.052	2628828.09	1104516.838	2861.53	1.0983205360727482	0.07845146686233916
525	2628816.348	1104510.171	2857.105	2628816.348	1104510.171	2857.105	0.0	0.0
526	2628801.694	1104505.464	2852.221	2628801.991	1104505.677	2852.445	0.4286653705038231	0.03061895503598735
568	2628829.827	1104524.165	2857.173	2628829.422	1104524.02	2856.996	0.4651655621566501	0.03322611158261785
569	2628812.293	1104517.142	2851.609	2628812.486	1104517.085	2851.819	0.2908573533399303	0.02077552523856645
570	2628807.198	1104510.768	2850.132	2628806.984	1104510.661	2850.056	0.2510398371426112	0.0179314169387579
612	2628842.025	1104532.754	2855.657	2628841.544	1104532.752	2855.346	0.5727879185975737	0.04091342275696955
613	2628814.147	1104523.421	2847.605	2628814.147	1104523.421	2847.605	0.0	0.0
614	2628805.93	1104517.145	2845.013	2628805.673	1104517.146	2844.789	0.3409193454628066	0.0243513818187719
654	2628865.389	1104558.522	2855.899	2628865.7	1104558.18	2856.195	0.548908917999319	0.0392077798570942
657	2628819.269	1104530.21	2843.805	2628818.333	1104530.146	2842.827	1.355240199942667	0.0968028714244762
658	2628803.857	1104523.29	2840.029	2628802.355	1104523.332	2839.227	1.7032240015857305	0.12165885725612355
659	2628797.378	1104517.554	2838.315	2628797.285	1104517.665	2838.07	0.2845962051477915	0.02032830036769935
699	2628864.485	1104559.886	2851.785	2628864.392	1104560.038	2852.407	0.6470216379519865	0.04621583128228475
700	2628854.818	1104549.222	2847.133	2628855.103	1104549.246	2847.344	0.3554180638120067	0.02538700455800045
701	2628820.463	1104538.022	2839.687	2628820.301	1104537.974	2839.294	0.4277814863003615	0.0305558204500258
702	2628807.848	1104529.745	2836.909	2628807.699	1104529.79	2836.663	0.291104792223537	0.02079319944453835
703	2628797.618	1104523.649	2833.581	2628785.964	1104523.374	2831.045	11.929905154331824	0.8521360824522731
743	2628861.726	1104569.145	2840.898	2628861.105	1104569.231	2840.45	0.7705459102130503	0.05503899358664645
744	2628853.97	1104558.194	2842.258	2628853.989	1104558.261	2842.478	0.2307596151839239	0.01648282965599455
745	2628825.277	1104545.397	2835.261	2628820.934	1104544.831	2834.176	4.512120344035004	0.3222943102882146
746	2628818.109	1104537.827	2833.925	2628817.797	1104537.84	2833.42	0.5937491054649785	0.0424106503903556
747	2628797.118	1104528.743	2829.483	2628797.093	1104528.866	2829.361	0.1750371388364407	0.01250265277403145
787	2628868.747	1104578.893	2838.609	2628860.295	1104576.474	2836.5	9.04078237769228	0.6457701698351629
788	2628850.54	1104565.659	2834.535	2628850.509	1104565.453	2834.521	0.2087893675447873	0.01491352625319905
789	2628830.857	1104553.891	2830.212	2628831.012	1104554.253	2830.118	0.4048518248140001	0.02891798748671425
790	2628817.382	1104543.995	2828.787	2628817.057	1104543.888	2828.599	0.3904074796123687	0.0278862485437406
791	2628800.775	1104535.595	2825.443	2628801.069	1104535.853	2825.472	0.3922257004447907	0.02801612146034215
830	2628867.152	1104596.977	2831.098	2628867.152	1104596.977	2831.098	0.0	0.0
831	2628859.439	1104586.176	2828.621	2628859.185	1104585.742	2828.592	0.5036993148359303	0.0359785224882807
832	2628846.942	1104574.051	2827.117	2628847.171	1104574.478	2826.95	0.5125026829703915	0.0366073344978851
833	2628828.513	1104560.632	2825.813	2628827.852	1104560.38	2826.134	0.7768307407961552	0.0554879100568682
834	2628822.562	1104553.024	2824.603	2628823.133	1104553.314	2824.758	0.6589127408217824	0.04706519577298445
835	2628798.459	1104541.524	2820.101	2628797.997	1104541.426	2819.826	0.546509835078842	0.03903641679134585
836	2628779.38	1104534.827	2817.157	2628778.975	1104534.952	2816.37	0.8938786270151281	0.0638484733582234
873	2628863.223	1104614.944	2824.802	2628863.225	1104614.849	2824.789	0.0959062041483137	0.00685044315345095
874	2628861.04	1104604.713	2823.976	2628861.34	1104604.589	2824.211	0.4007505457328524	0.028625038980918
875	2628857.235	1104595.95	2822.863	2628857.166	1104596.378	2823.084	0.4866066173167296	0.0347576155226235
876	2628841.387	1104579.861	2820.584	2628840.831	1104579.355	2820.135	0.8756557545183599	0.06254683960845425
877	2628835.383	1104569.61	2821.272	2628829.249	1104567.821	2820.478	6.438704295224266	0.4599074496588762
878	2628820.373	1104558.912	2818.541	2628821.164	1104559.04	2818.943	0.8964758778619082	0.06403399127585055
879	2628799.662	1104548.226	2816.286	2628798.808	1104547.913	2815.81	1.0265773228255313	0.07332695163039506
880	2628782.993	1104541.735	2812.885	2628782.486	1104542.031	2812.11	0.972260253050666	0.0694471609321904
917	2628854.449	1104620.415	2817.724	2628854.449	1104620.415	2817.724	0.0	0.0
918	2628850.426	1104611.109	2815.3	2628850.583	1104611.635	2815.291	0.5490045538181472	0.0392146109870105
919	2628850.812	1104601.533	2816.037	2628850.27	1104601.38	2815.638	0.6901985221236028	0.04929989443740015
920	2628842.829	1104589.667	2813.542	2628841.901	1104589.436	2813.138	1.0381526861026964	0.07415376329304975
921	2628837.996	1104579.282	2815.406	2628838.122	1104579.169	2815.737	0.3717606757281074	0.0265543339805791
922	2628817.576	1104565.342	2812.754	2628817.561	1104565.343	2812.62	0.1348406466547585	0.00963147476105415
923	2628803.085	1104556.056	2812.038	2628803.025	1104556.182	2811.903	0.1941674534761095	0.0138691038197221
924	2628784.406	1104545.727	2810.458	2628784.311	1104545.837	2810.323	0.198368344180846	0.014169167441489
961	2628846.918	1104627.403	2811.363	2628846.644	1104627.128	2811.054	0.4961673105545541	0.03544052218246815
962	2628839.993	1104616.042	2805.328	2628838.293	1104615.338	2803.972	2.2856841424229057	0.16326315303020755
963	2628843.42	1104607.665	2809.297	2628843.645	1104607.052	2809.481	0.6784172758705002	0.04845837684789285
964	2628841.533	1104597.23	2809.281	2628842.071	1104597.184	2809.666	0.6631628760695135	0.0473687768621081
965	2628836.347	1104587.192	2810.09	2628837.094	1104587.946	2810.419	1.1112002519331317	0.07937144656665225
966	2628828.45	1104577.174	2809.752	2628830.286	1104578.004	2809.949	2.024501172756493	0.14460722662546374
967	2628796.207	1104560.211	2806.241	2628794.034	1104559.604	2805.82	2.2951294080289752	0.1639378148592125
968	2628790.134	1104553.696	2806.62	2628791.087	1104554.222	2806.622	1.0885260674837482	0.07775186196312485
1005	2628835.69	1104631.847	2800.695	2628835.033	1104631.364	2800.184	0.9623195935699844	0.06873711382642746
1006	2628840.532	1104621.858	2805.473	2628841.757	1104621.704	2806.392	1.539123776782675	0.1099374126273339
1007	2628834.454	1104614.739	2800.559	2628833.197	1104614.359	2799.381	1.7641238617130406	0.1260088472652172
1008	2628832.108	1104602.213	2800.544	2628830.742	1104601.303	2799.729	1.8325613222028367	0.13089723730020264
1009	2628833.714	1104595.848	2803.077	2628833.802	1104595.747	2803.078	0.1339626813815095	0.0095687629558221
1010	2628823.918	1104584.137	2802.954	2628824.855	1104585.235	2803.091	1.4499455161633643	0.10356753686881175
1011	2628784.608	1104566.108	2800.239	2628801.906	1104571.914	2799.724	18.253647991551464	1.303831999396533
1012	2628785.104	1104557.51	2801.493	2628783.557	1104556.948	2801.044	1.7060638907294643	0.121861706480676
1013	2628763.459	1104548.518	2800.477	2628763.264	1104549.077	2800.329	0.6102540455204298	0.0435895746800307
1048	2628829.454	1104646.022	2796.057	2628828.894	1104645.576	2795.572	0.8647201861102984	0.061765727579307
1049	2628830.843	1104637.256	2796.271	2628830.927	1104636.567	2796.307	0.6950345315611115	0.0496453236829365
1050	2628831.171	1104628.416	2795.861	2628830.409	1104627.646	2795.25	1.2437302763008944	0.0888378768786353
1051	2628825.451	1104620.663	2792.099	2628823.476	1104621.467	2790.255	2.819109256551447	0.2013649468965319
1052	2628832.254	1104611.887	2798.739	2628832.504	1104611.913	2798.938	0.3205885213035565	0.02289918009311115
1053	2628831.263	1104601.163	2800.224	2628831.455	1104600.36	2800.738	0.9725579673453022	0.06946842623895015
1054	2628822.371	1104594.139	2796.508	2628823.212	1104595.815	2796.292	1.88756801200648	0.1348262865718914
1055	2628799.312	1104575.813	2796.047	2628798.53	1104576.127	2795.231	1.1730200340148234	0.0837871452867731
1056	2628789.262	1104568.128	2795.479	2628787.722	1104568.865	2794.483	1.976558878470828	0.14118277703363055
1057	2628761.704	1104552.974	2797.081	2628761.717	1104553.13	2796.862	0.2691950965270557	0.01922822118050395
1092	2628823.522	1104651.21	2791.362	2628823.638	1104651.167	2791.535	0.2126828624671455	0.0151916330333675
1093	2628821.982	1104641.909	2789.765	2628821.909	1104641.664	2789.47	0.3903575283250597	0.0278826805946471
1094	2628825.452	1104634.438	2791.049	2628825.469	1104634.143	2790.889	0.3360267847852486	0.0240019131989463
1095	2628820.438	1104622.179	2787.895	2628819.046	1104621.419	2786.555	2.0762620258517	0.14830443041797856
1096	2628821.496	1104616.156	2789.665	2628821.373	1104616.953	2789.213	0.9244684959217416	0.0660334639944101
1097	2628819.349	1104605.083	2791.122	2628819.0	1104605.116	2790.836	0.452422368963811	0.03231588349741505
1098	2628812.629	1104598.139	2790.514	2628811.862	1104598.858	2789.919	1.2080045529913372	0.0862860394993812
1099	2628799.879	1104582.473	2791.71	2628796.911	1104581.077	2791.802	3.28120465711818	0.2343717612227271
1100	2628786.087	1104572.185	2791.99	2628785.161	1104572.033	2791.183	1.2376707962777624	0.088405056876983
1101	2628772.923	1104562.22	2792.231	2628773.11	1104563.031	2791.967	0.8731471811488972	0.0623676557963498
1136	2628814.568	1104653.784	2784.665	2628813.029	1104652.642	2784.007	2.0262401140025323	0.1447314367144666
1137	2628815.346	1104646.895	2784.254	2628814.97	1104647.311	2783.957	0.6345399906599701	0.0453242850471407
1138	2628817.869	1104638.674	2785.315	2628816.975	1104638.407	2784.778	1.0765193913074034	0.0768942422362431
1139	2628817.777	1104630.65	2784.755	2628817.135	1104630.262	2784.147	0.965594117544961	0.06897100839606865
1140	2628817.053	1104620.067	2785.059	2628816.173	1104618.527	2784.359	1.9068298298270945	0.1362021307019353
1141	2628809.178	1104610.624	2783.293	2628807.598	1104610.566	2782.734	1.676974954720443	0.1197839253371745
1142	2628801.378	1104604.368	2782.037	2628799.479	1104605.321	2780.536	2.601424802056081	0.18581605728972006
1143	2628796.347	1104589.016	2787.136	2628796.46	1104589.65	2786.968	0.6655441381158987	0.04753886700827845
1144	2628781.285	1104576.675	2787.406	2628781.1	1104576.801	2786.952	0.5061788221597749	0.0361556301542696
1145	2628772.299	1104568.682	2787.939	2628773.03	1104569.691	2787.487	1.3254229512458562	0.09467306794613255
1146	2628758.847	1104558.14	2790.056	2628759.714	1104559.01	2789.752	1.2653082629711565	0.09037916164079685
1181	2628809.351	1104650.797	2779.872	2628809.083	1104651.206	2779.247	0.7935552909672269	0.0566825207833733
1182	2628809.274	1104643.188	2778.922	2628808.55	1104643.134	2778.411	0.887813606886128	0.0634152576347234
1183	2628811.907	1104634.917	2779.899	2628811.734	1104634.617	2779.676	0.411895617689076	0.0294211155492197
1184	2628811.827	1104624.333	2780.652	2628813.138	1104624.738	2781.134	1.4543280232428106	0.10388057308877215
1185	2628808.303	1104617.095	2781.124	2628808.774	1104617.495	2781.498	0.7222997995703444	0.05159284282645315
1186	2628801.568	1104603.627	2782.307	2628800.981	1104602.983	2782.261	0.8725944074466594	0.06232817196047565
1187	2628791.377	1104594.161	2781.488	2628789.155	1104593.349	2781.09	2.3989647768449545	0.17135462691749676
1188	2628783.952	1104584.2	2783.099	2628782.997	1104583.882	2782.975	1.0141622158823578	0.07244015827731125
1189	2628769.524	1104572.55	2784.039	2628769.305	1104572.712	2783.731	0.4111800092679177	0.0293700006619941
1190	2628759.957	1104563.976	2785.736	2628759.391	1104564.032	2785.558	0.5959664420982377	0.04256903157844555
1226	2628804.581	1104647.938	2774.548	2628803.35	1104647.701	2774.164	1.3111010637263951	0.0936500759804568
1227	2628805.185	1104639.384	2773.665	2628804.505	1104639.11	2773.35	0.7979354611838935	0.0569953900845638
1228	2628802.457	1104629.953	2772.259	2628800.23	1104628.094	2771.639	2.966447370099834	0.21188909786427385
1229	2628803.191	1104624.009	2774.746	2628801.355	1104623.823	2773.817	2.0660428360661856	0.1475744882904418
1230	2628795.394	1104609.067	2776.913	2628794.286	1104607.869	2776.785	1.636842081642341	0.1169172915458815
1231	2628787.15	1104600.426	2775.657	2628788.062	1104601.11	2775.524	1.1477321116842458	0.08198086512030325
1232	2628780.754	1104589.831	2778.111	2628779.951	1104590.292	2777.601	1.0570856163965436	0.07550611545689595
1233	2628765.645	1104577.286	2780.299	2628765.165	1104577.285	2779.877	0.6391283126121607	0.04565202232944005
1234	2628757.279	1104567.549	2782.851	2628757.378	1104567.715	2782.767	0.2107439203761782	0.015053137169727
1271	2628797.896	1104641.61	2770.374	2628797.46	1104641.518	2770.172	0.4892484033949093	0.0349463145282078
1272	2628796.831	1104634.714	2769.852	2628796.427	1104634.795	2769.346	0.6525434849132802	0.04661024892237715
1273	2628796.002	1104625.566	2770.33	2628795.666	1104625.399	2770.02	0.4867083313611222	0.0347648808115087
1274	2628790.07	1104614.272	2770.784	2628789.383	1104613.731	2770.248	1.0256441878668818	0.0732602991333487
1275	2628783.864	1104605.17	2770.886	2628782.948	1104605.077	2770.299	1.0919130003556403	0.0779937857396886
1276	2628776.293	1104594.437	2773.141	2628776.071	1104594.791	2772.711	0.5995831886115797	0.0428273706151128
1277	2628769.811	1104584.35	2775.546	2628768.571	1104583.958	2774.966	1.423960673806829	0.10171147670048775
1278	2628761.028	1104574.12	2778.336	2628760.696	1104574.038	2778.16	0.3846088922343355	0.02747206373102395
1316	2628793.014	1104639.208	2767.42	2628793.568	1104639.89	2767.551	0.8883698552557712	0.0634549896611265
1317	2628789.298	1104628.995	2766.048	2628789.195	1104629.097	2765.9	0.2071641861310586	0.01479744186650415
1318	2628787.831	1104621.888	2766.731	2628787.909	1104622.342	2766.44	0.5448678738483681	0.038919133846312
1319	2628784.156	1104611.608	2768.598	2628783.922	1104611.174	2768.434	0.5196229402040928	0.03711592430029235
1320	2628774.656	1104601.521	2768.715	2628774.536	1104602.24	2768.312	0.8329285684174532	0.0594948977441038
1321	2628765.37	1104590.023	2769.796	2628763.644	1104589.334	2769.21	1.948638755876788	0.1391884825626277
1322	2628762.135	1104582.8	2772.74	2628761.479	1104582.758	2772.353	0.7628033822402244	0.0544859558743017
1359	2628784.469	1104648.146	2762.42	2628784.633	1104648.516	2762.325	0.4157174521729938	0.0296941037266424
1360	2628784.612	1104640.872	2762.964	2628784.504	1104641.216	2763.012	0.3637361681628929	0.02598115486877805
1361	2628785.642	1104634.468	2762.923	2628785.563	1104634.594	2762.959	0.1530130712341615	0.01092950508815435
1362	2628783.962	1104625.532	2763.317	2628784.526	1104626.058	2763.204	0.7794491647001509	0.05567494033572505
1363	2628777.477	1104616.17	2761.545	2628776.209	1104615.849	2760.917	1.4509476215200166	0.1036391158228583
1364	2628771.638	1104606.499	2763.838	2628770.485	1104606.993	2763.201	1.4068454072122	0.10048895765801424
1365	2628764.938	1104597.557	2764.813	2628761.06	1104596.283	2764.368	4.106091206992448	0.29329222907088914
1366	2628754.088	1104584.415	2767.996	2628755.026	1104585.619	2767.217	1.713563830132526	0.12239741643803755
1367	2628746.32	1104572.87	2773.325	2628746.406	1104573.124	2773.315	0.2683505170481652	0.0191678940748689
1403	2628777.689	1104650.047	2758.242	2628777.379	1104650.163	2758.031	0.3925264318843852	0.02803760227745605
1404	2628778.503	1104643.292	2758.443	2628778.277	1104643.222	2758.134	0.3891747680577923	0.0277981977184137
1405	2628777.975	1104637.322	2757.931	2628776.271	1104636.882	2757.565	1.797546105012641	0.12839615035804575
1406	2628778.479	1104628.992	2759.259	2628778.017	1104628.244	2759.006	0.9148535402153176	0.06534668144395125
1407	2628775.993	1104621.262	2759.169	2628774.823	1104620.674	2758.944	1.3286342611164563	0.094902447222604
1408	2628768.816	1104611.902	2760.076	2628767.192	1104611.838	2759.492	1.7269997107647566	0.1233571221974826
1409	2628759.13	1104600.248	2761.201	2628758.055	1104600.695	2760.247	1.5051744083470342	0.10751245773907385
1410	2628755.846	1104593.006	2763.118	2628755.087	1104593.648	2762.205	1.3497459020531264	0.0964104215752233
1411	2628746.271	1104577.823	2768.976	2628745.542	1104577.508	2768.88	0.7999262469279727	0.05713758906628375
1447	2628774.288	1104654.813	2754.508	2628774.062	1104654.872	2754.237	0.3577680814484301	0.0255548629606021
1448	2628774.548	1104648.986	2754.691	2628774.209	1104649.174	2754.48	0.4413456696675301	0.03152469069053785
1449	2628772.807	1104641.011	2754.073	2628771.677	1104640.506	2753.873	1.2537643317763016	0.08955459512687865
1450	2628771.661	1104632.47	2755.354	2628770.204	1104631.519	2755.382	1.7401247080585402	0.1242946220041814
1451	2628766.512	1104624.468	2755.045	2628764.425	1104624.21	2754.419	2.194085003204989	0.15672035737178486
1452	2628764.179	1104615.65	2756.372	2628761.475	1104615.198	2756.286	2.74286638379447	0.1959190274138907
1453	2628761.136	1104607.262	2757.201	2628759.277	1104607.126	2757.005	1.874244648034032	0.13387461771671655
1454	2628752.427	1104595.747	2759.708	2628751.163	1104596.014	2759.093	1.430807464305227	0.10220053316465905
1455	2628750.537	1104586.55	2764.375	2628751.052	1104587.39	2764.335	0.9861161188642816	0.07043686563316295
1491	2628768.476	1104656.967	2751.09	2628768.329	1104656.934	2750.892	0.2488011253363705	0.01777150895259785
1492	2628767.801	1104649.665	2750.426	2628767.509	1104649.668	2750.3	0.3180393056547458	0.02271709326105325
1493	2628763.345	1104639.085	2751.585	2628762.775	1104639.003	2751.077	0.767911453443148	0.054850818103082
1494	2628762.553	1104632.521	2752.4	2628761.298	1104631.747	2752.394	1.4744955068368315	0.10532110763120225
1495	2628758.755	1104622.62	2752.299	2628757.918	1104622.079	2751.969	1.049833320067769	0.0749880942905549
1496	2628758.894	1104618.072	2753.01	2628758.005	1104618.15	2752.546	1.0058334851940254	0.07184524894243036
1497	2628756.983	1104610.94	2754.444	2628757.836	1104612.444	2753.763	1.8583288191476128	0.132737772796258
1498	2628750.69	1104602.465	2755.121	2628751.434	1104604.601	2754.098	2.482450603671309	0.17731790026223634
1499	2628745.954	1104589.138	2759.788	2628740.697	1104586.072	2761.007	6.206638864799397	0.4433313474856712
1535	2628763.706	1104659.962	2745.011	2628763.203	1104659.876	2744.638	0.6320870189931123	0.0451490727852223
1536	2628760.322	1104649.279	2747.761	2628760.051	1104649.073	2747.537	0.407496012374735	0.02910685802676675
1537	2628758.961	1104643.594	2748.167	2628758.667	1104643.788	2747.81	0.5015186936648468	0.0358227638332033
1538	2628757.181	1104636.275	2748.601	2628756.707	1104636.36	2748.204	0.624107362531557	0.0445790973236826
1539	2628756.281	1104628.932	2749.046	2628755.092	1104628.424	2748.699	1.3387285010001506	0.0956234643571536
1540	2628754.909	1104621.359	2750.058	2628754.347	1104621.624	2749.306	0.9754860326918648	0.0696775737637046
1541	2628753.988	1104613.898	2750.222	2628753.501	1104614.002	2749.531	0.8517429188138699	0.0608387799152764
1542	2628749.872	1104605.942	2751.845	2628749.212	1104606.429	2751.165	1.0654431003868778	0.0761030785990627
1543	2628743.336	1104598.499	2753.902	2628744.025	1104600.299	2753.378	1.9973224576579127	0.1426658898327081
1544	2628735.672	1104582.794	2761.262	2628736.247	1104583.25	2761.283	0.7341675559566012	0.0524405397111858
1580	2628758.273	1104654.709	2743.924	2628756.751	1104653.329	2744.096	2.0616663163497857	0.1472618797392704
1581	2628755.211	1104647.727	2744.06	2628754.669	1104648.059	2743.517	0.8359647120836187	0.0597117651488299
1582	2628754.417	1104640.118	2744.396	2628753.235	1104639.955	2743.891	1.2956535030831888	0.09254667879165634
1583	2628753.148	1104632.927	2745.386	2628752.264	1104633.17	2744.691	1.1504477389897758	0.0821748384992697
1584	2628751.23	1104625.736	2746.393	2628750.742	1104625.936	2745.593	0.9581983092658116	0.0684427363761294
1585	2628750.83	1104618.299	2747.162	2628750.21	1104618.481	2746.531	0.9031528110261848	0.0645109150732989
1586	2628747.291	1104610.115	2748.584	2628747.022	1104610.637	2747.971	0.8488898634633193	0.06063499024737995
1587	2628741.128	1104602.391	2749.79	2628739.293	1104602.125	2749.105	1.976665373778756	0.1411903838413397
1588	2628740.305	1104591.848	2755.335	2628740.661	1104592.5	2755.28	0.7448926095581188	0.05320661496843705
1624	2628753.196	1104656.491	2741.333	2628753.486	1104656.759	2741.02	0.5038779615199837	0.0359912829657131
1625	2628753.08	1104650.448	2741.425	2628752.175	1104650.042	2741.07	1.053511272188291	0.0752508051563065
1626	2628751.538	1104644.168	2742.133	2628750.522	1104643.829	2741.96	1.0849451602276914	0.0774960828734065
1627	2628748.483	1104635.455	2742.204	2628747.048	1104635.413	2741.855	1.4774268171965723	0.1055304869426123
1628	2628748.218	1104628.561	2743.379	2628746.641	1104628.442	2742.931	1.6437134787243826	0.11740810562317015
1629	2628746.664	1104621.138	2744.536	2628746.301	1104621.528	2743.812	0.8989132326562985	0.06420808804687846
1630	2628746.758	1104615.173	2745.438	2628746.501	1104615.546	2745.142	0.541104426127432	0.0386503161519594
1631	2628739.66	1104602.933	2748.917	2628739.296	1104602.871	2748.68	0.4387584757395206	0.03133989112425145
1632	2628738.842	1104597.758	2751.495	2628739.824	1104599.296	2751.084	1.8704782811439773	0.1336055915102841
1633	2628731.019	1104584.946	2756.588	2628731.006	1104585.033	2756.649	0.1070467187954697	0.0076461941996764
1668	2628751.076	1104660.39	2738.481	2628751.112	1104660.241	2738.334	0.2123817318307511	0.0151701237021965
1669	2628748.228	1104652.504	2738.239	2628748.157	1104652.874	2737.603	0.7392137715722907	0.05280098368373505
1670	2628745.177	1104643.837	2739.617	2628744.718	1104643.723	2739.024	0.7585024721494024	0.05417874801067155
1671	2628744.437	1104638.19	2739.751	2628743.882	1104639.191	2738.916	1.4167748586128317	0.1011982041866308
1672	2628743.914	1104630.834	2741.765	2628744.444	1104632.118	2740.847	1.6650165165059283	0.11892975117899485
1673	2628745.141	1104626.271	2741.317	2628744.523	1104626.521	2740.869	0.8031986054101568	0.0573713289578683
1674	2628742.995	1104618.462	2742.746	2628742.53	1104618.848	2742.484	0.6586842948245836	0.04704887820175595
1675	2628740.198	1104610.539	2744.338	2628739.329	1104610.702	2744.107	0.9138331356930732	0.0652737954066481
1676	2628735.044	1104599.016	2748.381	2628734.087	1104598.162	2748.44	1.283996106246426	0.0917140075890304
1677	2628731.693	1104589.907	2753.299	2628731.642	1104589.685	2753.468	0.2836300405882133	0.0202592886134438
1712	2628750.664	1104667.314	2734.254	2628751.176	1104667.86	2734.238	0.7486761651104211	0.05347686893645865
1713	2628744.907	1104656.449	2734.784	2628744.822	1104656.681	2734.527	0.3565080644657758	0.0254648617475554
1714	2628743.549	1104649.456	2735.628	2628742.741	1104649.589	2735.214	0.9175777897761204	0.0655412706982943
1715	2628741.45	1104641.01	2737.52	2628740.908	1104641.506	2737.087	0.852800680369239	0.06091433431208845
1716	2628742.285	1104635.752	2737.639	2628741.82	1104636.669	2736.866	1.2863292735960838	0.09188066239972024
1717	2628740.174	1104628.375	2738.569	2628739.167	1104628.851	2737.861	1.3198064253739368	0.09427188752670974
1718	2628738.583	1104620.858	2740.055	2628738.121	1104621.341	2739.415	0.9253826237160084	0.06609875883685774
1719	2628736.749	1104613.729	2741.552	2628735.333	1104613.704	2741.154	1.4710829341876153	0.1050773524419725
1720	2628733.888	1104605.435	2744.241	2628733.459	1104605.82	2743.907	0.6661996697764534	0.0475856906983181
1721	2628732.651	1104596.77	2747.88	2628732.601	1104596.921	2747.818	0.1707190676207633	0.0121942191157688
1756	2628746.879	1104669.27	2731.692	2628747.076	1104669.395	2731.866	0.2910498237065876	0.0207892731218991
1757	2628745.368	1104661.892	2731.726	2628745.47	1104661.755	2731.825	0.1974183378371864	0.0141013098455133
1758	2628740.661	1104653.244	2732.02	2628739.374	1104652.76	2731.342	1.5330717530399902	0.10950512521714215
1759	2628739.149	1104644.359	2734.444	2628739.077	1104645.276	2733.383	1.4042058254636056	0.10030041610454325
1760	2628738.801	1104638.018	2734.85	2628737.641	1104638.245	2734.041	1.4323442325190892	0.10231030232279205
1761	2628738.258	1104631.577	2735.767	2628737.509	1104631.697	2735.415	0.8362445812830742	0.05973175580593385
1762	2628736.48	1104624.287	2737.508	2628735.834	1104624.722	2736.804	1.0498366540962774	0.07498833243544835
1763	2628734.084	1104616.893	2738.971	2628733.505	1104617.6	2738.428	1.0629858889638522	0.075927563497418
1764	2628731.52	1104608.293	2741.798	2628730.807	1104608.445	2741.496	0.7890988531131167	0.056364203793794
1765	2628729.886	1104600.878	2744.445	2628729.351	1104600.394	2744.498	0.7233878628370327	0.0516705616312166
1766	2628724.419	1104590.431	2748.806	2628724.419	1104590.431	2748.806	0.0	0.0
1801	2628742.462	1104663.909	2729.824	2628742.509	1104663.707	2729.848	0.2087797883976604	0.0149128420284043
1802	2628736.486	1104654.427	2730.245	2628735.481	1104653.656	2729.692	1.3821269839264725	0.098723355994748
1803	2628736.7	1104648.426	2731.808	2628735.893	1104648.836	2731.408	0.9896206343743252	0.07068718816959466
1804	2628736.488	1104642.815	2731.521	2628735.802	1104643.313	2730.817	1.1019146971522809	0.0787081926537343
1805	2628734.038	1104632.832	2733.87	2628733.617	1104633.902	2733.097	1.3855215625223245	0.09896582589445176
1806	2628731.787	1104625.635	2735.788	2628731.594	1104626.222	2734.968	1.0267511870246628	0.0733393705017616
1807	2628732.431	1104620.648	2736.027	2628729.969	1104619.486	2736.371	2.744088919689716	0.1960063514064083
1808	2628729.709	1104612.814	2738.366	2628729.095	1104613.359	2737.748	1.0275918447613697	0.07339941748295495
1809	2628726.747	1104603.156	2741.857	2628726.577	1104603.428	2741.66	0.3764213065655608	0.0268872361832543
1810	2628724.444	1104595.116	2745.446	2628724.626	1104595.259	2745.534	0.2476226969718853	0.0176873354979918
1846	2628737.497	1104660.092	2727.304	2628737.214	1104660.475	2727.119	0.5108845270816951	0.03649175193440675
1847	2628730.56	1104647.543	2729.465	2628729.949	1104647.846	2728.712	1.015942419600704	0.07256731568576455
1848	2628732.282	1104643.324	2729.977	2628730.96	1104642.216	2730.14	1.7326041095530305	0.123757436396645
1849	2628730.275	1104635.506	2731.298	2628729.65	1104636.104	2730.509	1.1707903313562993	0.0836278808111642
1850	2628729.03	1104627.815	2733.9	2628728.692	1104628.471	2733.262	0.975512173137055	0.06967944093836105
1851	2628728.573	1104623.179	2734.102	2628728.025	1104623.978	2733.681	1.05638345299387	0.07545596092813354
1852	2628727.405	1104616.219	2736.499	2628727.499	1104617.124	2735.892	1.0937595714133157	0.07812568367237965
1853	2628727.679	1104608.874	2739.941	2628728.431	1104610.081	2739.502	1.4883124670712415	0.1063080333622315
1854	2628722.676	1104598.61	2742.817	2628723.425	1104599.296	2742.597	1.0392290410378655	0.07423064578841895
1891	2628729.134	1104650.992	2728.233	2628732.438	1104655.647	2725.564	6.301507914799954	0.45010770819999674
1892	2628727.821	1104643.97	2728.796	2628727.538	1104644.206	2728.463	0.4966628634339085	0.0354759188167077
1893	2628728.112	1104638.886	2729.128	2628727.429	1104639.34	2728.668	0.9403217536539696	0.0671658395467121
1894	2628726.182	1104629.327	2731.631	2628725.959	1104629.534	2731.201	0.526761805825605	0.0376258432732575
1895	2628725.083	1104624.135	2732.421	2628724.274	1104623.861	2731.995	0.954480486868052	0.06817717763343226
1896	2628725.607	1104619.05	2733.429	2628725.038	1104619.279	2733.067	0.7122120468271977	0.05087228905908555
1897	2628723.597	1104611.08	2736.191	2628723.213	1104611.47	2735.784	0.6820593815643388	0.0487185272545956
1898	2628720.631	1104602.07	2739.977	2628721.198	1104603.003	2739.743	1.1165724337038334	0.0797551738359881
1899	2628716.478	1104593.547	2743.59	2628717.213	1104594.382	2743.272	1.1569675880275363	0.0826405420019669
1935	2628726.444	1104650.981	2725.302	2628726.159	1104650.906	2724.858	0.5329033684242539	0.0380645263160181
1936	2628723.821	1104643.804	2726.043	2628723.302	1104643.521	2725.204	1.026338638013628	0.0733099027152591
1937	2628722.641	1104640.729	2726.557	2628722.883	1104642.468	2724.756	2.5152109255981943	0.17965792325701385
1938	2628722.092	1104632.536	2728.275	2628720.595	1104631.191	2728.056	2.024350513089764	0.1445964652206974
1939	2628722.92	1104626.267	2730.517	2628722.335	1104626.029	2730.338	0.656437354137188	0.04688838243837055
1940	2628721.268	1104620.834	2731.336	2628719.553	1104620.143	2731.19	1.8547296302252063	0.132480687873229
1941	2628720.606	1104613.797	2733.691	2628720.019	1104613.768	2733.476	0.6258074786598647	0.0447005341899903
1942	2628718.546	1104605.16	2737.6	2628718.45	1104605.366	2737.416	0.2924175097076277	0.02088696497911625
1943	2628715.361	1104596.85	2741.128	2628715.862	1104597.336	2741.063	0.7010149784209501	0.05007249845863925
1980	2628722.64	1104643.94	2724.317	2628721.503	1104641.859	2724.59	2.387018852095754	0.1705013465782681
1984	2628718.723	1104621.534	2730.229	2628718.42	1104621.365	2730.066	0.3833262320572804	0.0273804451469486
1986	2628714.67	1104606.906	2735.049	2628714.895	1104607.767	2734.761	0.9353555474254966	0.0668111105303926
