ID	X	Y	Z
31	2628831.1390	1104494.3830	2873.4230
32	2628830.7320	1104494.2200	2873.2830
33	2628829.3880	1104492.6770	2872.2720
34	2628819.1650	1104484.5760	2865.4810
35	2628797.4040	1104479.6720	2860.9300
36	2628779.0940	1104478.2400	2857.7170
37	2628779.1350	1104477.4830	2858.0450
77	2628830.7320	1104494.2200	2873.2830
78	2628829.3880	1104492.6770	2872.2720
79	2628827.4430	1104479.2100	2869.2410
80	2628797.4040	1104479.6720	2860.9300
81	2628779.0940	1104478.2400	2857.7170
108	2628925.4680	1104636.5500	2844.8490
123	2628829.3880	1104492.6770	2872.2720
124	2628819.1650	1104484.5760	2865.4810
125	2628797.4040	1104479.6720	2860.9300
126	2628793.1800	1104477.1060	2860.4890
154	2628945.5610	1104630.8980	2852.5630
167	2628830.9410	1104494.2580	2873.3470
168	2628829.3880	1104492.6770	2872.2720
169	2628827.4430	1104479.2100	2869.2410
170	2628797.4040	1104479.6720	2860.9300
171	2628779.0940	1104478.2400	2857.7170
198	2628920.9660	1104638.0320	2843.1070
199	2628946.7270	1104636.2380	2852.7640
200	2628945.7560	1104620.9800	2855.5570
213	2628829.3880	1104492.6770	2872.2720
214	2628827.5050	1104480.9520	2867.3280
215	2628796.9970	1104479.5430	2861.0100
216	2628797.0530	1104478.7960	2860.8620
217	2628771.8380	1104477.6480	2857.4980
243	2628925.4680	1104636.5500	2844.8490
244	2628947.1370	1104636.7460	2853.1130
245	2628945.7560	1104620.9800	2855.5570
258	2628829.3880	1104492.6770	2872.2720
259	2628829.3880	1104492.6770	2872.2720
260	2628797.4040	1104479.6720	2860.9300
261	2628779.0940	1104478.2400	2857.7170
288	2628925.4680	1104636.5500	2844.8490
289	2628947.1370	1104636.7460	2853.1130
290	2628945.7560	1104620.9800	2855.5570
303	2628829.3880	1104492.6770	2872.2720
304	2628819.1650	1104484.5760	2865.4810
305	2628797.4040	1104479.6720	2860.9300
306	2628797.0530	1104478.7960	2860.8620
308	2628772.9370	1104474.4080	2859.6790
309	2628765.0930	1104472.3960	2856.1490
310	2628758.8010	1104470.6320	2853.6920
333	2628948.4420	1104647.9910	2848.0280
334	2628946.7270	1104636.2380	2852.7640
335	2628945.7560	1104620.9800	2855.5570
347	2628831.1390	1104494.3830	2873.4230
348	2628829.3880	1104492.6770	2872.2720
349	2628819.2560	1104484.9160	2865.5190
350	2628797.4040	1104479.6720	2860.9300
351	2628792.0050	1104478.9210	2858.9270
352	2628790.7860	1104473.9310	2863.2840
353	2628768.5680	1104475.6340	2854.3710
354	2628760.6700	1104474.1100	2850.8420
378	2628948.4420	1104647.9910	2848.0280
379	2628946.7270	1104636.2380	2852.7640
380	2628945.7560	1104620.9800	2855.5570
381	2628962.1950	1104607.4390	2869.0930
392	2628831.1390	1104494.3830	2873.4230
393	2628846.5560	1104487.7490	2876.8950
394	2628819.2560	1104484.9160	2865.5190
395	2628794.5910	1104482.9330	2858.2010
396	2628792.1300	1104478.6260	2859.1230
397	2628775.3690	1104478.2580	2854.0020
398	2628758.7930	1104478.6530	2847.2490
399	2628747.6740	1104478.0370	2843.0330
423	2628948.4420	1104647.9910	2848.0280
424	2628947.1370	1104636.7460	2853.1130
425	2628943.4700	1104621.7710	2853.6480
426	2628962.1950	1104607.4390	2869.0930
427	2628960.5270	1104599.4500	2870.7840
437	2628827.4290	1104496.3260	2871.0580
438	2628839.1860	1104488.1020	2873.6590
439	2628819.2010	1104484.8680	2865.4940
440	2628826.0470	1104477.9470	2868.2540
441	2628780.3590	1104481.8460	2852.0490
442	2628765.8680	1104480.9470	2846.7370
443	2628753.3330	1104480.3390	2842.3190
444	2628733.3590	1104482.7090	2835.3430
468	2628948.4420	1104647.9910	2848.0280
469	2628946.3690	1104635.5630	2852.1710
470	2628945.7560	1104620.9800	2855.5570
471	2628962.1950	1104607.4390	2869.0930
472	2628960.9750	1104600.0870	2870.8770
473	2628955.7220	1104586.5330	2873.4850
481	2628815.5010	1104504.1100	2861.3790
482	2628808.0490	1104498.5360	2858.8350
483	2628798.3900	1104494.0850	2854.5910
484	2628784.2530	1104490.4670	2850.1800
485	2628777.7570	1104487.3060	2847.5940
486	2628766.6780	1104484.9280	2844.0090
487	2628752.8900	1104484.0150	2839.1940
488	2628738.2990	1104484.4450	2834.4220
489	2628723.1780	1104486.0870	2829.9030
513	2628948.4420	1104647.9910	2848.0280
514	2628946.7270	1104636.2380	2852.7640
515	2628945.7560	1104620.9800	2855.5570
516	2628962.1950	1104607.4390	2869.0930
517	2628960.7950	1104600.0570	2870.5820
518	2628955.7220	1104586.5330	2873.4850
523	2628868.9300	1104524.6550	2874.3300
524	2628827.1100	1104516.7060	2861.0520
525	2628816.3480	1104510.1710	2857.1050
526	2628801.6940	1104505.4640	2852.2210
527	2628794.8140	1104499.7300	2850.1480
528	2628783.9620	1104495.7010	2846.6100
529	2628776.2680	1104492.2040	2843.9340
530	2628767.5120	1104489.0390	2840.7680
531	2628751.4150	1104488.4090	2835.8630
532	2628736.1190	1104488.5480	2831.2280
533	2628718.1270	1104490.2350	2826.0970
558	2628948.4420	1104647.9910	2848.0280
559	2628946.7270	1104636.2380	2852.7640
560	2628945.7560	1104620.9800	2855.5570
561	2628962.1950	1104607.4390	2869.0930
566	2628882.5350	1104543.2940	2873.0310
567	2628865.5790	1104533.5200	2868.2980
568	2628829.8270	1104524.1650	2857.1730
569	2628812.2930	1104517.1420	2851.6090
570	2628807.1980	1104510.7680	2850.1320
571	2628789.7210	1104506.1470	2844.4770
572	2628782.0030	1104501.5260	2841.8710
573	2628773.9230	1104497.4650	2839.3840
574	2628765.7890	1104493.9270	2837.1170
575	2628755.1800	1104491.8190	2834.0150
576	2628739.8250	1104491.1300	2829.6700
577	2628728.8820	1104490.5500	2826.7640
603	2628948.4420	1104647.9910	2848.0280
604	2628947.1370	1104636.7460	2853.1130
605	2628945.7560	1104620.9800	2855.5570
606	2628962.1950	1104607.4390	2869.0930
607	2628960.5270	1104599.4500	2870.7840
610	2628875.8430	1104551.8600	2864.8530
611	2628870.4440	1104542.0700	2863.2400
612	2628842.0250	1104532.7540	2855.6570
613	2628814.1470	1104523.4210	2847.6050
614	2628805.9300	1104517.1450	2845.0130
615	2628789.1940	1104511.7870	2840.4650
616	2628779.2210	1104507.0570	2837.7310
617	2628770.1240	1104502.7700	2835.0590
618	2628764.6080	1104498.7530	2833.3270
619	2628753.0170	1104496.0950	2830.4180
620	2628740.2760	1104494.6220	2827.4490
621	2628731.5550	1104493.0700	2825.1190
622	2628711.3660	1104495.1090	2820.2780
648	2628948.4420	1104647.9910	2848.0280
649	2628946.7270	1104636.2380	2852.7640
650	2628945.7560	1104620.9800	2855.5570
651	2628962.1950	1104607.4390	2869.0930
652	2628960.7950	1104600.0570	2870.5820
653	2628955.7220	1104586.5330	2873.4850
654	2628865.3890	1104558.5220	2855.8990
655	2628864.7780	1104549.8760	2854.7920
656	2628858.2160	1104541.4710	2853.2050
657	2628819.2690	1104530.2100	2843.8050
658	2628803.8570	1104523.2900	2840.0290
659	2628797.3780	1104517.5540	2838.3150
660	2628777.5410	1104512.5320	2833.7160
661	2628768.5770	1104507.4730	2831.5570
662	2628764.0060	1104503.3140	2830.2760
663	2628752.2690	1104500.6400	2827.2190
664	2628740.8380	1104498.3520	2824.5340
665	2628732.1030	1104496.2890	2822.6540
666	2628720.2610	1104495.9140	2820.0790
667	2628703.5290	1104496.8980	2816.3190
693	2628948.4420	1104647.9910	2848.0280
694	2628946.7270	1104636.2380	2852.7640
695	2628945.7560	1104620.9800	2855.5570
696	2628962.1950	1104607.4390	2869.0930
697	2628960.6090	1104600.0190	2870.0050
698	2628880.6170	1104572.7170	2852.3120
699	2628864.4850	1104559.8860	2851.7850
700	2628854.8180	1104549.2220	2847.1330
701	2628820.4630	1104538.0220	2839.6870
702	2628807.8480	1104529.7450	2836.9090
703	2628797.6180	1104523.6490	2833.5810
704	2628778.2030	1104518.0760	2829.7070
705	2628769.1540	1104512.6230	2828.0590
706	2628761.2670	1104508.3140	2826.0990
707	2628752.4110	1104504.6670	2824.1520
708	2628741.7530	1104502.0560	2822.2830
709	2628732.6290	1104499.8460	2820.2880
710	2628725.4180	1104497.5770	2818.7210
711	2628701.0880	1104499.9680	2813.9250
712	2628701.1910	1104497.7020	2813.8220
713	2628699.0890	1104496.0860	2813.3990
738	2628948.4420	1104647.9910	2848.0280
739	2628946.7270	1104636.2380	2852.7640
740	2628945.7560	1104620.9800	2855.5570
741	2628950.7140	1104610.9760	2859.9820
742	2628880.8490	1104581.1850	2847.0350
743	2628861.7260	1104569.1450	2840.8980
744	2628853.9700	1104558.1940	2842.2580
745	2628825.2770	1104545.3970	2835.2610
746	2628818.1090	1104537.8270	2833.9250
747	2628797.1180	1104528.7430	2829.4830
748	2628779.9760	1104523.3980	2826.2620
749	2628768.5330	1104517.5330	2824.2880
750	2628760.0310	1104512.8840	2822.5760
751	2628750.8740	1104509.0390	2820.8080
752	2628742.7030	1104505.8190	2819.6170
753	2628732.7130	1104502.9650	2817.7680
754	2628728.1800	1104500.4310	2816.5900
755	2628701.2040	1104502.4080	2812.1120
756	2628699.6470	1104500.2960	2811.8900
757	2628695.0560	1104499.3040	2811.0820
783	2628948.4420	1104647.9910	2848.0280
784	2628946.4620	1104635.4460	2851.7320
785	2628925.5890	1104614.6720	2846.4650
786	2628873.1170	1104588.6100	2838.3510
787	2628868.7470	1104578.8930	2838.6090
788	2628850.5400	1104565.6590	2834.5350
789	2628830.8570	1104553.8910	2830.2120
790	2628817.3820	1104543.9950	2828.7870
791	2628800.7750	1104535.5950	2825.4430
792	2628774.8900	1104527.9600	2821.2710
793	2628769.4720	1104522.3550	2821.2100
794	2628762.1790	1104517.5640	2819.6960
795	2628751.6830	1104513.3750	2817.9830
796	2628742.1940	1104509.9410	2816.5300
797	2628734.8330	1104506.6680	2815.3860
798	2628729.7440	1104503.4850	2814.4070
799	2628710.6100	1104503.4130	2811.5290
800	2628699.8830	1104502.8230	2810.0060
828	2628888.5440	1104625.3210	2835.0720
829	2628883.3970	1104612.9160	2834.1400
830	2628867.1520	1104596.9770	2831.0980
831	2628859.4390	1104586.1760	2828.6210
832	2628846.9420	1104574.0510	2827.1170
833	2628828.5130	1104560.6320	2825.8130
834	2628822.5620	1104553.0240	2824.6030
835	2628798.4590	1104541.5240	2820.1010
836	2628779.3800	1104534.8270	2817.1570
837	2628769.5580	1104527.3320	2817.3260
838	2628759.5620	1104522.1390	2815.9350
839	2628753.6410	1104517.6960	2815.2470
840	2628739.4810	1104513.5430	2813.2050
841	2628733.8810	1104510.2730	2812.4020
842	2628730.1100	1104507.2270	2811.9660
843	2628725.2730	1104504.2350	2811.1730
845	2628699.1070	1104503.0980	2807.8090
846	2628698.5570	1104500.8150	2807.8210
873	2628863.2230	1104614.9440	2824.8020
874	2628861.0400	1104604.7130	2823.9760
875	2628857.2350	1104595.9500	2822.8630
876	2628841.3870	1104579.8610	2820.5840
877	2628835.3830	1104569.6100	2821.2720
878	2628820.3730	1104558.9120	2818.5410
879	2628799.6620	1104548.2260	2816.2860
880	2628782.9930	1104541.7350	2812.8850
881	2628768.1430	1104533.4230	2812.7290
882	2628761.3730	1104526.9740	2812.4770
883	2628749.9900	1104521.5430	2811.3840
884	2628738.9140	1104517.6950	2810.0680
885	2628731.6960	1104514.0470	2809.3290
886	2628729.3240	1104510.5250	2809.3490
887	2628724.6230	1104507.3940	2808.6680
888	2628702.4860	1104507.1980	2806.5330
889	2628699.3360	1104505.3650	2806.3890
890	2628698.1980	1104503.1650	2806.1360
891	2628694.4200	1104501.5900	2805.6790
917	2628854.4490	1104620.4150	2817.7240
918	2628850.4260	1104611.1090	2815.3000
919	2628850.8120	1104601.5330	2816.0370
920	2628842.8290	1104589.6670	2813.5420
921	2628837.9960	1104579.2820	2815.4060
922	2628817.5760	1104565.3420	2812.7540
923	2628803.0850	1104556.0560	2812.0380
924	2628784.4060	1104545.7270	2810.4580
925	2628766.4890	1104537.9400	2809.8240
926	2628761.0610	1104531.8980	2808.9790
927	2628752.8260	1104526.6290	2808.2580
928	2628738.6860	1104521.7880	2807.1680
929	2628733.2940	1104517.7930	2806.6960
930	2628726.9080	1104514.0640	2806.0890
931	2628724.7120	1104510.9720	2806.0760
932	2628719.8230	1104508.0180	2805.5280
933	2628701.6380	1104507.4780	2804.5310
934	2628697.9990	1104505.5390	2804.2460
960	2628845.0830	1104635.6910	2810.3350
961	2628846.9180	1104627.4030	2811.3630
962	2628839.9930	1104616.0420	2805.3280
963	2628843.4200	1104607.6650	2809.2970
964	2628841.5330	1104597.2300	2809.2810
965	2628836.3470	1104587.1920	2810.0900
966	2628828.4500	1104577.1740	2809.7520
967	2628796.2070	1104560.2110	2806.2410
968	2628790.1340	1104553.6960	2806.6200
969	2628765.3010	1104543.2040	2804.8250
970	2628759.1300	1104537.6060	2804.8390
971	2628751.6910	1104531.1910	2804.9440
972	2628739.3780	1104525.8120	2804.3770
973	2628732.3840	1104521.4380	2804.0420
974	2628727.0700	1104517.8530	2803.6080
975	2628723.0740	1104514.2070	2803.3750
977	2628704.6430	1104509.7350	2802.6330
1004	2628837.2170	1104640.5410	2802.8650
1005	2628835.6900	1104631.8470	2800.6950
1006	2628840.5320	1104621.8580	2805.4730
1007	2628834.4540	1104614.7390	2800.5590
1008	2628832.1080	1104602.2130	2800.5440
1009	2628833.7140	1104595.8480	2803.0770
1010	2628823.9180	1104584.1370	2802.9540
1011	2628784.6080	1104566.1080	2800.2390
1012	2628785.1040	1104557.5100	2801.4930
1013	2628763.4590	1104548.5180	2800.4770
1014	2628757.8410	1104541.3150	2801.0190
1015	2628751.8630	1104535.5810	2801.4150
1016	2628736.8170	1104529.5330	2801.2620
1017	2628732.1770	1104525.3230	2801.0930
1018	2628726.1820	1104521.1420	2800.8320
1019	2628721.7470	1104517.5500	2800.6660
1020	2628719.2130	1104513.8560	2800.9650
1021	2628714.6110	1104511.6430	2800.7160
1048	2628829.4540	1104646.0220	2796.0570
1049	2628830.8430	1104637.2560	2796.2710
1050	2628831.1710	1104628.4160	2795.8610
1051	2628825.4510	1104620.6630	2792.0990
1052	2628832.2540	1104611.8870	2798.7390
1053	2628831.2630	1104601.1630	2800.2240
1054	2628822.3710	1104594.1390	2796.5080
1055	2628799.3120	1104575.8130	2796.0470
1056	2628789.2620	1104568.1280	2795.4790
1057	2628761.7040	1104552.9740	2797.0810
1058	2628757.9200	1104546.9390	2797.6390
1059	2628753.1980	1104540.7320	2798.2690
1060	2628731.0160	1104532.8190	2798.1770
1061	2628730.3390	1104528.9000	2798.2310
1062	2628726.7890	1104524.9630	2798.1980
1063	2628722.7650	1104520.9530	2798.3300
1064	2628718.4210	1104517.7970	2798.0940
1065	2628707.5620	1104514.8980	2798.1880
1066	2628705.7800	1104511.9600	2798.4630
1092	2628823.5220	1104651.2100	2791.3620
1093	2628821.9820	1104641.9090	2789.7650
1094	2628825.4520	1104634.4380	2791.0490
1095	2628820.4380	1104622.1790	2787.8950
1096	2628821.4960	1104616.1560	2789.6650
1097	2628819.3490	1104605.0830	2791.1220
1098	2628812.6290	1104598.1390	2790.5140
1099	2628799.8790	1104582.4730	2791.7100
1100	2628786.0870	1104572.1850	2791.9900
1101	2628772.9230	1104562.2200	2792.2310
1102	2628756.4980	1104552.0580	2793.9430
1103	2628750.6430	1104544.3690	2794.2740
1104	2628731.0430	1104536.6020	2795.3890
1105	2628728.1780	1104532.5330	2795.2190
1106	2628725.5110	1104528.5450	2795.5760
1107	2628722.3570	1104524.6160	2795.7810
1108	2628718.7900	1104521.1040	2795.8590
1136	2628814.5680	1104653.7840	2784.6650
1137	2628815.3460	1104646.8950	2784.2540
1138	2628817.8690	1104638.6740	2785.3150
1139	2628817.7770	1104630.6500	2784.7550
1140	2628817.0530	1104620.0670	2785.0590
1141	2628809.1780	1104610.6240	2783.2930
1142	2628801.3780	1104604.3680	2782.0370
1143	2628796.3470	1104589.0160	2787.1360
1144	2628781.2850	1104576.6750	2787.4060
1145	2628772.2990	1104568.6820	2787.9390
1146	2628758.8470	1104558.1400	2790.0560
1147	2628747.8150	1104549.3810	2790.9390
1148	2628728.4980	1104540.0960	2792.5060
1149	2628727.9140	1104536.2900	2792.7690
1150	2628724.2360	1104532.0150	2792.8560
1151	2628720.1290	1104527.9500	2793.0480
1152	2628717.9390	1104524.5100	2793.4500
1153	2628710.9040	1104520.9340	2793.6170
1154	2628708.4210	1104517.8690	2793.8450
1155	2628705.0150	1104515.2800	2794.2700
1180	2628807.1850	1104657.5540	2779.8250
1181	2628809.3510	1104650.7970	2779.8720
1182	2628809.2740	1104643.1880	2778.9220
1183	2628811.9070	1104634.9170	2779.8990
1184	2628811.8270	1104624.3330	2780.6520
1185	2628808.3030	1104617.0950	2781.1240
1186	2628801.5680	1104603.6270	2782.3070
1187	2628791.3770	1104594.1610	2781.4880
1188	2628783.9520	1104584.2000	2783.0990
1189	2628769.5240	1104572.5500	2784.0390
1190	2628759.9570	1104563.9760	2785.7360
1191	2628747.7780	1104554.2860	2787.5420
1192	2628744.1740	1104548.2300	2788.1140
1193	2628725.4580	1104539.5710	2789.9230
1194	2628722.9320	1104535.6420	2790.4290
1195	2628719.7470	1104531.3940	2790.6700
1196	2628715.8150	1104527.4820	2790.8280
1197	2628712.1480	1104523.9670	2791.2960
1198	2628708.9820	1104520.9210	2791.5880
1199	2628705.2660	1104518.2060	2791.8860
1224	2628801.8780	1104662.4820	2775.6880
1225	2628802.8850	1104654.2870	2775.6060
1226	2628804.5810	1104647.9380	2774.5480
1227	2628805.1850	1104639.3840	2773.6650
1228	2628802.4570	1104629.9530	2772.2590
1229	2628803.1910	1104624.0090	2774.7460
1230	2628795.3940	1104609.0670	2776.9130
1231	2628787.1500	1104600.4260	2775.6570
1232	2628780.7540	1104589.8310	2778.1110
1233	2628765.6450	1104577.2860	2780.2990
1234	2628757.2790	1104567.5490	2782.8510
1235	2628747.6060	1104559.0540	2783.7650
1236	2628742.8190	1104552.7460	2784.8460
1237	2628724.5170	1104543.3480	2787.0250
1238	2628720.3910	1104538.6850	2787.6300
1239	2628717.9370	1104534.5440	2788.1370
1240	2628715.2340	1104530.8970	2788.3360
1241	2628711.6100	1104526.9020	2789.0480
1242	2628708.0160	1104523.7890	2789.2860
1243	2628704.9520	1104520.8660	2789.6660
1245	2628697.5750	1104515.3270	2790.8130
1268	2628795.3020	1104664.8820	2771.0260
1269	2628795.6180	1104656.9350	2770.1170
1270	2628797.6280	1104650.1890	2770.1740
1271	2628797.8960	1104641.6100	2770.3740
1272	2628796.8310	1104634.7140	2769.8520
1273	2628796.0020	1104625.5660	2770.3300
1274	2628790.0700	1104614.2720	2770.7840
1275	2628783.8640	1104605.1700	2770.8860
1276	2628776.2930	1104594.4370	2773.1410
1277	2628769.8110	1104584.3500	2775.5460
1278	2628761.0280	1104574.1200	2778.3360
1279	2628746.0840	1104563.2100	2780.1630
1280	2628726.4200	1104551.8200	2783.7370
1281	2628722.5470	1104546.7950	2784.3570
1282	2628719.2580	1104542.1020	2784.9850
1283	2628716.2380	1104537.9210	2785.5700
1284	2628714.0100	1104534.0590	2786.0440
1285	2628711.1820	1104530.5140	2786.4490
1286	2628707.7550	1104526.6780	2787.4080
1287	2628704.2740	1104523.6800	2787.5620
1288	2628700.4180	1104520.6350	2788.2740
1289	2628696.7120	1104517.9960	2788.9020
1290	2628690.3420	1104515.8190	2789.7050
1312	2628789.4890	1104668.0800	2766.3400
1313	2628789.3010	1104660.2510	2766.1330
1314	2628792.1800	1104654.2330	2766.3980
1315	2628790.8200	1104645.2350	2766.4780
1316	2628793.0140	1104639.2080	2767.4200
1317	2628789.2980	1104628.9950	2766.0480
1318	2628787.8310	1104621.8880	2766.7310
1319	2628784.1560	1104611.6080	2768.5980
1320	2628774.6560	1104601.5210	2768.7150
1321	2628765.3700	1104590.0230	2769.7960
1322	2628762.1350	1104582.8000	2772.7400
1323	2628742.0970	1104566.9380	2777.5800
1324	2628727.2970	1104556.3260	2780.4980
1325	2628720.8140	1104550.0780	2781.8620
1326	2628718.0080	1104545.3700	2782.5950
1327	2628715.2250	1104540.9570	2783.0360
1328	2628712.7900	1104537.0920	2783.5190
1329	2628710.4180	1104533.5590	2784.1140
1330	2628706.6290	1104529.8260	2784.8730
1331	2628703.4740	1104526.5970	2785.3850
1332	2628701.0240	1104523.4510	2785.9920
1333	2628697.1620	1104520.4320	2786.6540
1356	2628783.6270	1104671.1410	2762.0430
1357	2628784.0370	1104662.9090	2761.8060
1358	2628785.5260	1104656.7490	2762.3340
1359	2628784.4690	1104648.1460	2762.4200
1360	2628784.6120	1104640.8720	2762.9640
1361	2628785.6420	1104634.4680	2762.9230
1362	2628783.9620	1104625.5320	2763.3170
1363	2628777.4770	1104616.1700	2761.5450
1364	2628771.6380	1104606.4990	2763.8380
1365	2628764.9380	1104597.5570	2764.8130
1366	2628754.0880	1104584.4150	2767.9960
1367	2628746.3200	1104572.8700	2773.3250
1368	2628734.5560	1104563.4530	2775.8830
1369	2628717.7000	1104552.7060	2779.7760
1370	2628717.5020	1104549.0920	2779.8730
1371	2628713.8900	1104544.3610	2780.5590
1372	2628712.2190	1104540.2890	2781.1490
1373	2628710.0300	1104536.8040	2781.8930
1374	2628705.4900	1104532.1860	2782.6030
1375	2628702.7700	1104529.1780	2783.3910
1376	2628699.8310	1104526.1690	2783.7600
1377	2628697.6140	1104523.3100	2784.5290
1378	2628692.0690	1104520.3490	2785.8050
1379	2628670.3850	1104518.1700	2789.9270
1400	2628778.1340	1104673.8300	2758.1290
1401	2628778.2420	1104666.3610	2758.3430
1402	2628778.9120	1104658.6200	2758.5630
1403	2628777.6890	1104650.0470	2758.2420
1404	2628778.5030	1104643.2920	2758.4430
1405	2628777.9750	1104637.3220	2757.9310
1406	2628778.4790	1104628.9920	2759.2590
1407	2628775.9930	1104621.2620	2759.1690
1408	2628768.8160	1104611.9020	2760.0760
1409	2628759.1300	1104600.2480	2761.2010
1410	2628755.8460	1104593.0060	2763.1180
1411	2628746.2710	1104577.8230	2768.9760
1412	2628734.1900	1104567.6180	2772.6390
1413	2628718.2410	1104556.7240	2776.6290
1414	2628715.2200	1104551.9270	2777.4680
1415	2628712.2680	1104547.2720	2778.3220
1416	2628710.2470	1104543.5430	2778.9820
1417	2628708.1560	1104539.2660	2779.4800
1418	2628706.1890	1104535.7490	2780.3370
1419	2628702.0070	1104531.8170	2781.0050
1420	2628699.2270	1104528.8560	2781.9630
1421	2628697.2140	1104525.9930	2782.3930
1422	2628692.2700	1104522.7490	2783.9200
1423	2628685.6650	1104520.6630	2785.2340
1424	2628681.6750	1104518.1700	2786.4580
1443	2628774.8130	1104686.3060	2753.5620
1444	2628775.0350	1104678.1100	2754.0070
1445	2628775.1860	1104670.6460	2754.2330
1446	2628771.6540	1104660.1710	2754.7200
1447	2628774.2880	1104654.8130	2754.5080
1448	2628774.5480	1104648.9860	2754.6910
1449	2628772.8070	1104641.0110	2754.0730
1450	2628771.6610	1104632.4700	2755.3540
1451	2628766.5120	1104624.4680	2755.0450
1452	2628764.1790	1104615.6500	2756.3720
1453	2628761.1360	1104607.2620	2757.2010
1454	2628752.4270	1104595.7470	2759.7080
1455	2628750.5370	1104586.5500	2764.3750
1456	2628739.1590	1104575.6140	2768.0940
1457	2628717.6380	1104560.4090	2773.8330
1458	2628715.4280	1104555.5930	2774.8050
1459	2628711.6370	1104550.4820	2775.9510
1460	2628708.7050	1104546.2160	2776.6840
1461	2628707.1850	1104542.3410	2777.2890
1462	2628705.3900	1104538.6830	2778.1720
1463	2628702.1370	1104534.9320	2778.9010
1464	2628698.6240	1104531.4740	2779.7870
1465	2628696.8190	1104528.4230	2780.5250
1466	2628692.6340	1104525.4670	2781.7080
1468	2628681.5060	1104520.1010	2784.7010
1487	2628773.6400	1104693.5270	2748.1160
1488	2628770.5580	1104681.7700	2750.0840
1489	2628771.3900	1104674.2980	2749.8800
1490	2628766.2270	1104661.9520	2751.7340
1491	2628768.4760	1104656.9670	2751.0900
1492	2628767.8010	1104649.6650	2750.4260
1493	2628763.3450	1104639.0850	2751.5850
1494	2628762.5530	1104632.5210	2752.4000
1495	2628758.7550	1104622.6200	2752.2990
1496	2628758.8940	1104618.0720	2753.0100
1497	2628756.9830	1104610.9400	2754.4440
1498	2628750.6900	1104602.4650	2755.1210
1499	2628745.9540	1104589.1380	2759.7880
1500	2628736.9760	1104578.7400	2764.8120
1501	2628714.8740	1104562.9890	2771.8970
1502	2628713.7930	1104558.7660	2772.2260
1503	2628710.3350	1104553.8320	2773.3160
1504	2628706.6530	1104548.7050	2774.6960
1505	2628705.2610	1104544.9600	2775.4380
1506	2628703.8840	1104541.5000	2775.8620
1507	2628701.9730	1104538.0320	2776.6470
1508	2628698.1770	1104534.4890	2777.5280
1509	2628696.1780	1104531.0260	2778.4950
1511	2628685.2260	1104524.6160	2781.8900
1512	2628681.0370	1104521.6260	2783.2450
1531	2628768.7260	1104696.1590	2744.6130
1532	2628767.2270	1104685.6510	2745.7260
1533	2628767.0670	1104677.8520	2746.2280
1534	2628767.0180	1104670.3140	2746.8670
1535	2628763.7060	1104659.9620	2745.0110
1536	2628760.3220	1104649.2790	2747.7610
1537	2628758.9610	1104643.5940	2748.1670
1538	2628757.1810	1104636.2750	2748.6010
1539	2628756.2810	1104628.9320	2749.0460
1540	2628754.9090	1104621.3590	2750.0580
1541	2628753.9880	1104613.8980	2750.2220
1542	2628749.8720	1104605.9420	2751.8450
1543	2628743.3360	1104598.4990	2753.9020
1544	2628735.6720	1104582.7940	2761.2620
1545	2628731.0150	1104575.6340	2763.3570
1546	2628713.1680	1104562.2870	2769.6730
1547	2628709.8300	1104557.1200	2771.0330
1548	2628706.1850	1104552.1200	2772.1820
1549	2628703.7590	1104547.8290	2773.1040
1550	2628703.1340	1104544.1710	2773.8920
1551	2628701.0270	1104540.8550	2774.5400
1552	2628698.2090	1104537.1780	2775.4710
1553	2628696.0760	1104534.0350	2776.4000
1554	2628692.6810	1104530.4560	2777.5800
1555	2628688.5130	1104527.3250	2779.2400
1556	2628673.2240	1104523.3620	2783.7710
1557	2628669.7520	1104521.1290	2785.1610
1575	2628764.0170	1104698.0880	2740.4140
1576	2628765.3350	1104691.6010	2741.1840
1577	2628763.3250	1104681.3150	2742.7420
1578	2628762.4660	1104673.1640	2743.3200
1579	2628761.5480	1104664.2180	2742.3060
1580	2628758.2730	1104654.7090	2743.9240
1581	2628755.2110	1104647.7270	2744.0600
1582	2628754.4170	1104640.1180	2744.3960
1583	2628753.1480	1104632.9270	2745.3860
1584	2628751.2300	1104625.7360	2746.3930
1585	2628750.8300	1104618.2990	2747.1620
1586	2628747.2910	1104610.1150	2748.5840
1587	2628741.1280	1104602.3910	2749.7900
1588	2628740.3050	1104591.8480	2755.3350
1589	2628729.8300	1104578.5180	2760.6970
1590	2628713.8460	1104566.6850	2766.5900
1591	2628709.4530	1104560.5820	2768.3980
1592	2628705.8690	1104555.3950	2769.9500
1593	2628703.9000	1104551.0990	2770.9520
1594	2628701.0570	1104546.8340	2772.0880
1595	2628699.6510	1104543.0910	2772.5850
1596	2628697.7730	1104539.8630	2773.4560
1597	2628695.3170	1104536.2130	2774.6000
1598	2628692.4110	1104532.9300	2775.6650
1599	2628688.1330	1104529.3810	2777.6890
1601	2628671.4010	1104523.1220	2782.9640
1620	2628761.8100	1104695.1370	2737.3350
1621	2628759.8010	1104685.0610	2738.5640
1622	2628758.1580	1104675.1590	2739.9210
1623	2628758.5410	1104668.5120	2739.7980
1624	2628753.1960	1104656.4910	2741.3330
1625	2628753.0800	1104650.4480	2741.4250
1626	2628751.5380	1104644.1680	2742.1330
1627	2628748.4830	1104635.4550	2742.2040
1628	2628748.2180	1104628.5610	2743.3790
1629	2628746.6640	1104621.1380	2744.5360
1630	2628746.7580	1104615.1730	2745.4380
1631	2628739.6600	1104602.9330	2748.9170
1632	2628738.8420	1104597.7580	2751.4950
1633	2628731.0190	1104584.9460	2756.5880
1634	2628723.5000	1104575.8420	2759.8010
1635	2628709.5510	1104563.4060	2765.8900
1636	2628705.8380	1104558.8690	2767.3930
1637	2628702.8320	1104553.8610	2768.6600
1638	2628699.3780	1104549.4370	2770.0570
1639	2628699.1550	1104546.2570	2770.2780
1640	2628696.9560	1104542.5380	2771.3270
1641	2628694.5480	1104538.8500	2772.6170
1642	2628692.4640	1104536.2850	2773.3410
1643	2628687.9220	1104532.0340	2775.4690
1644	2628685.8430	1104529.5890	2776.4010
1665	2628757.2140	1104689.1580	2734.7410
1666	2628754.7260	1104678.4880	2736.5370
1667	2628754.8580	1104671.3700	2737.3620
1668	2628751.0760	1104660.3900	2738.4810
1669	2628748.2280	1104652.5040	2738.2390
1670	2628745.1770	1104643.8370	2739.6170
1671	2628744.4370	1104638.1900	2739.7510
1672	2628743.9140	1104630.8340	2741.7650
1673	2628745.1410	1104626.2710	2741.3170
1674	2628742.9950	1104618.4620	2742.7460
1675	2628740.1980	1104610.5390	2744.3380
1676	2628735.0440	1104599.0160	2748.3810
1677	2628731.6930	1104589.9070	2753.2990
1678	2628722.8490	1104580.5530	2756.6890
1679	2628711.1570	1104568.9660	2761.9180
1680	2628705.6010	1104562.3220	2764.5520
1681	2628702.7190	1104557.3480	2766.4440
1682	2628699.6150	1104552.6420	2767.4910
1683	2628698.2250	1104548.9480	2768.3060
1684	2628696.6170	1104545.2430	2769.2520
1685	2628693.1820	1104541.2240	2770.5650
1686	2628691.3700	1104538.0080	2771.7420
1687	2628686.7590	1104533.9090	2773.9190
1688	2628684.3270	1104531.3150	2774.6500
1690	2628670.5580	1104524.8310	2780.6110
1710	2628750.9860	1104682.2460	2733.0400
1711	2628750.8490	1104673.7700	2733.6630
1712	2628750.6640	1104667.3140	2734.2540
1713	2628744.9070	1104656.4490	2734.7840
1714	2628743.5490	1104649.4560	2735.6280
1715	2628741.4500	1104641.0100	2737.5200
1716	2628742.2850	1104635.7520	2737.6390
1717	2628740.1740	1104628.3750	2738.5690
1718	2628738.5830	1104620.8580	2740.0550
1719	2628736.7490	1104613.7290	2741.5520
1720	2628733.8880	1104605.4350	2744.2410
1721	2628732.6510	1104596.7700	2747.8800
1722	2628725.5080	1104586.2520	2752.3280
1723	2628715.6530	1104575.7320	2756.8510
1724	2628707.3830	1104566.8390	2761.0810
1725	2628703.5420	1104561.1910	2763.3250
1726	2628700.1130	1104555.9490	2765.3680
1727	2628696.9870	1104551.3560	2766.5970
1728	2628696.1560	1104547.9890	2767.3960
1729	2628693.8720	1104544.2770	2768.3830
1730	2628691.3110	1104540.8140	2769.9040
1731	2628689.1790	1104537.6270	2771.1380
1732	2628684.9380	1104533.8500	2773.2110
1733	2628681.7490	1104530.4660	2774.1500
1734	2628671.5710	1104526.8560	2778.9070
1755	2628747.5470	1104677.1910	2731.3800
1756	2628746.8790	1104669.2700	2731.6920
1757	2628745.3680	1104661.8920	2731.7260
1758	2628740.6610	1104653.2440	2732.0200
1759	2628739.1490	1104644.3590	2734.4440
1760	2628738.8010	1104638.0180	2734.8500
1761	2628738.2580	1104631.5770	2735.7670
1762	2628736.4800	1104624.2870	2737.5080
1763	2628734.0840	1104616.8930	2738.9710
1764	2628731.5200	1104608.2930	2741.7980
1765	2628729.8860	1104600.8780	2744.4450
1766	2628724.4190	1104590.4310	2748.8060
1767	2628719.8360	1104582.0830	2752.4750
1768	2628708.1020	1104571.0440	2757.7660
1769	2628704.3160	1104565.1840	2760.0950
1770	2628700.0530	1104559.1830	2762.4670
1771	2628697.1230	1104554.6360	2764.2370
1772	2628695.0330	1104550.6240	2765.3720
1773	2628692.9100	1104546.7620	2766.4460
1774	2628691.9960	1104543.9890	2767.3920
1775	2628689.4670	1104540.5750	2769.3420
1776	2628684.0740	1104535.9040	2771.5190
1777	2628682.7670	1104533.1640	2772.8750
1779	2628669.6180	1104526.9440	2778.4300
1800	2628744.2890	1104672.9670	2728.7360
1801	2628742.4620	1104663.9090	2729.8240
1802	2628736.4860	1104654.4270	2730.2450
1803	2628736.7000	1104648.4260	2731.8080
1804	2628736.4880	1104642.8150	2731.5210
1805	2628734.0380	1104632.8320	2733.8700
1806	2628731.7870	1104625.6350	2735.7880
1807	2628732.4310	1104620.6480	2736.0270
1808	2628729.7090	1104612.8140	2738.3660
1809	2628726.7470	1104603.1560	2741.8570
1810	2628724.4440	1104595.1160	2745.4460
1811	2628717.6770	1104585.3620	2749.4980
1812	2628710.7290	1104576.5380	2753.5140
1813	2628704.7790	1104569.0860	2757.0570
1814	2628700.6760	1104563.0300	2759.4430
1815	2628696.7220	1104557.3640	2761.6730
1816	2628695.0850	1104553.6680	2762.8520
1817	2628692.1590	1104549.4330	2764.5980
1818	2628690.8660	1104546.2950	2765.4770
1819	2628689.2320	1104542.7020	2767.0100
1820	2628682.7630	1104538.0050	2769.8950
1821	2628681.8700	1104535.3950	2770.6460
1822	2628680.4300	1104532.7340	2771.9640
1823	2628659.8840	1104526.1760	2781.4900
1824	2628659.7060	1104525.7460	2781.7060
1825	2628669.6180	1104526.9440	2778.4300
1845	2628739.3390	1104667.3030	2726.9820
1846	2628737.4970	1104660.0920	2727.3040
1847	2628730.5600	1104647.5430	2729.4650
1848	2628732.2820	1104643.3240	2729.9770
1849	2628730.2750	1104635.5060	2731.2980
1850	2628729.0300	1104627.8150	2733.9000
1851	2628728.5730	1104623.1790	2734.1020
1852	2628727.4050	1104616.2190	2736.4990
1853	2628727.6790	1104608.8740	2739.9410
1854	2628722.6760	1104598.6100	2742.8170
1855	2628718.5670	1104590.2500	2745.8690
1856	2628712.6650	1104581.6530	2749.2030
1857	2628705.3110	1104572.8530	2753.9460
1858	2628701.7760	1104567.1320	2756.3040
1859	2628698.0150	1104561.2450	2758.5730
1860	2628694.6480	1104556.4320	2760.6780
1861	2628693.2480	1104552.6850	2761.9940
1862	2628690.0440	1104548.3380	2763.9200
1863	2628688.6290	1104545.3040	2764.7000
1864	2628684.2560	1104540.8320	2767.3070
1866	2628679.9990	1104534.5680	2770.5090
1867	2628673.3830	1104530.8150	2773.5770
1868	2628667.2420	1104528.4050	2776.8750
1869	2628667.2420	1104528.4050	2776.8750
1870	2628667.2420	1104528.4050	2776.8750
1890	2628731.1570	1104659.9980	2725.7300
1891	2628729.1340	1104650.9920	2728.2330
1892	2628727.8210	1104643.9700	2728.7960
1893	2628728.1120	1104638.8860	2729.1280
1894	2628726.1820	1104629.3270	2731.6310
1895	2628725.0830	1104624.1350	2732.4210
1896	2628725.6070	1104619.0500	2733.4290
1897	2628723.5970	1104611.0800	2736.1910
1898	2628720.6310	1104602.0700	2739.9770
1899	2628716.4780	1104593.5470	2743.5900
1900	2628714.4430	1104586.6200	2745.5980
1901	2628705.9320	1104577.1340	2750.6300
1902	2628702.5580	1104571.3590	2753.0140
1903	2628698.9120	1104565.5420	2755.4550
1904	2628695.0890	1104559.8480	2758.1390
1905	2628692.6030	1104555.3320	2759.8300
1906	2628690.8200	1104551.5420	2761.1410
1907	2628687.6970	1104547.4920	2762.9710
1908	2628683.3010	1104543.3700	2765.1630
1909	2628681.0190	1104539.5410	2767.3100
1910	2628678.9690	1104536.3300	2768.8140
1911	2628675.7140	1104533.4140	2770.6580
1912	2628664.3570	1104528.9160	2776.9610
1913	2628667.2420	1104528.4050	2776.8750
1914	2628667.2420	1104528.4050	2776.8750
1915	2628667.2420	1104528.4050	2776.8750
1916	2628667.2420	1104528.4050	2776.8750
1935	2628726.4440	1104650.9810	2725.3020
1936	2628723.8210	1104643.8040	2726.0430
1937	2628722.6410	1104640.7290	2726.5570
1938	2628722.0920	1104632.5360	2728.2750
1939	2628722.9200	1104626.2670	2730.5170
1940	2628721.2680	1104620.8340	2731.3360
1941	2628720.6060	1104613.7970	2733.6910
1942	2628718.5460	1104605.1600	2737.6000
1943	2628715.3610	1104596.8500	2741.1280
1944	2628712.9600	1104590.9620	2742.6570
1945	2628704.7190	1104580.0790	2748.4220
1946	2628702.3450	1104574.8020	2750.3320
1947	2628699.7230	1104569.5850	2752.3000
1948	2628695.9760	1104563.5040	2755.1550
1949	2628692.9120	1104558.5670	2757.2160
1950	2628690.4360	1104554.0940	2759.0530
1951	2628686.7680	1104549.4900	2761.3880
1952	2628682.4980	1104546.0270	2763.1800
1953	2628680.7230	1104542.4590	2765.0160
1954	2628678.8880	1104538.9040	2766.8890
1956	2628672.9130	1104532.8300	2770.6560
1957	2628672.3800	1104532.3010	2771.0260
1958	2628664.3260	1104528.7280	2777.1190
1959	2628667.2420	1104528.4050	2776.8750
1960	2628667.2420	1104528.4050	2776.8750
1961	2628667.2420	1104528.4050	2776.8750
1962	2628667.2420	1104528.4050	2776.8750
1964	2628667.2420	1104528.4050	2776.8750
1980	2628722.6400	1104643.9400	2724.3170
1981	2628718.6170	1104637.3970	2726.0670
1982	2628719.2440	1104634.2130	2726.1520
1983	2628717.5160	1104625.3790	2728.1470
1984	2628718.7230	1104621.5340	2730.2290
1985	2628714.4220	1104613.6890	2733.4020
1986	2628714.6700	1104606.9060	2735.0490
1987	2628710.9070	1104597.3780	2738.7990
1988	2628710.0310	1104592.3400	2740.5700
1989	2628710.7140	1104589.0020	2741.6210
1990	2628701.1480	1104577.5200	2748.3930
1991	2628699.0340	1104572.8590	2750.0390
1992	2628696.7420	1104567.6200	2751.7790
1993	2628693.1540	1104561.9880	2754.6860
1994	2628690.6970	1104557.1580	2756.6210
1995	2628687.5700	1104553.0120	2758.9020
1996	2628683.0240	1104547.6150	2762.1640
1997	2628680.9920	1104544.4030	2763.5830
1998	2628679.3460	1104541.9020	2764.8750
1999	2628676.1940	1104537.8790	2767.0830
2000	2628672.7250	1104534.5520	2769.2900
2001	2628671.2510	1104532.6550	2770.4500
2002	2628671.2510	1104532.6550	2770.4500
2003	2628664.3260	1104528.7280	2777.1190
2004	2628664.3260	1104528.7280	2777.1190
2005	2628667.2420	1104528.4050	2776.8750
2006	2628667.2420	1104528.4050	2776.8750
2007	2628667.2420	1104528.4050	2776.8750
2008	2628667.2420	1104528.4050	2776.8750
2009	2628667.2420	1104528.4050	2776.8750
2010	2628667.2420	1104528.4050	2776.8750
