ID	X_x	Y_x	Z_x	X_y	Y_y	Z_y	Distances	Velocity
32	2628830.732	1104494.22	2873.283	2628831.139	1104494.383	2873.423	0.4602368956105205	0.06574812794436
33	2628829.388	1104492.677	2872.272	2628829.388	1104492.677	2872.272	0.0	0.0
34	2628819.165	1104484.576	2865.481	2628819.183	1104484.722	2865.481	0.1471054045877788	0.0210150577982541
35	2628797.404	1104479.672	2860.93	2628797.404	1104479.672	2860.93	0.0	0.0
36	2628779.094	1104478.24	2857.717	2628793.656	1104477.603	2860.338	14.809701347351556	2.115671621050222
37	2628779.135	1104477.483	2858.045	2628778.729	1104477.969	2857.809	0.6758165431529892	0.096545220450427
77	2628830.732	1104494.22	2873.283	2628831.139	1104494.383	2873.423	0.4602368956105205	0.06574812794436
78	2628829.388	1104492.677	2872.272	2628829.388	1104492.677	2872.272	0.0	0.0
79	2628795.067	1104481.488	2858.851	2628827.808	1104481.184	2867.149	33.777541370345006	4.82536305290643
80	2628797.404	1104479.672	2860.93	2628797.404	1104479.672	2860.93	0.0	0.0
108	2628925.769	1104636.132	2844.901	2628948.442	1104647.991	2848.028	25.77748899711424	3.682498428159177
123	2628829.388	1104492.677	2872.272	2628829.388	1104492.677	2872.272	0.0	0.0
124	2628819.165	1104484.576	2865.481	2628829.388	1104492.677	2872.272	14.705563946873642	2.100794849553377
125	2628797.404	1104479.672	2860.93	2628797.404	1104479.672	2860.93	0.0	0.0
126	2628779.094	1104478.24	2857.717	2628793.808	1104477.784	2860.242	14.936042213535028	2.1337203162192897
154	2628944.915	1104623.413	2854.099	2628945.379	1104631.561	2851.988	8.429799582485435	1.204257083212205
167	2628830.732	1104494.22	2873.283	2628831.139	1104494.383	2873.423	0.4602368956105205	0.06574812794436
168	2628829.388	1104492.677	2872.272	2628829.388	1104492.677	2872.272	0.0	0.0
169	2628827.443	1104479.21	2869.241	2628828.004	1104481.241	2867.042	3.04553492839607	0.4350764183422957
170	2628797.404	1104479.672	2860.93	2628797.404	1104479.672	2860.93	0.0	0.0
171	2628779.094	1104478.24	2857.717	2628793.396	1104477.456	2860.334	14.560582028340228	2.080083146905747
198	2628948.442	1104647.991	2848.028	2628920.175	1104638.0	2842.523	30.481935552028386	4.35456222171834
199	2628944.995	1104630.902	2852.202	2628947.137	1104636.746	2853.113	6.290502444196831	0.8986432063138331
200	2628945.756	1104620.98	2855.557	2628945.756	1104620.98	2855.557	0.0	0.0
213	2628829.388	1104492.677	2872.272	2628829.388	1104492.677	2872.272	0.0	0.0
214	2628827.443	1104479.21	2869.241	2628819.165	1104484.576	2865.481	10.557312157838682	1.5081874511198117
215	2628797.001	1104479.482	2861.022	2628797.404	1104479.672	2860.93	0.4549428534714413	0.0649918362102059
216	2628797.053	1104478.796	2860.862	2628797.053	1104478.796	2860.862	0.0	0.0
217	2628771.838	1104477.648	2857.498	2628771.838	1104477.648	2857.498	0.0	0.0
243	2628925.769	1104636.132	2844.901	2628948.442	1104647.991	2848.028	25.77748899711424	3.682498428159177
244	2628946.727	1104636.238	2852.764	2628947.137	1104636.746	2853.113	0.7402465807225909	0.1057495115317986
245	2628945.643	1104620.702	2855.543	2628945.756	1104620.98	2855.557	0.3004147132534197	0.0429163876076313
258	2628829.388	1104492.677	2872.272	2628829.388	1104492.677	2872.272	0.0	0.0
259	2628819.183	1104484.722	2865.481	2628829.388	1104492.677	2872.272	14.613067131492064	2.08758101878458
260	2628797.404	1104479.672	2860.93	2628797.404	1104479.672	2860.93	0.0	0.0
288	2628953.603	1104645.536	2850.668	2628948.442	1104647.991	2848.028	6.295438507558814	0.8993483582226878
289	2628946.727	1104636.238	2852.764	2628947.137	1104636.746	2853.113	0.7402465807225909	0.1057495115317986
290	2628945.643	1104620.702	2855.543	2628945.756	1104620.98	2855.557	0.3004147132534197	0.0429163876076313
303	2628829.388	1104492.677	2872.272	2628829.388	1104492.677	2872.272	0.0	0.0
304	2628819.165	1104484.576	2865.481	2628819.165	1104484.576	2865.481	0.0	0.0
305	2628797.404	1104479.672	2860.93	2628797.404	1104479.672	2860.93	0.0	0.0
306	2628797.116	1104478.982	2860.924	2628797.053	1104478.796	2860.862	0.2059344556053298	0.0294192079436185
309	2628763.879	1104472.496	2855.51	2628765.161	1104472.504	2856.126	1.4223375123787814	0.2031910731969687
310	2628758.594	1104470.594	2853.469	2628758.352	1104470.853	2853.405	0.3601957800438093	0.0514565400062584
333	2628948.442	1104647.991	2848.028	2628948.442	1104647.991	2848.028	0.0	0.0
334	2628945.379	1104631.561	2851.988	2628947.137	1104636.746	2853.113	5.5893124801068526	0.7984732114438361
335	2628945.643	1104620.702	2855.543	2628945.756	1104620.98	2855.557	0.3004147132534197	0.0429163876076313
347	2628831.139	1104494.383	2873.423	2628831.139	1104494.383	2873.423	0.0	0.0
348	2628829.388	1104492.677	2872.272	2628829.388	1104492.677	2872.272	0.0	0.0
349	2628819.256	1104484.916	2865.519	2628819.256	1104484.916	2865.519	0.0	0.0
350	2628797.404	1104479.672	2860.93	2628797.404	1104479.672	2860.93	0.0	0.0
351	2628792.005	1104478.921	2858.927	2628792.002	1104479.129	2858.866	0.2167809953505139	0.0309687136215019
352	2628790.786	1104473.931	2863.284	2628790.786	1104473.931	2863.284	0.0	0.0
353	2628768.607	1104475.571	2854.383	2628768.648	1104475.966	2854.617	0.4609360042689088	0.0658480006098441
354	2628759.9	1104474.163	2850.392	2628760.886	1104473.896	2851.113	1.2503303563707246	0.1786186223386749
378	2628948.442	1104647.991	2848.028	2628948.442	1104647.991	2848.028	0.0	0.0
379	2628946.727	1104636.238	2852.764	2628947.137	1104636.746	2853.113	0.7402465807225909	0.1057495115317986
380	2628945.756	1104620.98	2855.557	2628945.756	1104620.98	2855.557	0.0	0.0
381	2628962.195	1104607.439	2869.093	2628962.195	1104607.439	2869.093	0.0	0.0
392	2628831.139	1104494.383	2873.423	2628831.139	1104494.383	2873.423	0.0	0.0
393	2628840.343	1104487.71	2874.528	2628846.556	1104487.749	2876.895	6.648727622626025	0.9498182318037178
394	2628819.256	1104484.916	2865.519	2628819.256	1104484.916	2865.519	0.0	0.0
395	2628795.067	1104481.488	2858.851	2628795.067	1104481.488	2858.851	0.0	0.0
396	2628794.022	1104478.003	2860.185	2628792.005	1104478.921	2858.927	2.54824979154041	0.3640356845057728
397	2628773.815	1104478.449	2853.372	2628775.368	1104478.353	2853.905	1.6447230768518282	0.2349604395502611
398	2628758.625	1104478.569	2847.088	2628759.144	1104478.525	2847.583	0.7185554953158406	0.10265078504512
399	2628747.915	1104478.038	2843.195	2628747.771	1104478.057	2843.046	0.2080817146257357	0.0297259592322479
423	2628948.442	1104647.991	2848.028	2628920.966	1104638.032	2843.107	29.636607396751156	4.233801056678736
424	2628946.727	1104636.238	2852.764	2628947.137	1104636.746	2853.113	0.7402465807225909	0.1057495115317986
425	2628945.756	1104620.98	2855.557	2628943.47	1104621.771	2853.648	3.081518781258725	0.4402169687512464
426	2628962.195	1104607.439	2869.093	2628962.195	1104607.439	2869.093	0.0	0.0
427	2628960.975	1104600.087	2870.877	2628960.527	1104599.45	2870.784	0.7842971378395143	0.1120424482627877
437	2628827.429	1104496.326	2871.058	2628815.357	1104497.758	2866.102	13.128051797732756	1.8754359711046795
438	2628839.605	1104487.822	2873.944	2628838.981	1104488.376	2873.461	0.9641478101410246	0.1377354014487178
439	2628819.165	1104484.576	2865.481	2628819.256	1104484.916	2865.519	0.3540127117204624	0.0505732445314946
440	2628826.156	1104477.767	2868.267	2628826.047	1104477.947	2868.254	0.2108316864560111	0.0301188123508587
441	2628773.459	1104483.316	2849.629	2628780.46	1104481.839	2852.209	7.606045621928024	1.0865779459897176
442	2628765.712	1104480.906	2846.588	2628766.058	1104480.969	2846.91	0.4768322558985715	0.0681188936997959
443	2628752.009	1104480.62	2841.728	2628753.372	1104480.31	2842.514	1.603641169261501	0.2290915956087858
444	2628733.164	1104482.619	2835.218	2628726.717	1104484.767	2833.331	7.052551452931924	1.0075073504188463
468	2628948.442	1104647.991	2848.028	2628948.442	1104647.991	2848.028	0.0	0.0
469	2628946.369	1104635.563	2852.171	2628946.727	1104636.238	2852.764	0.9671804380539526	0.1381686340077075
470	2628945.756	1104620.98	2855.557	2628945.756	1104620.98	2855.557	0.0	0.0
471	2628962.195	1104607.439	2869.093	2628962.195	1104607.439	2869.093	0.0	0.0
472	2628960.975	1104600.087	2870.877	2628960.795	1104600.057	2870.582	0.3468789415085168	0.0495541345012166
473	2628955.722	1104586.533	2873.485	2628955.722	1104586.533	2873.485	0.0	0.0
483	2628790.76	1104495.223	2852.038	2628798.455	1104494.079	2854.885	8.284151737189998	1.1834502481699996
484	2628783.773	1104490.387	2850.051	2628784.566	1104490.645	2850.27	0.8621913940977676	0.1231701991568239
485	2628775.094	1104487.676	2846.619	2628777.898	1104487.365	2847.767	3.045823533957943	0.4351176477082776
486	2628765.976	1104484.942	2843.498	2628766.954	1104484.961	2844.232	1.2229476686381722	0.1747068098054531
487	2628752.367	1104484.172	2838.968	2628755.399	1104483.508	2840.081	3.297376078169899	0.4710537254528427
488	2628738.241	1104484.362	2834.421	2628738.418	1104484.437	2834.546	0.229301112171589	0.0327573017387984
489	2628723.049	1104486.07	2829.816	2628723.123	1104486.134	2829.78	0.1042497002631107	0.0148928143233015
513	2628948.442	1104647.991	2848.028	2628948.442	1104647.991	2848.028	0.0	0.0
514	2628946.727	1104636.238	2852.764	2628946.727	1104636.238	2852.764	0.0	0.0
515	2628945.756	1104620.98	2855.557	2628945.756	1104620.98	2855.557	0.0	0.0
516	2628962.195	1104607.439	2869.093	2628962.195	1104607.439	2869.093	0.0	0.0
517	2628960.527	1104599.45	2870.784	2628960.795	1104600.057	2870.582	0.6935971454502002	0.0990853064928857
518	2628955.722	1104586.533	2873.485	2628955.722	1104586.533	2873.485	0.0	0.0
523	2628868.977	1104524.634	2874.587	2628868.504	1104524.995	2874.203	0.7081708831928902	0.1011672690275557
527	2628794.224	1104499.666	2849.896	2628794.711	1104499.996	2850.135	0.6349724405369862	0.0907103486481408
528	2628783.81	1104495.616	2846.571	2628785.269	1104495.89	2846.958	1.5341205948033751	0.2191600849719107
529	2628776.268	1104492.204	2843.934	2628776.377	1104492.396	2843.887	0.2257299270164809	0.0322471324309258
530	2628769.789	1104488.59	2841.762	2628770.962	1104488.987	2842.12	1.289070207471856	0.1841528867816937
531	2628752.33	1104488.175	2836.18	2628757.324	1104487.12	2837.587	5.294592524391462	0.7563703606273517
532	2628735.641	1104488.615	2831.038	2628737.288	1104488.391	2831.743	1.8054943924336624	0.257927770347666
533	2628727.524	1104487.413	2828.705	2628718.271	1104490.329	2826.123	10.039312177649288	1.4341874539498982
558	2628948.442	1104647.991	2848.028	2628948.442	1104647.991	2848.028	0.0	0.0
559	2628946.727	1104636.238	2852.764	2628947.137	1104636.746	2853.113	0.7402465807225909	0.1057495115317986
560	2628945.756	1104620.98	2855.557	2628945.756	1104620.98	2855.557	0.0	0.0
561	2628962.195	1104607.439	2869.093	2628962.195	1104607.439	2869.093	0.0	0.0
566	2628882.39	1104543.087	2873.187	2628883.406	1104543.555	2873.324	1.126964506777729	0.1609949295396755
567	2628865.712	1104533.312	2868.323	2628865.564	1104533.521	2868.09	0.3462282484522856	0.0494611783503265
571	2628789.777	1104506.246	2844.625	2628789.782	1104506.202	2844.674	0.0660454389268869	0.0094350627038409
572	2628782.003	1104501.526	2841.871	2628782.096	1104501.511	2842.019	0.1754365981799465	0.0250623711685638
573	2628773.316	1104497.662	2839.12	2628774.232	1104497.625	2839.767	1.1220668427131186	0.1602952632447312
574	2628765.563	1104494.003	2836.882	2628766.946	1104493.987	2837.621	1.5681409374686384	0.2240201339240912
575	2628752.224	1104492.226	2833.086	2628756.588	1104491.646	2834.657	4.6742846512175324	0.6677549501739332
576	2628740.658	1104491.065	2829.815	2628741.168	1104490.883	2830.298	0.7256121555332189	0.1036588793618884
577	2628727.823	1104490.707	2826.457	2628729.223	1104490.492	2826.902	1.4846716812073812	0.2120959544581973
603	2628948.442	1104647.991	2848.028	2628948.442	1104647.991	2848.028	0.0	0.0
604	2628946.727	1104636.238	2852.764	2628947.137	1104636.746	2853.113	0.7402465807225909	0.1057495115317986
605	2628945.756	1104620.98	2855.557	2628945.756	1104620.98	2855.557	0.0	0.0
606	2628962.195	1104607.439	2869.093	2628962.195	1104607.439	2869.093	0.0	0.0
607	2628960.527	1104599.45	2870.784	2628960.527	1104599.45	2870.784	0.0	0.0
610	2628875.864	1104551.702	2865.06	2628875.901	1104552.107	2864.915	0.4317626663150172	0.0616803809021453
611	2628869.946	1104542.069	2862.94	2628871.011	1104542.517	2863.2	1.184284171963229	0.1691834531376042
615	2628789.266	1104511.524	2840.233	2628789.124	1104511.792	2840.562	0.4474695519884773	0.0639242217126396
616	2628779.151	1104507.157	2837.621	2628779.175	1104507.017	2837.731	0.1796552252482657	0.0256650321783236
617	2628769.775	1104502.769	2834.602	2628770.124	1104502.77	2835.059	0.5750226082083758	0.0821460868869108
618	2628763.42	1104499.024	2832.872	2628765.5	1104498.727	2833.815	2.3030106383433218	0.3290015197633317
619	2628752.967	1104496.229	2830.296	2628753.151	1104496.164	2830.445	0.2455239294917733	0.0350748470702533
620	2628740.945	1104494.464	2827.739	2628741.183	1104494.543	2827.815	0.2620324411111501	0.0374332058730214
621	2628730.986	1104493.091	2825.014	2628731.721	1104493.102	2825.158	0.7490540700156155	0.107007724287945
648	2628948.442	1104647.991	2848.028	2628948.442	1104647.991	2848.028	0.0	0.0
649	2628946.727	1104636.238	2852.764	2628946.727	1104636.238	2852.764	0.0	0.0
650	2628945.756	1104620.98	2855.557	2628945.756	1104620.98	2855.557	0.0	0.0
651	2628962.195	1104607.439	2869.093	2628962.195	1104607.439	2869.093	0.0	0.0
652	2628960.795	1104600.057	2870.582	2628960.795	1104600.057	2870.582	0.0	0.0
653	2628955.722	1104586.533	2873.485	2628955.722	1104586.533	2873.485	0.0	0.0
655	2628864.346	1104550.034	2854.885	2628863.309	1104550.113	2854.492	1.111781903076802	0.1588259861538288
656	2628858.429	1104541.786	2853.074	2628858.216	1104541.471	2853.205	0.4021877672265545	0.0574553953180792
660	2628777.785	1104512.827	2833.732	2628777.472	1104512.407	2833.715	0.5240782386097438	0.0748683198013919
661	2628768.486	1104507.409	2831.531	2628768.571	1104507.629	2831.472	0.2431172556223499	0.0347310365174785
662	2628763.445	1104503.517	2829.866	2628763.898	1104503.364	2830.177	0.5703849578766566	0.0814835654109509
663	2628753.145	1104500.564	2827.353	2628753.42	1104500.45	2827.612	0.3945909273695667	0.0563701324813666
664	2628740.251	1104498.34	2824.282	2628741.061	1104498.354	2824.659	0.8935463055094293	0.1276494722156327
665	2628732.267	1104496.286	2822.718	2628732.189	1104496.283	2822.704	0.0793032157814074	0.0113290308259153
666	2628719.789	1104496.067	2819.865	2628719.708	1104496.029	2819.864	0.0894762536028291	0.0127823219432613
667	2628703.338	1104496.876	2816.206	2628703.683	1104497.034	2816.456	0.4544106074449011	0.0649158010635573
668	2628700.113	1104495.44	2815.293	2628700.337	1104495.606	2815.528	0.3646326918388197	0.0520903845484028
693	2628948.442	1104647.991	2848.028	2628948.442	1104647.991	2848.028	0.0	0.0
694	2628946.727	1104636.238	2852.764	2628946.727	1104636.238	2852.764	0.0	0.0
695	2628945.643	1104620.702	2855.543	2628945.756	1104620.98	2855.557	0.3004147132534197	0.0429163876076313
696	2628962.195	1104607.439	2869.093	2628962.195	1104607.439	2869.093	0.0	0.0
697	2628960.609	1104600.019	2870.005	2628960.696	1104600.861	2870.277	0.8891102293183534	0.127015747045479
698	2628880.534	1104572.48	2852.115	2628880.627	1104572.516	2852.507	0.4044860936832322	0.0577837276690331
704	2628777.574	1104517.946	2829.479	2628778.826	1104517.635	2830.142	1.4504461381405251	0.2072065911629321
705	2628769.08	1104512.446	2828.155	2628769.154	1104512.623	2828.059	0.2145250567439601	0.0306464366777085
706	2628761.267	1104508.314	2826.099	2628761.251	1104508.22	2826.196	0.1360183811187748	0.0194311973026821
707	2628751.92	1104504.657	2823.902	2628753.453	1104504.657	2824.508	1.648431072529025	0.2354901532184321
708	2628741.791	1104501.992	2822.332	2628741.748	1104502.1	2822.234	0.1520427571673414	0.0217203938810487
709	2628732.468	1104499.77	2820.286	2628732.893	1104499.915	2820.328	0.4510144124558348	0.0644306303508335
710	2628725.347	1104497.53	2818.622	2628725.32	1104497.783	2818.623	0.2544385977517343	0.0363483711073906
711	2628701.088	1104499.968	2813.925	2628701.016	1104500.051	2813.899	0.1129114697501063	0.0161302099643009
712	2628701.187	1104497.763	2813.724	2628701.191	1104497.702	2813.822	0.1155032467072708	0.0165004638153244
738	2628948.442	1104647.991	2848.028	2628948.442	1104647.991	2848.028	0.0	0.0
739	2628946.369	1104635.563	2852.171	2628946.727	1104636.238	2852.764	0.9671804380539526	0.1381686340077075
740	2628945.643	1104620.702	2855.543	2628945.756	1104620.98	2855.557	0.3004147132534197	0.0429163876076313
741	2628950.714	1104610.976	2859.982	2628950.714	1104610.976	2859.982	0.0	0.0
742	2628880.453	1104580.631	2847.333	2628880.502	1104581.349	2846.542	1.0693951560529034	0.1527707365789861
748	2628779.73	1104523.554	2826.015	2628781.842	1104523.09	2827.007	2.3790552748433647	0.3398650392633378
749	2628768.533	1104517.533	2824.288	2628768.48	1104517.503	2824.19	0.1153819742623948	0.0164831391803421
750	2628759.868	1104512.773	2822.573	2628760.121	1104512.964	2822.724	0.3511281816738887	0.0501611688105555
751	2628751.044	1104509.253	2820.799	2628751.151	1104509.072	2820.995	0.2874473864939801	0.0410639123562828
752	2628742.865	1104505.912	2819.632	2628742.367	1104505.816	2819.503	0.5233173034772148	0.0747596147824592
753	2628732.509	1104502.997	2817.594	2628732.817	1104503.071	2817.635	0.3194072632796614	0.0456296090399516
754	2628726.015	1104500.446	2816.061	2628728.18	1104500.431	2816.59	2.228742021894465	0.318391717413495
755	2628701.264	1104502.508	2812.064	2628701.364	1104502.483	2812.212	0.1803579774060763	0.0257654253437251
757	2628694.409	1104499.288	2810.805	2628694.998	1104499.334	2811.008	0.624696726570693	0.089242389510099
783	2628948.442	1104647.991	2848.028	2628948.442	1104647.991	2848.028	0.0	0.0
784	2628946.462	1104635.446	2851.732	2628946.055	1104635.362	2851.36	0.5577535295506644	0.0796790756500949
785	2628925.667	1104614.416	2846.478	2628935.839	1104618.481	2849.909	11.478918503269352	1.6398455004670505
786	2628873.057	1104588.572	2838.142	2628873.27	1104588.842	2838.39	0.4239964622556665	0.0605709231793809
793	2628769.595	1104522.512	2821.212	2628769.529	1104522.404	2821.076	0.1857848218123882	0.0265406888303411
794	2628758.893	1104517.637	2819.14	2628759.087	1104517.58	2819.24	0.2255770375608686	0.0322252910801241
795	2628751.457	1104513.486	2817.919	2628751.683	1104513.375	2817.983	0.2597941495177799	0.0371134499311114
796	2628742.522	1104509.936	2816.632	2628741.732	1104509.86	2816.377	0.8336072216825869	0.1190867459546552
797	2628735.002	1104506.751	2815.462	2628734.574	1104506.651	2815.261	0.4833063209135058	0.0690437601305008
798	2628729.744	1104503.485	2814.407	2628729.766	1104503.57	2814.456	0.1005484957044095	0.0143640708149156
799	2628701.311	1104504.805	2810.152	2628724.074	1104501.225	2813.483	23.282313673470654	3.326044810495808
800	2628699.871	1104502.763	2809.908	2628699.883	1104502.823	2810.006	0.1155335449521062	0.0165047921360151
828	2628888.201	1104624.661	2834.809	2628887.956	1104625.224	2834.563	0.661445386925424	0.0944921981322034
829	2628883.206	1104612.651	2834.173	2628870.499	1104608.144	2831.734	13.701445872543475	1.957349410363354
837	2628769.951	1104527.548	2817.479	2628769.656	1104527.628	2817.328	0.3409193452532639	0.0487027636076091
838	2628759.634	1104522.333	2816.071	2628759.472	1104522.206	2815.873	0.2856168763005722	0.0408024109000817
839	2628753.887	1104517.749	2815.262	2628752.8	1104517.622	2814.991	1.1274480035265193	0.1610640005037884
840	2628739.423	1104513.573	2813.131	2628740.675	1104513.567	2813.392	1.2789296304548847	0.1827042329221264
841	2628734.029	1104510.419	2812.465	2628733.686	1104510.182	2812.338	0.4358290948283282	0.0622612992611897
842	2628730.024	1104507.12	2812.013	2628730.093	1104507.211	2811.88	0.1753025952874985	0.025043227898214
843	2628725.155	1104504.164	2811.233	2628725.36	1104504.246	2811.187	0.2255327027732047	0.0322189575390292
846	2628698.507	1104500.819	2807.722	2628698.557	1104500.815	2807.821	0.1109819804336383	0.0158545686333769
881	2628768.686	1104533.543	2812.847	2628769.435	1104533.293	2813.21	0.8690627133609717	0.1241518161944245
882	2628761.441	1104527.099	2812.576	2628761.265	1104527.172	2812.464	0.2210180988187969	0.0315740141169709
883	2628749.847	1104521.562	2811.175	2628752.814	1104521.909	2811.789	3.049671129539122	0.4356673042198746
884	2628738.401	1104517.634	2809.927	2628738.914	1104517.695	2810.068	0.5355100370635988	0.0765014338662284
885	2628731.567	1104514.047	2809.254	2628732.109	1104514.166	2809.42	0.5792072171368274	0.0827438881624039
886	2628729.324	1104510.525	2809.349	2628729.038	1104510.501	2809.223	0.3134453698996422	0.0447779099856631
887	2628724.486	1104507.274	2808.617	2628724.665	1104507.495	2808.632	0.2847929073229001	0.0406847010461285
890	2628698.178	1104503.114	2806.087	2628698.173	1104503.158	2806.05	0.0577061521709462	0.0082437360244208
891	2628691.868	1104502.064	2805.305	2628694.51	1104501.636	2805.668	2.700947426371535	0.3858496323387907
916	2628853.995	1104630.211	2817.353	2628854.241	1104630.783	2817.383	0.6233778950923462	0.0890539850131923
925	2628766.584	1104538.185	2809.765	2628766.313	1104537.426	2809.38	0.8931668376989377	0.1275952625284196
926	2628761.118	1104532.014	2809.176	2628760.897	1104532.013	2808.867	0.379898670643754	0.0542712386633934
927	2628753.397	1104526.773	2808.376	2628752.77	1104526.677	2808.172	0.6663039845696059	0.0951862835099437
928	2628738.686	1104521.788	2807.168	2628738.85	1104521.916	2807.171	0.2080600873909494	0.0297228696272784
929	2628733.43	1104517.897	2806.722	2628733.45	1104517.817	2806.771	0.0959218432509709	0.0137031204644244
930	2628727.142	1104514.091	2806.239	2628726.981	1104514.128	2806.114	0.2071593588319044	0.0295941941188434
931	2628724.674	1104510.923	2806.076	2628724.712	1104510.972	2806.076	0.0620080639048979	0.0088582948435568
934	2628697.912	1104505.528	2804.183	2628698.045	1104505.579	2804.21	0.144979308782085	0.0207113298260121
960	2628845.655	1104635.999	2810.515	2628844.992	1104635.853	2810.151	0.7703122741252576	0.1100446105893225
969	2628765.201	1104543.618	2804.678	2628765.363	1104543.0	2805.045	0.7367883006837717	0.1052554715262531
970	2628759.429	1104538.271	2804.527	2628759.113	1104537.026	2805.155	1.429777954707305	0.204253993529615
971	2628751.723	1104531.284	2804.945	2628751.691	1104531.191	2804.944	0.0983564943712533	0.0140509277673219
972	2628739.216	1104525.719	2804.412	2628739.234	1104525.83	2804.29	0.1659186548072205	0.02370266497246
973	2628732.635	1104521.464	2804.143	2628732.117	1104521.43	2803.88	0.5819355631671039	0.0831336518810148
974	2628727.402	1104517.917	2803.723	2628727.07	1104517.853	2803.608	0.3571344284153624	0.0510192040593374
975	2628723.192	1104514.181	2803.548	2628723.124	1104514.298	2803.376	0.2188538324118779	0.0312648332016968
977	2628715.723	1104508.61	2802.958	2628715.723	1104508.61	2802.958	0.0	0.0
1014	2628756.931	1104541.472	2800.556	2628758.241	1104541.555	2801.416	1.5692638401889816	0.2241805485984259
1015	2628751.849	1104535.487	2801.402	2628751.913	1104535.673	2801.403	0.1967053634922556	0.0281007662131793
1016	2628745.476	1104530.542	2801.598	2628736.815	1104529.628	2801.263	8.715534521595492	1.2450763602279271
1017	2628732.332	1104525.312	2801.143	2628732.445	1104525.46	2801.158	0.1868100639410382	0.0266871519915768
1018	2628728.157	1104521.478	2801.078	2628726.08	1104521.054	2800.83	2.134293559963504	0.3048990799947862
1019	2628721.85	1104517.69	2800.778	2628721.801	1104517.598	2800.765	0.1050428484066206	0.0150061212009458
1021	2628714.697	1104511.638	2800.778	2628714.518	1104511.659	2800.617	0.2416671264344692	0.0345238752049241
1058	2628758.436	1104547.684	2797.745	2628757.883	1104546.551	2797.845	1.2647126156339554	0.1806732308048508
1059	2628753.235	1104540.973	2797.989	2628753.195	1104540.906	2798.037	0.0916133178539019	0.0130876168362717
1060	2628731.157	1104533.009	2798.253	2628731.104	1104532.865	2798.239	0.1540811476384974	0.0220115925197853
1061	2628730.373	1104528.897	2798.28	2628730.405	1104528.973	2798.208	0.1094714572869507	0.0156387796124215
1062	2628726.766	1104524.878	2798.198	2628726.789	1104524.963	2798.198	0.0880567998267218	0.0125795428323888
1063	2628722.871	1104521.094	2798.186	2628723.181	1104521.09	2798.3	0.330321055995996	0.0471887222851422
1064	2628718.421	1104517.797	2798.094	2628718.561	1104517.839	2798.194	0.1770988425372698	0.0252998346481814
1065	2628711.141	1104514.947	2798.162	2628707.633	1104514.945	2798.287	3.510226915656352	0.5014609879509074
1066	2628706.238	1104512.102	2798.555	2628706.226	1104512.155	2798.42	0.1455266299003028	0.0207895185571861
1102	2628754.734	1104552.02	2793.639	2628756.59	1104551.67	2794.212	1.9737185713459269	0.281959795906561
1103	2628750.899	1104544.741	2794.449	2628750.842	1104544.641	2794.35	0.1518222644261686	0.021688894918024
1104	2628731.399	1104536.881	2795.407	2628743.886	1104538.929	2794.831	12.666935264423794	1.8095621806319704
1105	2628728.231	1104532.677	2795.183	2628728.284	1104532.578	2795.257	0.1344841997002466	0.0192120285286066
1106	2628725.369	1104528.599	2795.428	2628725.543	1104528.638	2795.601	0.2484471775821755	0.0354924539403107
1107	2628722.269	1104524.475	2795.804	2628722.197	1104524.67	2795.706	0.2298107915016707	0.0328301130716672
1108	2628718.741	1104521.012	2795.858	2628718.729	1104521.1	2795.822	0.0958331884085082	0.0136904554869297
1111	2628704.544	1104512.612	2796.285	2628704.472	1104512.435	2796.272	0.1915254552031021	0.0273607793147288
1147	2628749.855	1104550.078	2790.711	2628747.98	1104549.43	2791.161	2.034214590464384	0.2906020843520548
1148	2628728.498	1104540.096	2792.506	2628728.578	1104540.246	2792.495	0.1703555107820986	0.0243365015402998
1149	2628728.03	1104536.36	2792.808	2628727.848	1104536.329	2792.683	0.2229573947041052	0.0318510563863007
1150	2628724.227	1104532.137	2792.783	2628724.288	1104532.029	2792.894	0.1664511941332849	0.0237787420190407
1151	2628720.188	1104527.903	2792.914	2628721.246	1104528.084	2793.026	1.0791983133142002	0.1541711876163143
1152	2628717.774	1104524.366	2793.423	2628717.764	1104524.47	2793.35	0.1274558747774453	0.0182079821110636
1153	2628710.807	1104520.897	2793.579	2628711.062	1104520.975	2793.68	0.2851490837083957	0.0407355833869136
1154	2628708.496	1104517.951	2793.822	2628708.496	1104517.951	2793.822	0.0	0.0
1180	2628806.648	1104657.323	2779.341	2628807.77	1104657.842	2780.225	1.5197700483266217	0.217110006903803
1191	2628747.658	1104554.684	2787.481	2628746.798	1104553.884	2787.602	1.1807798268422556	0.1686828324060365
1192	2628744.198	1104548.22	2788.212	2628744.152	1104548.275	2788.077	0.1528594125364559	0.0218370589337794
1193	2628725.562	1104539.711	2789.998	2628725.277	1104539.687	2789.811	0.341716256686357	0.048816608098051
1194	2628723.308	1104535.842	2790.52	2628722.737	1104535.551	2790.329	0.6687323829285087	0.0955331975612155
1195	2628720.009	1104531.559	2790.698	2628719.697	1104531.398	2790.559	0.3776056142320793	0.0539436591760113
1196	2628715.924	1104527.561	2790.866	2628715.783	1104527.519	2790.803	0.1600437442531131	0.022863392036159
1197	2628712.246	1104524.117	2791.199	2628712.188	1104524.034	2791.26	0.1182116744876291	0.0168873820696613
1198	2628709.095	1104521.052	2791.541	2628708.982	1104520.921	2791.588	0.1792735341156941	0.0256105048736705
1199	2628702.501	1104518.043	2791.984	2628704.741	1104518.007	2791.952	2.240517797055168	0.3200739710078811
1200	2628700.172	1104515.374	2792.35	2628700.404	1104515.367	2792.463	0.2581511188108581	0.036878731258694
1224	2628801.884	1104662.698	2775.652	2628801.874	1104662.023	2775.674	0.6754324541119595	0.0964903505874228
1225	2628802.885	1104654.287	2775.606	2628803.06	1104654.181	2775.595	0.2048950953030324	0.0292707279004332
1235	2628747.61	1104559.349	2783.643	2628746.668	1104558.544	2784.02	1.2951903333217265	0.1850271904745323
1236	2628742.887	1104553.131	2784.897	2628741.711	1104552.361	2784.855	1.4062858884224454	0.2008979840603493
1237	2628724.646	1104543.478	2787.064	2628724.538	1104543.399	2787.013	0.1431991619649918	0.0204570231378559
1238	2628720.444	1104538.586	2787.692	2628720.391	1104538.685	2787.63	0.1282731463107283	0.0183247351872469
1239	2628718.003	1104534.635	2788.175	2628717.907	1104534.598	2788.076	0.1427795502943683	0.0203970786134811
1240	2628715.549	1104530.962	2788.438	2628715.333	1104530.951	2788.338	0.2382792479638755	0.0340398925662679
1241	2628711.505	1104526.987	2788.925	2628711.473	1104527.024	2788.9	0.0549363265872141	0.0078480466553163
1242	2628708.136	1104523.798	2789.361	2628708.097	1104523.844	2789.311	0.0783390068760045	0.011191286696572
1243	2628704.909	1104520.878	2789.641	2628704.952	1104520.866	2789.666	0.051166395299594	0.0073094850427991
1244	2628700.201	1104517.994	2790.219	2628700.401	1104518.024	2790.27	0.2085689336314858	0.0297955619473551
1268	2628795.302	1104664.882	2771.026	2628795.33	1104664.889	2770.892	0.137072973251528	0.0195818533216468
1269	2628795.618	1104656.935	2770.117	2628795.705	1104656.834	2770.191	0.1524663899205129	0.0217809128457875
1270	2628797.645	1104650.481	2770.37	2628797.855	1104650.26	2770.372	0.30486882415482	0.0435526891649742
1279	2628746.035	1104563.214	2779.967	2628746.194	1104563.211	2780.385	0.4472292476968811	0.0638898925281258
1280	2628726.42	1104551.82	2783.737	2628726.372	1104551.858	2783.638	0.1164001717824941	0.0166285959689277
1281	2628722.857	1104546.921	2784.459	2628722.741	1104546.868	2784.396	0.1422462652919439	0.0203208950417062
1282	2628719.258	1104542.102	2784.985	2628719.258	1104542.102	2784.985	0.0	0.0
1283	2628716.406	1104537.987	2785.646	2628716.141	1104537.884	2785.532	0.3063168295175856	0.0437595470739408
1284	2628714.086	1104534.045	2786.118	2628713.941	1104534.046	2785.969	0.207911038681682	0.029701576954526
1285	2628711.145	1104530.352	2786.485	2628711.116	1104530.423	2786.424	0.0979948978524236	0.0139992711217748
1286	2628707.849	1104526.663	2787.458	2628707.469	1104526.654	2787.307	0.4090012223849332	0.0584287460549904
1287	2628704.241	1104523.829	2787.514	2628704.359	1104523.674	2787.6	0.2129436545083022	0.0304205220726146
1288	2628700.256	1104520.542	2788.284	2628700.418	1104520.635	2788.274	0.1870641601805808	0.0267234514543686
1289	2628671.796	1104517.982	2792.364	2628671.83	1104518.092	2792.292	0.1357939614648558	0.0193991373521222
1290	2628690.249	1104515.738	2789.753	2628691.032	1104515.79	2789.69	0.7872496430383048	0.1124642347197578
1312	2628789.665	1104668.397	2766.44	2628789.362	1104668.097	2766.204	0.4873448470342204	0.06962069243346
1313	2628789.318	1104660.639	2766.158	2628789.301	1104660.251	2766.133	0.3891760527411907	0.0555965789630272
1314	2628792.201	1104654.431	2766.399	2628792.038	1104654.157	2766.274	0.3424470762316347	0.0489210108902335
1323	2628742.136	1104566.891	2777.69	2628742.136	1104566.891	2777.69	0.0	0.0
1324	2628738.851	1104560.614	2778.571	2628727.297	1104556.326	2780.498	12.473780060654756	1.7819685800935368
1325	2628720.757	1104549.995	2781.874	2628720.776	1104550.141	2781.801	0.1643350235944072	0.0234764319420581
1326	2628718.008	1104545.37	2782.595	2628717.777	1104545.265	2782.518	0.2651697571595785	0.0378813938799397
1327	2628715.378	1104541.155	2782.965	2628715.436	1104541.125	2783.014	0.0816394513954203	0.0116627787707743
1328	2628712.82	1104537.038	2783.568	2628712.82	1104537.038	2783.568	0.0	0.0
1329	2628710.51	1104533.527	2784.212	2628710.317	1104533.471	2784.112	0.2244660330641025	0.0320665761520146
1330	2628706.629	1104529.826	2784.873	2628706.51	1104529.721	2784.871	0.158713578796847	0.0226733683995495
1331	2628703.555	1104526.652	2785.41	2628703.474	1104526.597	2785.385	0.101049492979601	0.0144356418542287
1332	2628701.079	1104523.499	2785.993	2628701.043	1104523.371	2786.077	0.1572768259971155	0.0224681179995879
1333	2628697.255	1104520.417	2786.765	2628697.327	1104520.56	2786.62	0.2160046297369802	0.03085780424814
1334	2628691.034	1104518.047	2787.777	2628690.986	1104517.99	2787.813	0.0827586853372653	0.011822669333895
1356	2628783.733	1104671.185	2762.155	2628783.591	1104671.092	2761.92	0.2898930837712147	0.0414132976816021
1357	2628784.009	1104663.014	2761.818	2628784.446	1104663.496	2761.923	0.6590280722411586	0.0941468674630226
1358	2628785.635	1104656.716	2762.434	2628785.429	1104656.695	2762.186	0.3230804851802213	0.0461543550257459
1368	2628734.594	1104563.52	2775.957	2628734.443	1104563.435	2775.796	0.2365311819085624	0.0337901688440803
1369	2628717.9	1104552.736	2779.864	2628717.497	1104552.625	2779.675	0.4587493868697158	0.0655356266956736
1370	2628717.502	1104549.092	2779.873	2628717.427	1104549.106	2779.763	0.1338693391228168	0.0191241913032595
1371	2628713.913	1104544.446	2780.547	2628713.89	1104544.361	2780.559	0.0888706925579376	0.0126958132225625
1372	2628712.298	1104540.326	2781.236	2628712.124	1104540.286	2781.124	0.2107605276719532	0.030108646810279
1373	2628710.076	1104536.602	2781.979	2628709.699	1104536.627	2781.864	0.3949417677367216	0.0564202525338173
1374	2628705.534	1104532.079	2782.726	2628705.866	1104532.482	2782.536	0.5556374718209568	0.0793767816887081
1375	2628702.782	1104529.091	2783.415	2628702.674	1104529.142	2783.328	0.1477633242700216	0.0211090463242888
1376	2628699.831	1104526.169	2783.76	2628699.863	1104526.02	2783.821	0.1641523682455256	0.0234503383207893
1377	2628697.454	1104523.234	2784.49	2628697.666	1104523.306	2784.542	0.2298521266951511	0.0328360180993073
1379	2628674.798	1104518.115	2789.129	2628670.482	1104518.19	2789.916	4.387806969424016	0.6268295670605737
1400	2628778.184	1104673.973	2758.362	2628778.099	1104673.668	2758.006	0.4764304775663051	0.0680614967951864
1401	2628778.415	1104666.53	2758.541	2628778.142	1104666.109	2758.121	0.6543470028201779	0.0934781432600254
1402	2628778.758	1104658.631	2758.475	2628778.812	1104658.532	2758.463	0.113406349171823	0.0162009070245461
1412	2628734.444	1104567.808	2772.667	2628734.19	1104567.618	2772.639	0.3184336666799995	0.0454905238114285
1413	2628718.614	1104556.985	2776.537	2628718.08	1104556.648	2776.614	0.6361242017271772	0.0908748859610253
1414	2628715.22	1104551.927	2777.468	2628715.167	1104551.896	2777.382	0.1056692955867628	0.0150956136552518
1415	2628712.31	1104547.261	2778.359	2628712.234	1104547.257	2778.248	0.1345845458515807	0.0192263636930829
1416	2628710.334	1104543.442	2779.068	2628710.174	1104543.349	2778.907	0.2452957397084823	0.0350422485297831
1417	2628708.304	1104539.299	2779.568	2628707.908	1104539.291	2779.392	0.4334235805157135	0.0619176543593876
1418	2628706.199	1104535.887	2780.277	2628706.032	1104535.612	2780.347	0.3292628130282288	0.0470375447183184
1419	2628701.511	1104531.642	2780.937	2628702.104	1104531.853	2781.043	0.6382836358621788	0.0911833765517398
1420	2628698.961	1104528.752	2781.922	2628699.011	1104528.731	2781.947	0.0597159944156064	0.0085308563450866
1421	2628697.113	1104525.904	2782.379	2628697.206	1104525.889	2782.429	0.1066489567743815	0.015235565253483
1422	2628692.263	1104522.775	2783.871	2628692.125	1104522.767	2783.821	0.146996598410146	0.0209995140585922
1424	2628681.725	1104518.149	2786.495	2628681.576	1104518.116	2786.481	0.1532514276139817	0.0218930610877116
1444	2628775.259	1104678.293	2754.303	2628774.682	1104677.831	2753.708	0.9488930393405792	0.1355561484772256
1445	2628775.349	1104671.18	2754.359	2628774.742	1104670.434	2754.019	1.0200808790846303	0.1457258398692329
1446	2628771.726	1104660.02	2754.428	2628771.743	1104660.217	2754.807	0.4274798240514441	0.0610685462930634
1456	2628739.084	1104575.758	2767.972	2628738.923	1104575.18	2768.09	0.6114973425347969	0.0873567632192567
1457	2628717.679	1104560.51	2773.87	2628717.374	1104560.34	2773.841	0.3503797940477262	0.0500542562925323
1458	2628715.503	1104555.691	2774.892	2628715.21	1104555.677	2774.668	0.3690812919162387	0.0527258988451769
1459	2628711.725	1104550.64	2776.014	2628711.527	1104550.498	2775.852	0.2925952838415421	0.0417993262630774
1460	2628708.807	1104546.321	2776.685	2628708.705	1104546.216	2776.684	0.1463898903168126	0.0209128414738303
1461	2628707.293	1104542.42	2777.351	2628707.088	1104542.305	2777.238	0.2608045245552106	0.0372577892221729
1462	2628705.491	1104538.789	2778.247	2628705.105	1104538.547	2778.07	0.4887627236147841	0.0698232462306834
1463	2628702.662	1104535.165	2778.921	2628701.756	1104534.81	2778.92	0.973068342878609	0.1390097632683727
1464	2628698.239	1104531.3	2779.867	2628698.752	1104531.457	2779.837	0.5373248549647883	0.0767606935663983
1465	2628697.117	1104528.36	2780.59	2628696.819	1104528.423	2780.525	0.3114450191480566	0.0444921455925795
1466	2628692.816	1104525.594	2781.662	2628692.543	1104525.404	2781.732	0.3398955722029883	0.0485565103147126
1468	2628681.536	1104520.159	2784.677	2628681.429	1104520.115	2784.663	0.1165375474515781	0.0166482210645111
1487	2628773.962	1104693.99	2748.366	2628773.449	1104693.099	2747.941	1.1125084268926306	0.1589297752703758
1488	2628770.665	1104681.866	2750.379	2628770.429	1104681.556	2749.618	0.8549368397174527	0.1221338342453503
1489	2628771.543	1104674.338	2750.273	2628771.223	1104674.232	2749.694	0.6699828355072678	0.0957118336438953
1490	2628769.118	1104665.513	2750.608	2628766.227	1104661.952	2751.734	4.722973427716458	0.6747104896737798
1500	2628737.399	1104579.205	2764.647	2628736.92	1104578.787	2764.738	0.642219588866733	0.0917456555523904
1501	2628716.49	1104563.704	2771.725	2628715.491	1104563.477	2771.503	1.0482432926484615	0.1497490418069231
1502	2628713.87	1104558.882	2772.252	2628713.59	1104558.571	2772.223	0.4194782475146014	0.0599254639306573
1503	2628710.661	1104554.053	2773.345	2628710.404	1104553.827	2773.354	0.3423536181825067	0.0489076597403581
1504	2628706.775	1104548.99	2774.796	2628706.522	1104548.67	2774.621	0.443885120335006	0.063412160047858
1505	2628705.622	1104545.161	2775.357	2628705.369	1104545.134	2775.354	0.2544543181266462	0.0363506168752351
1506	2628703.947	1104541.427	2775.936	2628703.821	1104541.461	2775.837	0.1638078143445069	0.0234011163349295
1507	2628702.003	1104537.978	2776.696	2628701.957	1104537.938	2776.695	0.0609672042378418	0.0087096006054059
1508	2628698.119	1104534.389	2777.527	2628698.384	1104534.492	2777.641	0.3063168295958756	0.043759547085125
1509	2628696.051	1104530.948	2778.518	2628696.178	1104531.026	2778.495	0.1508045090897476	0.0215435012985353
1510	2628693.297	1104528.01	2779.671	2628693.074	1104527.913	2779.643	0.2447897054786493	0.0349699579255213
1511	2628685.632	1104524.841	2781.774	2628684.727	1104524.537	2781.932	0.967680216018819	0.1382400308598313
1512	2628673.042	1104521.057	2785.412	2628681.491	1104521.925	2783.105	8.801208667018743	1.2573155238598204
1531	2628768.76	1104696.157	2744.662	2628768.833	1104695.842	2744.125	0.6268357041617106	0.0895479577373872
1532	2628767.431	1104685.732	2745.826	2628767.083	1104685.506	2745.406	0.590406639400049	0.0843438056285784
1533	2628767.146	1104677.924	2746.498	2628766.995	1104677.788	2746.105	0.4424319157435594	0.063204559391937
1534	2628767.022	1104670.4	2746.965	2628766.534	1104669.775	2746.712	0.832332866044754	0.1189046951492505
1545	2628731.188	1104575.883	2763.274	2628730.978	1104575.715	2763.283	0.269081771822994	0.0384402531175705
1546	2628713.346	1104562.379	2769.737	2628713.187	1104562.416	2769.564	0.2378634061728868	0.0339804865961266
1547	2628709.773	1104557.167	2770.959	2628709.758	1104557.073	2770.971	0.0959426910600666	0.0137060987228666
1548	2628706.386	1104552.376	2772.063	2628706.113	1104551.943	2772.205	0.5312080571588541	0.0758868653084077
1549	2628703.961	1104548.006	2773.168	2628703.848	1104547.874	2773.166	0.1737728401448296	0.0248246914492613
1550	2628703.356	1104544.382	2773.896	2628703.13	1104544.215	2773.746	0.3185357124132504	0.0455051017733214
1551	2628701.027	1104540.855	2774.54	2628701.027	1104540.855	2774.54	0.0	0.0
1552	2628698.151	1104537.321	2775.336	2628698.265	1104537.113	2775.545	0.3161344651498037	0.0451620664499719
1553	2628696.135	1104534.023	2776.45	2628695.915	1104533.847	2776.446	0.2817658600281313	0.0402522657183044
1554	2628692.483	1104530.348	2777.602	2628692.433	1104530.369	2777.564	0.0662193323679885	0.0094599046239983
1555	2628688.642	1104527.325	2779.315	2628688.327	1104527.259	2779.189	0.3456255198164251	0.0493750742594893
1575	2628763.846	1104698.263	2740.486	2628764.13	1104698.236	2740.489	0.2852963371507557	0.0407566195929651
1576	2628765.539	1104692.01	2741.542	2628765.06	1104691.342	2741.045	0.9605592120788706	0.1372227445826958
1577	2628763.411	1104681.327	2742.829	2628763.11	1104681.157	2742.531	0.4564044259650768	0.0652006322807252
1578	2628762.466	1104673.164	2743.32	2628762.544	1104673.021	2743.198	0.2035116706185329	0.0290730958026475
1579	2628761.304	1104664.295	2742.132	2628761.917	1104664.625	2742.593	0.8349790416058922	0.1192827202294131
1589	2628729.812	1104578.181	2761.002	2628730.002	1104579.088	2760.359	1.1279175500804357	0.1611310785829193
1590	2628714.063	1104566.956	2766.545	2628713.441	1104566.314	2766.56	0.8940206932493172	0.1277172418927596
1591	2628709.453	1104560.582	2768.398	2628709.211	1104560.451	2768.358	0.2780737313288175	0.0397248187612596
1592	2628706.039	1104555.609	2769.929	2628705.309	1104555.198	2770.04	0.8450692278430378	0.1207241754061482
1593	2628703.688	1104551.009	2770.851	2628703.711	1104550.982	2770.888	0.0512542681358604	0.0073220383051229
1594	2628701.273	1104546.958	2772.128	2628700.897	1104546.741	2771.952	0.4684453011834394	0.0669207573119199
1595	2628699.87	1104543.25	2772.576	2628699.683	1104543.167	2772.549	0.2063661793658239	0.0294808827665462
1596	2628697.815	1104539.851	2773.506	2628697.752	1104539.812	2773.468	0.0832706431980001	0.0118958061711428
1597	2628694.871	1104536.0	2774.508	2628695.251	1104536.252	2774.538	0.4569507635586742	0.065278680508382
1598	2628692.102	1104532.838	2775.648	2628692.004	1104532.689	2775.744	0.2025364163472459	0.0289337737638922
1599	2628688.136	1104529.433	2777.664	2628687.876	1104529.416	2777.588	0.271412969261826	0.038773281323118
1600	2628681.101	1104526.326	2779.629	2628681.002	1104526.272	2779.664	0.1180762463887793	0.016868035198397
1620	2628762.061	1104695.163	2737.485	2628761.376	1104694.691	2737.169	0.8898679676897163	0.1271239953842451
1621	2628759.936	1104684.904	2738.749	2628759.731	1104685.031	2738.477	0.3635079091237238	0.0519297013033891
1622	2628758.073	1104674.922	2739.907	2628758.158	1104675.159	2739.921	0.2521705771434938	0.0360243681633562
1623	2628758.679	1104668.892	2739.788	2628758.541	1104668.512	2739.798	0.4044057366810776	0.0577722480972968
1634	2628723.532	1104575.935	2759.863	2628715.128	1104571.218	2762.954	10.120849075108302	1.4458355821583289
1635	2628709.69	1104563.301	2766.026	2628709.292	1104563.632	2765.679	0.6231965982249194	0.0890280854607027
1636	2628705.77	1104558.778	2767.453	2628705.398	1104558.63	2767.326	0.4200202376003076	0.0600028910857582
1637	2628703.057	1104554.011	2768.712	2628702.752	1104553.953	2768.562	0.3448028423574102	0.0492575489082014
1638	2628699.332	1104549.544	2770.142	2628699.409	1104549.383	2770.045	0.2031231154575968	0.0290175879225138
1639	2628699.406	1104546.396	2770.33	2628699.117	1104546.077	2770.314	0.430741221458789	0.0615344602083984
1640	2628697.083	1104542.746	2771.292	2628696.791	1104542.411	2771.373	0.4517189390719868	0.0645312770102838
1641	2628694.459	1104538.691	2772.652	2628694.431	1104538.78	2772.591	0.1114719694901207	0.0159245670700172
1642	2628692.644	1104536.394	2773.392	2628692.323	1104535.887	2773.472	0.6053841755287885	0.0864834536469697
1645	2628679.913	1104526.218	2778.587	2628679.843	1104526.092	2778.647	0.1561281527560699	0.0223040218222957
1665	2628757.388	1104689.554	2734.708	2628754.424	1104685.669	2735.758	4.998101739482379	0.7140145342117684
1666	2628754.876	1104678.573	2736.734	2628754.578	1104678.455	2736.413	0.4536176804039241	0.0648025257719891
1667	2628755.027	1104671.341	2737.487	2628753.807	1104670.175	2737.529	1.6881113705232456	0.2411587672176065
1678	2628722.881	1104580.404	2756.75	2628722.728	1104580.318	2756.785	0.1789692711089152	0.025567038729845
1679	2628711.573	1104569.233	2761.936	2628711.106	1104568.969	2761.881	0.5392680221507798	0.0770382888786828
1680	2628705.616	1104562.286	2764.589	2628705.452	1104562.159	2764.538	0.2136024344022727	0.0305146334860389
1681	2628702.783	1104557.291	2766.543	2628702.517	1104557.283	2766.356	0.325252209688767	0.0464646013841095
1682	2628699.712	1104552.678	2767.541	2628699.459	1104552.505	2767.488	0.3110417979581424	0.0444345425654489
1683	2628698.254	1104548.99	2768.343	2628698.225	1104548.948	2768.306	0.0630396700273289	0.0090056671467612
1684	2628697.081	1104545.567	2769.174	2628696.52	1104545.206	2769.202	0.6677020291629759	0.0953860041661394
1685	2628692.956	1104541.075	2770.574	2628693.274	1104541.288	2770.53	0.3852648443245683	0.0550378349035097
1686	2628691.207	1104537.785	2771.801	2628691.524	1104538.11	2771.72	0.461166998270157	0.0658809997528795
1687	2628686.448	1104533.669	2774.0	2628686.707	1104533.912	2773.906	0.3673771904305988	0.0524824557757998
1690	2628669.98	1104524.782	2780.848	2628670.263	1104524.72	2780.778	0.2980486535595348	0.0425783790799335
1710	2628751.345	1104683.096	2733.035	2628750.808	1104681.764	2732.975	1.4374258241186866	0.2053465463026695
1711	2628750.997	1104673.56	2733.811	2628750.849	1104673.77	2733.663	0.2964928329616534	0.0423561189945219
1722	2628725.655	1104586.381	2752.342	2628725.292	1104586.128	2752.288	0.4457510515270566	0.0636787216467223
1723	2628715.468	1104575.666	2756.824	2628715.666	1104575.662	2756.875	0.2045018340455506	0.0292145477207929
1724	2628707.15	1104566.637	2761.297	2628707.319	1104566.782	2761.055	0.328861673070579	0.0469802390100827
1725	2628703.578	1104561.335	2763.35	2628703.46	1104561.118	2763.262	0.2622155602465554	0.0374593657495079
1726	2628700.329	1104556.09	2765.42	2628699.895	1104555.903	2765.194	0.5238329886163193	0.0748332840880456
1727	2628697.194	1104551.489	2766.674	2628696.898	1104551.31	2766.559	0.3645298342443487	0.0520756906063355
1728	2628696.173	1104548.101	2767.348	2628695.891	1104547.886	2767.307	0.3569733885115121	0.0509961983587874
1729	2628693.872	1104544.277	2768.383	2628693.872	1104544.277	2768.383	0.0	0.0
1730	2628691.696	1104541.118	2769.8	2628691.016	1104540.539	2769.936	0.9034030109117668	0.1290575729873952
1731	2628689.138	1104537.656	2771.113	2628688.582	1104537.398	2771.289	0.6377115333807232	0.0911016476258176
1732	2628685.182	1104533.999	2773.141	2628684.528	1104533.687	2773.217	0.7285849299984447	0.1040835614283492
1733	2628660.963	1104526.238	2782.75	2628682.008	1104530.579	2774.141	23.148459711112363	3.3069228158731945
1734	2628677.802	1104528.019	2776.34	2628671.314	1104526.778	2778.952	7.103292828334832	1.0147561183335474
1755	2628747.708	1104677.318	2731.603	2628747.51	1104677.333	2730.928	0.703600739150053	0.1005143913071504
1767	2628720.059	1104582.311	2752.503	2628719.596	1104582.1	2752.386	0.5220909881858634	0.0745844268836947
1768	2628708.649	1104571.407	2757.505	2628708.001	1104570.956	2757.764	0.8308946984749491	0.1186992426392784
1769	2628704.484	1104565.364	2760.098	2628704.316	1104565.184	2760.095	0.2462376902133982	0.0351768128876283
1770	2628700.038	1104559.219	2762.43	2628699.977	1104559.197	2762.405	0.0694982016443288	0.0099283145206184
1771	2628697.2	1104554.752	2764.202	2628696.962	1104554.543	2764.174	0.3179764145109727	0.0454252020729961
1772	2628695.193	1104550.813	2765.338	2628694.83	1104550.43	2765.369	0.5286009837646779	0.0755144262520968
1773	2628693.044	1104546.927	2766.351	2628692.91	1104546.762	2766.446	0.232821820189576	0.0332602600270822
1774	2628692.011	1104544.083	2767.392	2628691.746	1104543.755	2767.388	0.4216930165516135	0.0602418595073733
1775	2628689.588	1104540.714	2769.466	2628689.015	1104540.129	2769.249	0.847138123209095	0.1210197318870135
1776	2628684.164	1104536.08	2771.484	2628683.991	1104535.944	2771.445	0.2234860175275902	0.0319265739325128
1779	2628669.618	1104526.944	2778.43	2628669.618	1104526.944	2778.43	0.0	0.0
1800	2628744.655	1104673.548	2728.803	2628744.234	1104672.885	2728.49	0.8454460358927066	0.1207780051275295
1811	2628717.851	1104585.498	2749.476	2628717.641	1104585.33	2749.436	0.2718896833780175	0.0388413833397167
1812	2628710.775	1104576.578	2753.514	2628710.699	1104576.592	2753.464	0.0920434678916752	0.0131490668416678
1813	2628704.749	1104569.027	2757.069	2628704.576	1104568.892	2757.029	0.2230560467365888	0.0318651495337984
1814	2628700.893	1104563.285	2759.386	2628700.676	1104563.03	2759.443	0.3396512917988626	0.0485216131141232
1815	2628696.874	1104557.562	2761.651	2628696.71	1104557.434	2761.612	0.2116624670675284	0.0302374952953612
1816	2628695.125	1104553.735	2762.804	2628695.078	1104553.677	2762.803	0.0746592258365384	0.010665603690934
1817	2628692.272	1104549.677	2764.442	2628692.1	1104549.333	2764.634	0.4298650948785709	0.0614092992683672
1818	2628690.798	1104546.3	2765.427	2628690.649	1104546.024	2765.498	0.3215866912085434	0.0459409558869347
1819	2628689.271	1104542.769	2766.986	2628688.266	1104542.281	2767.241	1.1459467705076174	0.1637066815010882
1820	2628682.698	1104537.932	2769.845	2628682.773	1104537.917	2770.004	0.1764397915207473	0.0252056845029639
1822	2628680.787	1104532.883	2771.944	2628661.354	1104527.925	2780.597	21.842565371453556	3.1203664816362218
1823	2628659.884	1104526.176	2781.49	2628659.736	1104526.143	2781.426	0.164587362870842	0.0235124804101202
1824	2628659.706	1104525.746	2781.706	2628659.623	1104525.899	2781.559	0.2278310775966677	0.0325472967995239
1825	2628669.618	1104526.944	2778.43	2628669.618	1104526.944	2778.43	0.0	0.0
1845	2628739.102	1104667.337	2726.71	2628739.501	1104667.153	2727.032	0.5447393874252862	0.0778199124893266
1855	2628718.772	1104590.348	2745.921	2628718.516	1104590.253	2745.82	0.2911391420289022	0.0415913060041288
1856	2628712.745	1104581.708	2749.326	2628713.389	1104582.35	2748.994	0.9680516514128908	0.1382930930589843
1857	2628705.522	1104573.038	2753.961	2628705.339	1104572.99	2753.849	0.2198567713210912	0.0314081101887273
1858	2628701.873	1104567.282	2756.281	2628701.593	1104566.971	2756.264	0.4188197704716379	0.0598313957816625
1859	2628698.283	1104561.738	2758.431	2628698.028	1104561.305	2758.524	0.5110410941490915	0.0730058705927273
1860	2628694.739	1104556.512	2760.704	2628694.532	1104556.379	2760.64	0.254232177375253	0.036318882482179
1861	2628693.503	1104552.876	2761.998	2628693.116	1104552.634	2761.882	0.470944795076356	0.0672778278680508
1862	2628689.904	1104548.182	2763.869	2628689.912	1104548.286	2763.82	0.1152432210981954	0.0164633172997422
1863	2628688.556	1104545.595	2764.504	2628687.439	1104544.705	2765.318	1.6438932447119423	0.234841892101706
1864	2628684.083	1104540.809	2767.182	2628684.256	1104540.832	2767.307	0.2146695134044422	0.0306670733434917
1867	2628673.441	1104530.897	2773.541	2628669.778	1104529.931	2775.312	4.181765895086731	0.5973951278695331
1868	2628667.242	1104528.405	2776.875	2628667.242	1104528.405	2776.875	0.0	0.0
1869	2628667.242	1104528.405	2776.875	2628667.242	1104528.405	2776.875	0.0	0.0
1870	2628667.242	1104528.405	2776.875	2628667.242	1104528.405	2776.875	0.0	0.0
1890	2628730.607	1104660.001	2725.491	2628733.446	1104661.561	2725.496	3.2393743224643834	0.4627677603520547
1900	2628714.422	1104586.474	2745.805	2628714.329	1104586.827	2745.45	0.5091983896884483	0.0727426270983497
1901	2628706.027	1104577.136	2750.655	2628706.068	1104577.35	2750.571	0.2335230183127891	0.0333604311875413
1902	2628702.954	1104571.852	2752.996	2628702.413	1104571.248	2752.938	0.8129335764836921	0.1161333680690988
1903	2628699.093	1104565.668	2755.446	2628698.838	1104565.477	2755.479	0.3203045425595231	0.0457577917942175
1904	2628695.382	1104560.201	2758.046	2628695.002	1104559.836	2758.077	0.5278124669446453	0.0754017809920921
1905	2628692.615	1104555.375	2759.781	2628692.459	1104555.238	2759.779	0.20762706991402	0.0296610099877171
1906	2628690.875	1104551.59	2761.141	2628690.778	1104551.554	2761.091	0.1149130106593402	0.0164161443799057
1907	2628686.757	1104547.095	2763.348	2628686.548	1104546.865	2763.602	0.4013689077419213	0.057338415391703
1909	2628680.968	1104539.544	2767.309	2628680.901	1104539.453	2767.345	0.118600168535823	0.0169428812194032
1911	2628659.876	1104528.972	2779.029	2628659.636	1104528.893	2779.123	0.2695867209822451	0.0385123887117493
1912	2628664.357	1104528.916	2776.961	2628664.357	1104528.916	2776.961	0.0	0.0
1913	2628667.242	1104528.405	2776.875	2628667.242	1104528.405	2776.875	0.0	0.0
1914	2628667.242	1104528.405	2776.875	2628667.242	1104528.405	2776.875	0.0	0.0
1915	2628667.242	1104528.405	2776.875	2628667.242	1104528.405	2776.875	0.0	0.0
1916	2628667.242	1104528.405	2776.875	2628667.242	1104528.405	2776.875	0.0	0.0
1944	2628713.006	1104591.002	2742.67	2628712.944	1104590.721	2742.608	0.2943620221727759	0.0420517174532537
1945	2628709.147	1104583.3	2745.813	2628708.535	1104582.847	2746.023	0.7898436551958556	0.1128348078851222
1946	2628702.251	1104574.817	2750.282	2628702.136	1104574.539	2750.365	0.3120865264859486	0.0445837894979926
1947	2628699.768	1104569.738	2752.215	2628699.396	1104569.251	2752.38	0.6346479338547606	0.09066399055068
1948	2628696.199	1104563.845	2755.049	2628695.804	1104563.403	2755.152	0.6016626962420942	0.0859518137488706
1949	2628692.977	1104558.753	2757.156	2628692.876	1104558.535	2757.191	0.2427962108554497	0.0346851729793499
1950	2628690.489	1104554.22	2758.981	2628690.387	1104554.115	2758.979	0.1464001365674587	0.0209143052239226
1951	2628686.894	1104549.681	2761.329	2628686.822	1104549.634	2761.291	0.0940053187747298	0.0134293312535328
1952	2628682.557	1104546.24	2763.059	2628682.941	1104545.945	2763.344	0.5618772107996908	0.0802681729713844
1953	2628680.632	1104542.509	2764.954	2628680.655	1104542.238	2765.174	0.3498142365305965	0.0499734623615137
1956	2628663.738	1104530.295	2775.735	2628672.711	1104532.67	2770.751	10.53544541080937	1.5050636301156242
1957	2628672.38	1104532.301	2771.026	2628672.332	1104532.243	2771.074	0.0892860570908775	0.0127551510129825
1958	2628664.326	1104528.728	2777.119	2628664.326	1104528.728	2777.119	0.0	0.0
1959	2628667.242	1104528.405	2776.875	2628667.242	1104528.405	2776.875	0.0	0.0
1960	2628667.242	1104528.405	2776.875	2628667.242	1104528.405	2776.875	0.0	0.0
1961	2628667.242	1104528.405	2776.875	2628667.242	1104528.405	2776.875	0.0	0.0
1962	2628667.242	1104528.405	2776.875	2628667.242	1104528.405	2776.875	0.0	0.0
1964	2628667.242	1104528.405	2776.875	2628667.242	1104528.405	2776.875	0.0	0.0
1981	2628718.198	1104636.604	2725.632	2628720.55	1104638.845	2725.889	3.258839363859335	0.4655484805513336
1982	2628718.857	1104633.79	2725.78	2628720.763	1104633.972	2726.624	2.0924378126610974	0.2989196875230139
1983	2628716.543	1104624.673	2728.12	2628719.324	1104626.608	2728.503	3.409527093306128	0.4870752990437325
1985	2628713.788	1104613.783	2733.406	2628717.821	1104615.711	2731.986	4.69027429879535	0.6700391855421929
1987	2628709.904	1104596.614	2738.82	2628712.546	1104598.907	2738.397	3.523768153437949	0.5033954504911355
1988	2628709.848	1104592.405	2740.336	2628710.559	1104592.885	2740.676	0.922778954842468	0.1318255649774954
1989	2628710.713	1104588.855	2741.596	2628710.762	1104588.947	2741.658	0.1212806662307134	0.0173258094615305
1990	2628701.238	1104577.453	2748.455	2628700.82	1104577.169	2748.473	0.5056718303845696	0.0722388329120813
1991	2628698.971	1104572.82	2750.026	2628698.8	1104572.493	2750.157	0.3915750248194228	0.0559392892599175
1992	2628696.838	1104567.753	2751.756	2628696.792	1104567.599	2751.829	0.1765247859030122	0.0252178265575731
1993	2628693.403	1104562.335	2754.617	2628693.009	1104561.876	2754.672	0.6074059597292117	0.0867722799613159
1994	2628690.871	1104557.666	2756.49	2628690.651	1104557.118	2756.62	0.604651965871452	0.0863788522673502
1995	2628688.023	1104553.632	2758.531	2628687.199	1104552.672	2759.068	1.3743889551235458	0.1963412793033636
1996	2628682.876	1104547.486	2762.223	2628682.897	1104547.649	2762.102	0.2040857662094735	0.0291551094584962
1997	2628680.874	1104544.22	2763.691	2628680.842	1104544.37	2763.581	0.1887432118511894	0.0269633159787413
2000	2628672.978	1104534.692	2769.159	2628672.671	1104534.521	2769.301	0.3790171500721652	0.0541453071531664
2001	2628671.251	1104532.655	2770.45	2628671.251	1104532.655	2770.45	0.0	0.0
2002	2628671.251	1104532.655	2770.45	2628671.251	1104532.655	2770.45	0.0	0.0
2003	2628664.326	1104528.728	2777.119	2628664.326	1104528.728	2777.119	0.0	0.0
2004	2628664.326	1104528.728	2777.119	2628664.326	1104528.728	2777.119	0.0	0.0
2005	2628667.242	1104528.405	2776.875	2628667.242	1104528.405	2776.875	0.0	0.0
2006	2628667.242	1104528.405	2776.875	2628667.242	1104528.405	2776.875	0.0	0.0
2007	2628667.242	1104528.405	2776.875	2628667.242	1104528.405	2776.875	0.0	0.0
2008	2628667.242	1104528.405	2776.875	2628667.242	1104528.405	2776.875	0.0	0.0
2009	2628667.242	1104528.405	2776.875	2628667.242	1104528.405	2776.875	0.0	0.0
2010	2628667.242	1104528.405	2776.875	2628667.242	1104528.405	2776.875	0.0	0.0
