ID	X_x	Y_x	Z_x	X_y	Y_y	Z_y	Distances	Velocity
32	2628831.139	1104494.383	2873.423	2628831.139	1104494.383	2873.423	0.0	0.0
33	2628829.388	1104492.677	2872.272	2628829.388	1104492.677	2872.272	0.0	0.0
34	2628819.183	1104484.722	2865.481	2628819.165	1104484.576	2865.481	0.1471054045877788	0.0210150577982541
35	2628797.404	1104479.672	2860.93	2628797.404	1104479.672	2860.93	0.0	0.0
36	2628793.555	1104477.983	2860.044	2628793.808	1104477.784	2860.242	0.3779073960935638	0.0539867708705091
37	2628779.135	1104477.483	2858.045	2628779.135	1104477.483	2858.045	0.0	0.0
77	2628831.139	1104494.383	2873.423	2628831.139	1104494.383	2873.423	0.0	0.0
78	2628829.388	1104492.677	2872.272	2628829.388	1104492.677	2872.272	0.0	0.0
79	2628819.165	1104484.576	2865.481	2628819.165	1104484.576	2865.481	0.0	0.0
80	2628797.404	1104479.672	2860.93	2628797.404	1104479.672	2860.93	0.0	0.0
81	2628793.555	1104477.983	2860.044	2628793.555	1104477.983	2860.044	0.0	0.0
108	2628948.442	1104647.991	2848.028	2628948.442	1104647.991	2848.028	0.0	0.0
123	2628829.388	1104492.677	2872.272	2628829.388	1104492.677	2872.272	0.0	0.0
124	2628829.388	1104492.677	2872.272	2628829.388	1104492.677	2872.272	0.0	0.0
125	2628797.404	1104479.672	2860.93	2628797.404	1104479.672	2860.93	0.0	0.0
126	2628793.555	1104477.983	2860.044	2628793.555	1104477.983	2860.044	0.0	0.0
127	2628771.838	1104477.648	2857.498	2628771.838	1104477.648	2857.498	0.0	0.0
153	2628927.005	1104642.997	2843.42	2628927.105	1104643.475	2843.472	0.4911089493509607	0.0701584213358515
154	2628946.727	1104636.238	2852.764	2628946.727	1104636.238	2852.764	0.0	0.0
167	2628831.139	1104494.383	2873.423	2628831.139	1104494.383	2873.423	0.0	0.0
168	2628829.388	1104492.677	2872.272	2628829.388	1104492.677	2872.272	0.0	0.0
169	2628819.165	1104484.576	2865.481	2628819.165	1104484.576	2865.481	0.0	0.0
170	2628797.404	1104479.672	2860.93	2628797.404	1104479.672	2860.93	0.0	0.0
171	2628793.555	1104477.983	2860.044	2628793.808	1104477.784	2860.242	0.3779073960935638	0.0539867708705091
198	2628921.356	1104638.439	2843.15	2628920.28	1104638.27	2842.537	1.2498423903644975	0.1785489129092139
199	2628947.137	1104636.746	2853.113	2628947.137	1104636.746	2853.113	0.0	0.0
200	2628945.756	1104620.98	2855.557	2628945.756	1104620.98	2855.557	0.0	0.0
213	2628829.388	1104492.677	2872.272	2628829.388	1104492.677	2872.272	0.0	0.0
214	2628819.165	1104484.576	2865.481	2628819.165	1104484.576	2865.481	0.0	0.0
215	2628797.404	1104479.672	2860.93	2628797.404	1104479.672	2860.93	0.0	0.0
216	2628797.053	1104478.796	2860.862	2628797.053	1104478.796	2860.862	0.0	0.0
217	2628771.838	1104477.648	2857.498	2628771.838	1104477.648	2857.498	0.0	0.0
243	2628948.442	1104647.991	2848.028	2628948.442	1104647.991	2848.028	0.0	0.0
244	2628947.137	1104636.746	2853.113	2628947.137	1104636.746	2853.113	0.0	0.0
245	2628945.756	1104620.98	2855.557	2628945.756	1104620.98	2855.557	0.0	0.0
258	2628829.388	1104492.677	2872.272	2628829.388	1104492.677	2872.272	0.0	0.0
259	2628829.388	1104492.677	2872.272	2628829.388	1104492.677	2872.272	0.0	0.0
260	2628797.404	1104479.672	2860.93	2628797.404	1104479.672	2860.93	0.0	0.0
266	2628759.815	1104466.529	2856.688	2628759.878	1104466.568	2856.676	0.075059976022186	0.0107228537174551
288	2628948.442	1104647.991	2848.028	2628948.442	1104647.991	2848.028	0.0	0.0
289	2628947.137	1104636.746	2853.113	2628947.137	1104636.746	2853.113	0.0	0.0
290	2628945.756	1104620.98	2855.557	2628945.756	1104620.98	2855.557	0.0	0.0
303	2628829.388	1104492.677	2872.272	2628829.388	1104492.677	2872.272	0.0	0.0
304	2628819.183	1104484.722	2865.481	2628819.183	1104484.722	2865.481	0.0	0.0
305	2628797.404	1104479.672	2860.93	2628797.404	1104479.672	2860.93	0.0	0.0
306	2628792.002	1104479.129	2858.866	2628797.053	1104478.796	2860.862	5.441277974859077	0.7773254249798682
309	2628765.607	1104472.508	2856.498	2628765.399	1104472.47	2856.3	0.2896756804491631	0.0413822400641661
310	2628758.359	1104470.939	2853.308	2628758.359	1104470.939	2853.308	0.0	0.0
333	2628948.442	1104647.991	2848.028	2628948.442	1104647.991	2848.028	0.0	0.0
334	2628947.137	1104636.746	2853.113	2628947.137	1104636.746	2853.113	0.0	0.0
335	2628945.756	1104620.98	2855.557	2628945.756	1104620.98	2855.557	0.0	0.0
336	2628962.195	1104607.439	2869.093	2628962.195	1104607.439	2869.093	0.0	0.0
348	2628829.388	1104492.677	2872.272	2628829.388	1104492.677	2872.272	0.0	0.0
349	2628819.256	1104484.916	2865.519	2628819.256	1104484.916	2865.519	0.0	0.0
350	2628797.404	1104479.672	2860.93	2628797.404	1104479.672	2860.93	0.0	0.0
351	2628792.002	1104479.129	2858.866	2628792.002	1104479.129	2858.866	0.0	0.0
352	2628790.786	1104473.931	2863.284	2628790.786	1104473.931	2863.284	0.0	0.0
353	2628768.648	1104475.966	2854.617	2628768.648	1104475.966	2854.617	0.0	0.0
354	2628761.001	1104473.965	2851.285	2628760.885	1104473.895	2851.21	0.1548579997900769	0.0221225713985824
378	2628948.442	1104647.991	2848.028	2628920.966	1104638.032	2843.107	29.636607396751156	4.233801056678736
379	2628947.137	1104636.746	2853.113	2628947.137	1104636.746	2853.113	0.0	0.0
380	2628945.756	1104620.98	2855.557	2628945.756	1104620.98	2855.557	0.0	0.0
381	2628962.195	1104607.439	2869.093	2628962.195	1104607.439	2869.093	0.0	0.0
392	2628831.139	1104494.383	2873.423	2628831.139	1104494.383	2873.423	0.0	0.0
393	2628846.556	1104487.749	2876.895	2628846.556	1104487.749	2876.895	0.0	0.0
394	2628819.256	1104484.916	2865.519	2628819.256	1104484.916	2865.519	0.0	0.0
395	2628795.067	1104481.488	2858.851	2628795.067	1104481.488	2858.851	0.0	0.0
396	2628792.002	1104479.129	2858.866	2628792.002	1104479.129	2858.866	0.0	0.0
397	2628775.131	1104478.438	2853.914	2628775.131	1104478.438	2853.914	0.0	0.0
398	2628759.162	1104478.671	2847.584	2628759.144	1104478.525	2847.583	0.1471088034718982	0.0210155433531283
399	2628748.493	1104477.947	2843.495	2628747.935	1104478.072	2843.134	0.6762469960720112	0.096606713724573
423	2628921.356	1104638.439	2843.15	2628921.356	1104638.439	2843.15	0.0	0.0
424	2628947.137	1104636.746	2853.113	2628947.137	1104636.746	2853.113	0.0	0.0
425	2628943.47	1104621.771	2853.648	2628943.47	1104621.771	2853.648	0.0	0.0
426	2628962.195	1104607.439	2869.093	2628962.195	1104607.439	2869.093	0.0	0.0
427	2628960.527	1104599.45	2870.784	2628960.527	1104599.45	2870.784	0.0	0.0
437	2628815.357	1104497.758	2866.102	2628815.357	1104497.758	2866.102	0.0	0.0
438	2628838.947	1104488.508	2873.473	2628839.186	1104488.379	2873.672	0.3366942233206053	0.0480991747600864
439	2628819.256	1104484.916	2865.519	2628819.256	1104484.916	2865.519	0.0	0.0
440	2628826.14	1104477.751	2868.108	2628826.156	1104477.767	2868.267	0.1606019925043655	0.0229431417863379
441	2628774.182	1104483.353	2850.078	2628780.634	1104481.862	2852.273	6.976346465048332	0.9966209235783332
442	2628766.217	1104480.914	2847.071	2628766.217	1104480.914	2847.071	0.0	0.0
443	2628753.372	1104480.31	2842.514	2628753.372	1104480.31	2842.514	0.0	0.0
444	2628733.751	1104482.682	2835.629	2628733.662	1104482.636	2835.627	0.1002047904813558	0.0143149700687651
468	2628948.442	1104647.991	2848.028	2628948.442	1104647.991	2848.028	0.0	0.0
469	2628946.727	1104636.238	2852.764	2628946.727	1104636.238	2852.764	0.0	0.0
470	2628943.47	1104621.771	2853.648	2628945.756	1104620.98	2855.557	3.081518781258725	0.4402169687512464
471	2628962.195	1104607.439	2869.093	2628962.195	1104607.439	2869.093	0.0	0.0
472	2628960.795	1104600.057	2870.582	2628960.795	1104600.057	2870.582	0.0	0.0
473	2628955.722	1104586.533	2873.485	2628955.722	1104586.533	2873.485	0.0	0.0
483	2628799.54	1104494.075	2855.315	2628799.264	1104493.946	2855.225	0.3176743616158599	0.0453820516594085
484	2628784.566	1104490.645	2850.27	2628784.562	1104490.706	2850.258	0.0622976725081549	0.0088996675011649
485	2628777.921	1104487.354	2847.877	2628777.898	1104487.365	2847.767	0.1129158979097853	0.0161308425585407
486	2628766.975	1104485.107	2844.086	2628766.954	1104484.961	2844.232	0.2075403576681467	0.0296486225240209
487	2628755.949	1104483.506	2840.308	2628755.912	1104483.456	2840.296	0.0633482439021614	0.0090497491288802
488	2628738.656	1104484.516	2834.61	2628738.566	1104484.47	2834.597	0.1019068200926771	0.0145581171560967
489	2628723.123	1104486.134	2829.78	2628723.123	1104486.134	2829.78	0.0	0.0
513	2628948.442	1104647.991	2848.028	2628948.442	1104647.991	2848.028	0.0	0.0
514	2628947.137	1104636.746	2853.113	2628946.727	1104636.238	2852.764	0.7402465807225909	0.1057495115317986
515	2628945.756	1104620.98	2855.557	2628945.756	1104620.98	2855.557	0.0	0.0
516	2628962.195	1104607.439	2869.093	2628962.195	1104607.439	2869.093	0.0	0.0
517	2628960.795	1104600.057	2870.582	2628960.795	1104600.057	2870.582	0.0	0.0
518	2628955.722	1104586.533	2873.485	2628955.722	1104586.533	2873.485	0.0	0.0
523	2628868.43	1104525.191	2874.203	2628868.43	1104525.191	2874.203	0.0	0.0
527	2628794.668	1104500.138	2850.135	2628794.668	1104500.138	2850.135	0.0	0.0
528	2628785.263	1104495.9	2846.823	2628785.269	1104495.89	2846.958	0.1355027675026272	0.019357538214661
529	2628776.377	1104492.396	2843.887	2628776.377	1104492.396	2843.887	0.0	0.0
530	2628769.789	1104488.59	2841.762	2628770.962	1104488.987	2842.12	1.289070207471856	0.1841528867816937
531	2628757.832	1104487.129	2837.838	2628757.832	1104487.129	2837.838	0.0	0.0
532	2628737.572	1104488.398	2831.882	2628737.572	1104488.398	2831.882	0.0	0.0
533	2628728.385	1104487.536	2828.997	2628728.421	1104487.439	2829.071	0.1272045598064373	0.0181720799723481
558	2628920.966	1104638.032	2843.107	2628948.442	1104647.991	2848.028	29.636607396751156	4.233801056678736
559	2628947.137	1104636.746	2853.113	2628947.137	1104636.746	2853.113	0.0	0.0
560	2628943.47	1104621.771	2853.648	2628945.756	1104620.98	2855.557	3.081518781258725	0.4402169687512464
561	2628962.195	1104607.439	2869.093	2628962.195	1104607.439	2869.093	0.0	0.0
566	2628883.119	1104543.74	2873.015	2628883.315	1104543.96	2873.092	0.3045406376598712	0.0435058053799816
567	2628865.558	1104533.514	2867.882	2628865.479	1104533.657	2868.028	0.2191027157237632	0.0313003879605376
571	2628789.782	1104506.202	2844.674	2628789.721	1104506.147	2844.477	0.2134361731752359	0.0304908818821765
572	2628782.266	1104501.499	2842.18	2628782.266	1104501.499	2842.18	0.0	0.0
573	2628774.232	1104497.625	2839.767	2628774.232	1104497.625	2839.767	0.0	0.0
574	2628766.946	1104493.987	2837.621	2628767.004	1104494.087	2837.634	0.116331423274605	0.016618774753515
575	2628756.588	1104491.646	2834.657	2628756.588	1104491.646	2834.657	0.0	0.0
576	2628741.168	1104490.883	2830.298	2628741.168	1104490.883	2830.298	0.0	0.0
577	2628729.19	1104490.512	2826.865	2628729.19	1104490.512	2826.865	0.0	0.0
603	2628920.966	1104638.032	2843.107	2628921.356	1104638.439	2843.15	0.565329992306953	0.0807614274724218
604	2628947.137	1104636.746	2853.113	2628947.137	1104636.746	2853.113	0.0	0.0
605	2628945.756	1104620.98	2855.557	2628945.756	1104620.98	2855.557	0.0	0.0
606	2628962.195	1104607.439	2869.093	2628962.195	1104607.439	2869.093	0.0	0.0
607	2628960.975	1104600.087	2870.877	2628960.975	1104600.087	2870.877	0.0	0.0
610	2628876.19	1104552.329	2865.176	2628875.901	1104552.107	2864.915	0.448247699216816	0.0640353856024023
611	2628871.259	1104542.751	2863.314	2628871.011	1104542.517	2863.2	0.3595219048119423	0.0513602721159917
615	2628789.04	1104511.849	2840.708	2628789.107	1104511.94	2840.611	0.1489261561203888	0.0212751651600555
616	2628779.319	1104507.145	2837.929	2628779.347	1104507.056	2837.978	0.1053850083360346	0.015055001190862
617	2628770.147	1104502.759	2835.206	2628770.147	1104502.759	2835.206	0.0	0.0
618	2628765.5	1104498.727	2833.815	2628765.5	1104498.727	2833.815	0.0	0.0
619	2628753.386	1104496.096	2830.667	2628753.386	1104496.096	2830.667	0.0	0.0
620	2628740.945	1104494.464	2827.739	2628741.183	1104494.543	2827.815	0.2620324411111501	0.0374332058730214
621	2628731.802	1104493.158	2825.171	2628731.802	1104493.158	2825.171	0.0	0.0
648	2628948.442	1104647.991	2848.028	2628948.442	1104647.991	2848.028	0.0	0.0
649	2628946.727	1104636.238	2852.764	2628946.727	1104636.238	2852.764	0.0	0.0
650	2628945.756	1104620.98	2855.557	2628945.756	1104620.98	2855.557	0.0	0.0
651	2628962.195	1104607.439	2869.093	2628962.195	1104607.439	2869.093	0.0	0.0
652	2628960.795	1104600.057	2870.582	2628960.795	1104600.057	2870.582	0.0	0.0
653	2628955.722	1104586.533	2873.485	2628955.722	1104586.533	2873.485	0.0	0.0
656	2628858.89	1104541.511	2853.519	2628858.89	1104541.511	2853.519	0.0	0.0
660	2628777.472	1104512.407	2833.715	2628777.472	1104512.407	2833.715	0.0	0.0
661	2628768.591	1104507.68	2831.472	2628768.571	1104507.629	2831.472	0.0547813836852007	0.0078259119550286
662	2628763.898	1104503.364	2830.177	2628763.898	1104503.364	2830.177	0.0	0.0
663	2628753.42	1104500.45	2827.612	2628753.541	1104500.476	2827.724	0.1669161468235203	0.0238451638319314
664	2628741.222	1104498.317	2824.771	2628741.382	1104498.393	2824.81	0.1813753015989537	0.0259107573712791
665	2628732.189	1104496.283	2822.704	2628732.452	1104496.239	2822.83	0.2949254145382001	0.0421322020768857
666	2628719.545	1104496.015	2819.74	2628719.606	1104496.036	2819.765	0.0691881495234974	0.0098840213604996
667	2628703.61	1104497.083	2816.345	2628703.696	1104497.094	2816.407	0.106587991915215	0.0152268559878878
668	2628700.383	1104495.646	2815.529	2628700.337	1104495.606	2815.528	0.0609672043906072	0.0087096006272296
693	2628948.442	1104647.991	2848.028	2628948.442	1104647.991	2848.028	0.0	0.0
694	2628946.727	1104636.238	2852.764	2628946.727	1104636.238	2852.764	0.0	0.0
695	2628943.47	1104621.771	2853.648	2628945.756	1104620.98	2855.557	3.081518781258725	0.4402169687512464
696	2628962.272	1104607.842	2868.606	2628962.272	1104607.842	2868.606	0.0	0.0
697	2628960.696	1104600.861	2870.277	2628960.738	1104601.239	2870.291	0.3805837621487138	0.0543691088783876
698	2628880.695	1104572.32	2852.947	2628880.695	1104572.32	2852.947	0.0	0.0
704	2628778.826	1104517.635	2830.142	2628781.014	1104517.575	2830.61	2.238295780357374	0.3197565400510535
705	2628769.154	1104512.623	2828.059	2628769.273	1104512.615	2828.195	0.1808894689754147	0.0258413527107735
706	2628761.251	1104508.22	2826.196	2628761.456	1104508.318	2826.248	0.2330944011324063	0.0332992001617723
707	2628753.453	1104504.657	2824.508	2628753.631	1104504.619	2824.645	0.2278091304988272	0.0325441614998324
708	2628741.748	1104502.1	2822.234	2628741.748	1104502.1	2822.234	0.0	0.0
709	2628732.684	1104499.894	2820.289	2628732.96	1104499.893	2820.415	0.3034023731603552	0.043343196165765
710	2628725.32	1104497.783	2818.623	2628725.289	1104497.819	2818.586	0.0602162767570503	0.0086023252510071
711	2628701.2	1104500.116	2814.061	2628701.016	1104500.051	2813.899	0.2536237373047476	0.0362319624721068
712	2628701.245	1104497.75	2813.872	2628701.241	1104497.699	2813.92	0.0701498396239224	0.0100214056605603
738	2628948.442	1104647.991	2848.028	2628948.442	1104647.991	2848.028	0.0	0.0
739	2628946.727	1104636.238	2852.764	2628946.727	1104636.238	2852.764	0.0	0.0
740	2628945.756	1104620.98	2855.557	2628945.756	1104620.98	2855.557	0.0	0.0
741	2628950.714	1104610.976	2859.982	2628950.714	1104610.976	2859.982	0.0	0.0
742	2628880.502	1104581.349	2846.542	2628880.502	1104581.349	2846.542	0.0	0.0
748	2628782.058	1104522.972	2827.144	2628781.792	1104522.981	2827.006	0.299801601319542	0.042828800188506
749	2628768.533	1104517.533	2824.288	2628768.533	1104517.533	2824.288	0.0	0.0
750	2628760.1	1104512.93	2822.821	2628760.121	1104512.964	2822.724	0.1049094847334958	0.0149870692476422
751	2628751.151	1104509.072	2820.995	2628751.151	1104509.072	2820.995	0.0	0.0
752	2628742.017	1104505.753	2819.437	2628742.367	1104505.816	2819.503	0.361697387432579	0.0516710553475112
753	2628733.017	1104503.101	2817.687	2628733.154	1104503.092	2817.75	0.1510595909897859	0.0215799415699694
754	2628728.245	1104500.521	2816.701	2628728.245	1104500.521	2816.701	0.0	0.0
755	2628701.364	1104502.483	2812.212	2628701.364	1104502.483	2812.212	0.0	0.0
756	2628699.697	1104500.388	2811.842	2628699.613	1104500.411	2811.792	0.1004241009245779	0.0143463001320825
757	2628694.967	1104499.371	2810.947	2628699.324	1104498.24	2811.673	4.559570812999187	0.6513672589998839
783	2628948.442	1104647.991	2848.028	2628948.442	1104647.991	2848.028	0.0	0.0
784	2628946.055	1104635.362	2851.36	2628946.055	1104635.362	2851.36	0.0	0.0
785	2628925.149	1104615.342	2846.425	2628935.839	1104618.481	2849.909	11.673374704796991	1.667624957828142
786	2628922.237	1104602.561	2846.059	2628922.237	1104602.561	2846.059	0.0	0.0
793	2628769.606	1104522.503	2821.016	2628769.605	1104522.503	2821.077	0.0610081961735144	0.0087154565962163
794	2628759.087	1104517.58	2819.24	2628762.179	1104517.564	2819.696	3.1254849225532784	0.4464978460790397
795	2628751.683	1104513.375	2817.983	2628751.683	1104513.375	2817.983	0.0	0.0
796	2628741.336	1104509.756	2816.347	2628741.732	1104509.86	2816.377	0.4105264909676508	0.0586466415668072
797	2628734.536	1104506.601	2815.26	2628734.574	1104506.651	2815.261	0.0628092351327641	0.0089727478761091
798	2628729.766	1104503.57	2814.456	2628729.766	1104503.57	2814.456	0.0	0.0
799	2628707.578	1104503.97	2811.222	2628703.321	1104504.67	2810.63	4.35459676684013	0.6220852524057329
800	2628699.883	1104502.823	2810.006	2628699.883	1104502.823	2810.006	0.0	0.0
828	2628888.258	1104625.393	2834.824	2628888.258	1104625.393	2834.824	0.0	0.0
837	2628769.656	1104527.628	2817.328	2628769.656	1104527.628	2817.328	0.0	0.0
838	2628759.544	1104522.253	2815.959	2628759.544	1104522.253	2815.959	0.0	0.0
839	2628752.8	1104517.622	2814.991	2628752.8	1104517.622	2814.991	0.0	0.0
840	2628740.675	1104513.567	2813.392	2628740.675	1104513.567	2813.392	0.0	0.0
841	2628733.842	1104510.319	2812.353	2628733.881	1104510.273	2812.402	0.0777045685717603	0.0111006526531086
842	2628730.026	1104507.137	2811.928	2628730.11	1104507.227	2811.966	0.1288409870320113	0.0184058552902873
843	2628725.36	1104504.246	2811.187	2628725.512	1104504.314	2811.177	0.1668172654951786	0.0238310379278826
845	2628699.129	1104503.053	2807.907	2628699.135	1104503.027	2807.956	0.0557942649267499	0.0079706092752499
846	2628698.557	1104500.815	2807.821	2628698.557	1104500.815	2807.821	0.0	0.0
881	2628769.779	1104533.157	2813.337	2628769.779	1104533.157	2813.337	0.0	0.0
882	2628761.386	1104527.181	2812.575	2628761.337	1104527.089	2812.489	0.1351332677181392	0.0193047525311627
883	2628753.894	1104522.174	2811.951	2628753.894	1104522.174	2811.951	0.0	0.0
884	2628739.023	1104517.791	2810.119	2628739.01	1104517.731	2810.143	0.0659166140944288	0.0094166591563469
885	2628732.109	1104514.166	2809.42	2628732.109	1104514.166	2809.42	0.0	0.0
886	2628729.038	1104510.501	2809.223	2628729.038	1104510.501	2809.223	0.0	0.0
887	2628724.551	1104507.46	2808.557	2628724.651	1104507.548	2808.62	0.1473533169517141	0.0210504738502448
891	2628694.564	1104501.667	2805.669	2628694.564	1104501.667	2805.669	0.0	0.0
925	2628766.329	1104537.407	2809.429	2628766.451	1104537.778	2809.921	0.628163195376141	0.0897375993394487
926	2628760.897	1104532.013	2808.867	2628761.01	1104532.048	2808.991	0.1713767778040785	0.024482396829154
927	2628752.77	1104526.677	2808.172	2628752.826	1104526.629	2808.258	0.1132960722191795	0.0161851531741685
928	2628738.85	1104521.916	2807.171	2628738.85	1104521.916	2807.171	0.0	0.0
929	2628733.45	1104517.817	2806.771	2628733.45	1104517.817	2806.771	0.0	0.0
930	2628727.201	1104514.191	2806.203	2628727.201	1104514.191	2806.203	0.0	0.0
931	2628724.712	1104510.972	2806.076	2628724.762	1104511.064	2806.077	0.1047138960119477	0.0149591280017068
932	2628706.815	1104509.48	2804.799	2628706.723	1104509.529	2804.749	0.1156070930287398	0.0165152990041056
934	2628698.045	1104505.579	2804.21	2628698.045	1104505.579	2804.21	0.0	0.0
960	2628844.988	1104635.655	2810.175	2628844.992	1104635.853	2810.151	0.1994893479499047	0.0284984782785578
969	2628765.381	1104542.904	2805.118	2628765.465	1104542.898	2805.278	0.1808092917047778	0.0258298988149682
970	2628758.973	1104536.871	2805.165	2628759.134	1104536.964	2805.265	0.2111160816421494	0.0301594402345927
971	2628751.664	1104531.037	2804.931	2628751.691	1104531.191	2804.944	0.1568884955709101	0.0224126422244157
972	2628739.498	1104525.916	2804.379	2628739.498	1104525.916	2804.379	0.0	0.0
973	2628732.117	1104521.43	2803.88	2628732.29	1104521.453	2803.992	0.2073692358700246	0.0296241765528606
974	2628727.07	1104517.853	2803.608	2628727.07	1104517.853	2803.608	0.0	0.0
975	2628723.187	1104514.337	2803.414	2628723.187	1104514.337	2803.414	0.0	0.0
976	2628721.18	1104511.233	2803.416	2628721.18	1104511.233	2803.416	0.0	0.0
977	2628704.616	1104509.711	2802.596	2628715.723	1104508.61	2802.958	11.167304688527542	1.5953292412182205
1004	2628837.761	1104641.084	2803.057	2628838.057	1104641.15	2803.293	0.3842759425681133	0.0548965632240162
1014	2628758.241	1104541.555	2801.416	2628758.372	1104541.702	2801.455	0.2007261817677263	0.0286751688239609
1015	2628751.979	1104535.764	2801.429	2628751.979	1104535.764	2801.429	0.0	0.0
1016	2628736.775	1104529.527	2801.201	2628736.781	1104529.631	2801.213	0.1048618138842284	0.0149802591263183
1017	2628732.493	1104525.405	2801.207	2628732.531	1104525.455	2801.22	0.0641326751193279	0.0091618107313325
1018	2628727.1	1104521.185	2800.978	2628726.179	1104521.107	2800.868	0.9308195314675768	0.1329742187810824
1019	2628721.83	1104517.657	2800.827	2628721.85	1104517.69	2800.778	0.062369864552944	0.0089099806504205
1020	2628719.411	1104514.094	2800.944	2628719.521	1104514.078	2801.019	0.1340932514174386	0.0191561787739198
1021	2628714.516	1104511.754	2800.581	2628714.556	1104511.708	2800.63	0.0782112523220483	0.0111730360460069
1048	2628830.426	1104646.621	2796.878	2628830.426	1104646.621	2796.878	0.0	0.0
1058	2628757.883	1104546.551	2797.845	2628757.888	1104546.49	2797.845	0.0612045749702725	0.0087435107100389
1059	2628753.127	1104540.764	2797.901	2628753.193	1104540.855	2797.939	0.1186633895393741	0.0169519127913391
1060	2628731.119	1104532.96	2798.228	2628731.104	1104532.865	2798.239	0.096803925533019	0.0138291322190027
1061	2628730.529	1104529.034	2798.283	2628730.529	1104529.034	2798.283	0.0	0.0
1062	2628726.766	1104524.878	2798.198	2628726.789	1104524.963	2798.198	0.0880567998267218	0.0125795428323888
1063	2628723.4	1104521.136	2798.327	2628723.4	1104521.136	2798.327	0.0	0.0
1064	2628718.643	1104517.912	2798.207	2628718.643	1104517.912	2798.207	0.0	0.0
1065	2628707.611	1104515.007	2798.312	2628707.611	1104515.007	2798.312	0.0	0.0
1066	2628706.3	1104512.22	2798.409	2628706.271	1104512.178	2798.433	0.0564003543442327	0.0080571934777475
1102	2628756.603	1104551.6	2794.225	2628756.55	1104551.569	2794.138	0.1064847408987465	0.015212105842678
1103	2628750.797	1104544.748	2794.338	2628750.944	1104544.634	2794.437	0.2107273120938598	0.0301039017276942
1104	2628743.886	1104538.929	2794.831	2628731.117	1104536.779	2795.269	12.956145452868649	1.8508779218383784
1105	2628728.391	1104532.623	2795.319	2628728.391	1104532.623	2795.319	0.0	0.0
1106	2628725.47	1104528.444	2795.551	2628725.543	1104528.638	2795.601	0.2132252331019598	0.0304607475859942
1107	2628722.141	1104524.735	2795.656	2628722.141	1104524.735	2795.656	0.0	0.0
1108	2628718.697	1104521.119	2795.748	2628718.724	1104521.144	2795.785	0.0521823724498836	0.0074546246356976
1147	2628747.723	1104549.188	2791.059	2628747.887	1104549.315	2791.111	0.2138434004672858	0.0305490572096122
1148	2628728.717	1104540.384	2792.485	2628728.606	1104540.288	2792.508	0.1485462891947671	0.0212208984563953
1149	2628727.738	1104536.346	2792.608	2628727.848	1104536.329	2792.683	0.1342162437020204	0.0191737491002886
1150	2628724.111	1104531.954	2792.83	2628724.111	1104531.954	2792.83	0.0	0.0
1151	2628721.36	1104528.12	2793.077	2628721.36	1104528.12	2793.077	0.0	0.0
1152	2628717.764	1104524.47	2793.35	2628717.783	1104524.504	2793.387	0.0537215040136184	0.007674500573374
1153	2628711.084	1104520.93	2793.705	2628711.062	1104520.975	2793.68	0.0559821400895729	0.0079974485842247
1155	2628704.459	1104515.23	2794.202	2628704.669	1104515.268	2794.229	0.2151115993514086	0.0307302284787726
1180	2628807.844	1104657.777	2780.214	2628807.944	1104657.882	2780.362	0.2071931466404133	0.0295990209486304
1191	2628747.774	1104554.235	2787.53	2628746.798	1104553.884	2787.602	1.0396927433230942	0.148527534760442
1192	2628744.075	1104548.272	2787.966	2628744.152	1104548.275	2788.077	0.1351258670076872	0.0193036952868124
1193	2628725.277	1104539.687	2789.811	2628725.277	1104539.687	2789.811	0.0	0.0
1194	2628722.737	1104535.551	2790.329	2628722.737	1104535.551	2790.329	0.0	0.0
1195	2628719.652	1104531.358	2790.509	2628719.652	1104531.358	2790.509	0.0	0.0
1196	2628715.924	1104527.561	2790.866	2628715.924	1104527.561	2790.866	0.0	0.0
1197	2628712.399	1104524.089	2791.287	2628712.399	1104524.089	2791.287	0.0	0.0
1198	2628708.982	1104520.921	2791.588	2628708.982	1104520.921	2791.588	0.0	0.0
1199	2628704.496	1104517.971	2791.986	2628704.741	1104518.007	2791.952	0.2499539958882529	0.0357077136983218
1200	2628700.013	1104515.332	2792.397	2628700.404	1104515.367	2792.463	0.3980728579551812	0.0568675511364544
1224	2628801.719	1104662.017	2775.562	2628801.874	1104662.023	2775.674	0.1913243317958476	0.0273320473994068
1225	2628803.18	1104654.319	2775.72	2628803.18	1104654.319	2775.72	0.0	0.0
1235	2628746.668	1104558.544	2784.02	2628746.668	1104558.544	2784.02	0.0	0.0
1236	2628741.524	1104552.278	2784.889	2628741.524	1104552.278	2784.889	0.0	0.0
1237	2628724.538	1104543.399	2787.013	2628724.538	1104543.399	2787.013	0.0	0.0
1238	2628720.376	1104538.704	2787.533	2628720.391	1104538.685	2787.63	0.0999749967965044	0.0142821423995006
1239	2628717.922	1104534.693	2788.064	2628717.922	1104534.693	2788.064	0.0	0.0
1240	2628715.234	1104530.897	2788.336	2628715.427	1104530.936	2788.388	0.2036516633338182	0.029093094761974
1241	2628711.574	1104527.112	2788.901	2628711.528	1104527.072	2788.901	0.0609590027084242	0.0087084289583463
1242	2628708.194	1104523.881	2789.337	2628708.152	1104523.893	2789.312	0.0503289184027095	0.0071898454861013
1243	2628704.946	1104520.78	2789.69	2628704.946	1104520.78	2789.69	0.0	0.0
1244	2628700.284	1104517.953	2790.293	2628700.201	1104517.994	2790.219	0.1185158217881074	0.0169308316840153
1245	2628673.84	1104516.241	2793.401	2628673.84	1104516.241	2793.401	0.0	0.0
1268	2628795.302	1104664.882	2771.026	2628795.302	1104664.882	2771.026	0.0	0.0
1269	2628795.797	1104656.931	2770.302	2628795.797	1104656.931	2770.302	0.0	0.0
1270	2628798.144	1104650.448	2770.462	2628797.955	1104650.218	2770.483	0.2984325717953022	0.042633224542186
1279	2628746.319	1104563.289	2780.46	2628746.194	1104563.211	2780.385	0.1653299731842293	0.023618567597747
1280	2628740.953	1104556.586	2781.484	2628740.953	1104556.586	2781.484	0.0	0.0
1281	2628722.547	1104546.795	2784.357	2628722.547	1104546.795	2784.357	0.0	0.0
1282	2628719.235	1104542.164	2785.046	2628719.235	1104542.164	2785.046	0.0	0.0
1283	2628716.141	1104537.884	2785.532	2628716.141	1104537.884	2785.532	0.0	0.0
1284	2628713.941	1104534.046	2785.969	2628713.941	1104534.046	2785.969	0.0	0.0
1285	2628711.178	1104530.462	2786.461	2628711.116	1104530.423	2786.424	0.0820609529441649	0.0117229932777378
1286	2628707.361	1104526.705	2787.244	2628707.361	1104526.705	2787.244	0.0	0.0
1287	2628704.502	1104523.621	2787.651	2628704.451	1104523.625	2787.638	0.0527825728567234	0.0075403675509604
1288	2628700.432	1104520.599	2788.335	2628700.355	1104520.596	2788.285	0.0918585870108651	0.0131226552872664
1289	2628696.672	1104518.042	2788.841	2628696.672	1104518.042	2788.841	0.0	0.0
1290	2628690.249	1104515.738	2789.753	2628691.225	1104515.812	2789.668	0.9824851146480876	0.1403550163782982
1312	2628789.565	1104668.308	2766.304	2628789.362	1104668.097	2766.204	0.3094026500408972	0.044200378577271
1313	2628789.301	1104660.251	2766.133	2628789.336	1104660.118	2766.145	0.1380507152739296	0.0197215307534185
1314	2628792.015	1104653.942	2766.285	2628792.038	1104654.157	2766.274	0.2165063508028821	0.030929478686126
1315	2628790.946	1104645.07	2766.614	2628790.946	1104645.07	2766.614	0.0	0.0
1323	2628742.136	1104566.891	2777.69	2628742.166	1104566.95	2777.678	0.0672681202569417	0.0096097314652773
1324	2628727.158	1104556.301	2780.447	2628727.158	1104556.301	2780.447	0.0	0.0
1325	2628720.776	1104550.141	2781.801	2628720.776	1104550.141	2781.801	0.0	0.0
1326	2628718.011	1104545.518	2782.486	2628718.011	1104545.518	2782.486	0.0	0.0
1327	2628715.436	1104541.125	2783.014	2628715.436	1104541.125	2783.014	0.0	0.0
1328	2628712.891	1104537.18	2783.52	2628712.973	1104537.123	2783.582	0.1175457360748027	0.0167922480106861
1329	2628710.317	1104533.471	2784.112	2628710.418	1104533.559	2784.114	0.1339738782373487	0.0191391254624783
1330	2628706.51	1104529.721	2784.871	2628706.51	1104529.721	2784.871	0.0	0.0
1331	2628703.432	1104526.496	2785.433	2628703.47	1104526.545	2785.433	0.0620080640062787	0.0088582948580398
1332	2628701.149	1104523.399	2786.116	2628701.149	1104523.399	2786.116	0.0	0.0
1333	2628697.327	1104520.56	2786.62	2628697.423	1104520.58	2786.646	0.101449494735872	0.0144927849622674
1356	2628783.591	1104671.092	2761.92	2628783.591	1104671.092	2761.92	0.0	0.0
1357	2628784.51	1104663.569	2762.046	2628784.51	1104663.569	2762.046	0.0	0.0
1358	2628785.528	1104656.62	2762.139	2628785.528	1104656.62	2762.139	0.0	0.0
1368	2628734.443	1104563.435	2775.796	2628734.503	1104563.439	2775.833	0.070604532477612	0.010086361782516
1369	2628717.397	1104552.684	2779.625	2628717.397	1104552.684	2779.625	0.0	0.0
1370	2628717.496	1104548.955	2779.665	2628717.427	1104549.106	2779.763	0.1927848539312626	0.0275406934187518
1371	2628713.868	1104544.406	2780.534	2628713.89	1104544.361	2780.559	0.0559821400854139	0.0079974485836305
1372	2628712.182	1104540.386	2781.112	2628712.219	1104540.289	2781.149	0.1102134291665598	0.0157447755952228
1373	2628709.596	1104536.634	2781.777	2628709.699	1104536.627	2781.864	0.1350074072942685	0.0192867724706098
1374	2628705.866	1104532.482	2782.536	2628705.921	1104532.53	2782.537	0.0730068490882226	0.0104295498697461
1375	2628702.725	1104529.138	2783.378	2628702.725	1104529.138	2783.378	0.0	0.0
1376	2628700.006	1104526.096	2783.896	2628700.063	1104526.049	2783.897	0.0738850457361762	0.0105550065337394
1377	2628697.705	1104523.26	2784.616	2628697.717	1104523.303	2784.592	0.0506853036682661	0.0072407576668951
1378	2628692.065	1104520.41	2785.769	2628692.06	1104520.471	2785.744	0.0661135386836427	0.0094447912405203
1379	2628685.446	1104518.117	2787.081	2628685.446	1104518.117	2787.081	0.0	0.0
1399	2628777.755	1104681.319	2757.546	2628777.755	1104681.319	2757.546	0.0	0.0
1400	2628778.022	1104673.535	2757.907	2628777.966	1104673.73	2757.895	0.2032363156781013	0.0290337593825859
1401	2628778.193	1104665.975	2758.133	2628778.193	1104665.975	2758.133	0.0	0.0
1402	2628778.694	1104658.558	2758.364	2628778.812	1104658.532	2758.463	0.1562081942560008	0.0223154563222858
1412	2628734.328	1104567.851	2772.532	2628734.342	1104567.816	2772.568	0.0521248500544422	0.0074464071506346
1413	2628718.08	1104556.648	2776.614	2628718.156	1104556.747	2776.603	0.1252916596124066	0.017898808516058
1414	2628715.17	1104551.948	2777.382	2628715.17	1104551.948	2777.382	0.0	0.0
1415	2628712.212	1104547.336	2778.321	2628712.203	1104547.311	2778.247	0.0786256954715179	0.0112322422102168
1416	2628710.174	1104543.349	2778.907	2628710.174	1104543.349	2778.907	0.0	0.0
1417	2628708.202	1104539.419	2779.396	2628707.919	1104539.334	2779.367	0.2969090768104911	0.0424155824014987
1418	2628705.988	1104535.719	2780.298	2628706.087	1104535.66	2780.36	0.1308663440337327	0.0186951920048189
1419	2628702.178	1104531.935	2781.056	2628702.272	1104531.92	2781.07	0.0962133047536509	0.0137447578219501
1420	2628699.205	1104528.788	2781.987	2628699.152	1104528.774	2781.974	0.0563382643630363	0.0080483234804337
1421	2628697.267	1104525.893	2782.479	2628697.245	1104525.956	2782.418	0.0904101764462608	0.0129157394923229
1422	2628692.175	1104522.746	2783.858	2628692.302	1104522.825	2783.835	0.1513241556036171	0.0216177365148024
1443	2628774.711	1104686.132	2753.254	2628774.731	1104686.329	2753.353	0.2213820226941549	0.0316260032420221
1444	2628774.5	1104677.654	2753.498	2628774.555	1104677.866	2753.694	0.2939132524133071	0.0419876074876153
1445	2628774.622	1104670.295	2753.882	2628774.742	1104670.434	2754.019	0.2291069619575618	0.0327295659939374
1446	2628772.405	1104660.796	2754.781	2628772.405	1104660.796	2754.781	0.0	0.0
1456	2628738.708	1104575.056	2767.989	2628738.81	1104575.049	2768.052	0.1200916316429193	0.0171559473775599
1457	2628717.374	1104560.34	2773.841	2628717.374	1104560.34	2773.841	0.0	0.0
1458	2628715.216	1104555.763	2774.668	2628715.104	1104555.632	2774.642	0.1743014631548064	0.0249002090221152
1459	2628711.527	1104550.498	2775.852	2628711.527	1104550.498	2775.852	0.0	0.0
1460	2628708.705	1104546.216	2776.684	2628708.705	1104546.216	2776.684	0.0	0.0
1461	2628707.185	1104542.341	2777.289	2628707.183	1104542.437	2777.252	0.1029028667281499	0.0147004095325928
1462	2628705.101	1104538.608	2778.033	2628705.101	1104538.608	2778.033	0.0	0.0
1463	2628701.806	1104534.902	2778.885	2628701.806	1104534.902	2778.885	0.0	0.0
1464	2628699.104	1104531.554	2779.854	2628698.909	1104531.481	2779.864	0.2084562302929583	0.0297794614704226
1465	2628696.831	1104528.483	2780.55	2628696.831	1104528.483	2780.55	0.0	0.0
1466	2628692.513	1104525.363	2781.817	2628692.639	1104525.424	2781.782	0.1442983023743192	0.0206140431963313
1467	2628685.376	1104522.297	2783.804	2628685.259	1104522.227	2783.852	0.144544111015132	0.0206491587164474
1468	2628681.536	1104520.159	2784.677	2628681.506	1104520.101	2784.701	0.0695701084027021	0.0099385869146717
1487	2628773.411	1104693.162	2747.88	2628773.463	1104693.306	2747.93	0.1610589955261978	0.0230084279323139
1488	2628770.377	1104681.542	2749.507	2628770.429	1104681.556	2749.618	0.1233734169919734	0.0176247738559962
1489	2628771.287	1104674.418	2749.695	2628771.329	1104674.406	2749.769	0.0859302042008359	0.0122757434572622
1490	2628766.227	1104661.952	2751.734	2628766.227	1104661.952	2751.734	0.0	0.0
1500	2628736.92	1104578.787	2764.738	2628736.87	1104578.695	2764.761	0.1072054101780354	0.0153150585968622
1501	2628733.064	1104572.112	2766.282	2628715.586	1104563.592	2771.456	20.12066499865764	2.874380714093949
1502	2628713.749	1104558.743	2772.201	2628713.59	1104558.571	2772.223	0.2352636818599649	0.0336090974085664
1503	2628710.404	1104553.827	2773.354	2628710.404	1104553.827	2773.354	0.0	0.0
1504	2628706.575	1104548.814	2774.61	2628706.517	1104548.714	2774.597	0.116331423274605	0.016618774753515
1505	2628705.177	1104545.113	2775.364	2628705.177	1104545.113	2775.364	0.0	0.0
1506	2628703.821	1104541.461	2775.837	2628703.821	1104541.461	2775.837	0.0	0.0
1507	2628701.702	1104537.86	2776.631	2628701.75	1104537.804	2776.692	0.0957131130327798	0.0136733018618256
1508	2628698.323	1104534.358	2777.689	2628698.336	1104534.418	2777.653	0.0711688134907661	0.0101669733558237
1509	2628696.178	1104531.026	2778.495	2628696.267	1104531.072	2778.533	0.1071494284352138	0.0153070612050305
1510	2628693.195	1104527.922	2779.682	2628693.074	1104527.913	2779.643	0.1274480284485087	0.0182068612069298
1511	2628684.777	1104524.516	2781.957	2628684.777	1104524.516	2781.957	0.0	0.0
1512	2628681.522	1104521.984	2783.057	2628681.522	1104521.984	2783.057	0.0	0.0
1531	2628768.801	1104695.862	2744.014	2628768.833	1104695.842	2744.125	0.1172390720220243	0.0167484388602891
1532	2628767.072	1104685.61	2745.479	2628767.072	1104685.61	2745.479	0.0	0.0
1533	2628766.923	1104677.724	2746.018	2628766.995	1104677.788	2746.105	0.1298036980395167	0.0185433854342166
1534	2628766.513	1104669.482	2746.809	2628766.646	1104669.906	2746.738	0.450006666619081	0.0642866666598687
1535	2628765.637	1104661.518	2746.25	2628765.435	1104661.307	2746.101	0.3279115734077215	0.0468445104868173
1545	2628731.015	1104575.634	2763.357	2628730.827	1104575.534	2763.33	0.2146462206735641	0.0306637458105091
1546	2628713.187	1104562.416	2769.564	2628713.187	1104562.416	2769.564	0.0	0.0
1547	2628709.758	1104557.073	2770.971	2628709.755	1104557.021	2770.971	0.0520864667152496	0.0074409238164642
1548	2628706.128	1104552.038	2772.181	2628706.113	1104551.943	2772.205	0.0991261822052963	0.0141608831721851
1549	2628703.903	1104547.923	2773.179	2628703.848	1104547.874	2773.166	0.0747997323238218	0.0106856760462602
1550	2628703.097	1104544.218	2773.697	2628703.206	1104544.297	2773.698	0.1346216918691644	0.0192316702670234
1551	2628701.027	1104540.855	2774.54	2628700.981	1104540.815	2774.552	0.0621288980134762	0.008875556859068
1552	2628698.265	1104537.113	2775.545	2628698.321	1104537.066	2775.594	0.0880113627040133	0.012573051814859
1553	2628695.81	1104533.706	2776.481	2628695.874	1104533.745	2776.482	0.0749533186733411	0.0107076169533344
1554	2628692.681	1104530.456	2777.58	2628692.479	1104530.296	2777.65	0.2670280883966442	0.0381468697709491
1555	2628688.513	1104527.325	2779.24	2628688.513	1104527.325	2779.24	0.0	0.0
1557	2628666.996	1104521.076	2785.76	2628666.854	1104521.033	2785.844	0.1704963342224074	0.0243566191746296
1575	2628764.118	1104698.029	2740.403	2628764.13	1104698.236	2740.489	0.2244749428696354	0.0320678489813765
1576	2628764.999	1104691.191	2740.934	2628765.073	1104691.419	2741.045	0.2641609357029711	0.0377372765289958
1577	2628763.01	1104681.069	2742.395	2628763.01	1104681.069	2742.395	0.0	0.0
1578	2628762.519	1104673.014	2743.125	2628762.544	1104673.021	2743.198	0.0774790295394315	0.0110684327913473
1579	2628762.191	1104664.787	2742.976	2628762.06	1104664.866	2742.828	0.2128520612998121	0.0304074373285445
1589	2628730.0	1104579.296	2760.225	2628730.0	1104579.296	2760.225	0.0	0.0
1590	2628713.482	1104566.415	2766.524	2628713.441	1104566.314	2766.56	0.1147954702207663	0.0163993528886809
1591	2628709.151	1104560.446	2768.321	2628709.151	1104560.446	2768.321	0.0	0.0
1592	2628705.309	1104555.198	2770.04	2628705.309	1104555.198	2770.04	0.0	0.0
1593	2628703.688	1104551.009	2770.851	2628703.711	1104550.982	2770.888	0.0512542681358604	0.0073220383051229
1594	2628700.858	1104546.805	2771.951	2628700.855	1104546.753	2771.902	0.0715122366498369	0.0102160338071195
1595	2628699.725	1104543.268	2772.526	2628699.679	1104543.228	2772.525	0.0609672043905998	0.0087096006272285
1596	2628697.707	1104539.772	2773.419	2628697.753	1104539.716	2773.59	0.1857229119397406	0.02653184456282
1597	2628695.317	1104536.213	2774.6	2628695.184	1104536.161	2774.573	0.1453340977462584	0.0207620139637512
1598	2628692.094	1104532.735	2775.758	2628691.99	1104532.612	2775.793	0.1648332490608647	0.0235476070086949
1600	2628681.599	1104526.371	2779.477	2628681.002	1104526.272	2779.664	0.6333869276091679	0.0904838468013097
1620	2628761.26	1104694.491	2737.045	2628761.159	1104694.549	2737.141	0.1509337602404815	0.0215619657486402
1621	2628759.711	1104684.981	2738.44	2628759.711	1104684.981	2738.44	0.0	0.0
1622	2628758.056	1104675.166	2739.785	2628758.046	1104675.028	2739.833	0.1464513571303433	0.0209216224471919
1623	2628758.714	1104668.777	2739.789	2628758.541	1104668.512	2739.798	0.3165991154898251	0.045228445069975
1634	2628715.288	1104571.407	2762.92	2628715.288	1104571.407	2762.92	0.0	0.0
1635	2628709.242	1104563.782	2765.643	2628709.293	1104563.779	2765.668	0.056877060371332	0.0081252943387617
1636	2628705.324	1104558.548	2767.337	2628705.398	1104558.63	2767.326	0.1109999999681136	0.0158571428525876
1637	2628702.759	1104554.04	2768.525	2628702.752	1104553.953	2768.562	0.0947997890981714	0.0135428270140244
1638	2628699.409	1104549.383	2770.045	2628699.382	1104549.376	2770.106	0.067074585256349	0.0095820836080498
1639	2628699.117	1104546.077	2770.314	2628699.117	1104546.077	2770.314	0.0	0.0
1640	2628696.969	1104542.485	2771.363	2628696.805	1104542.358	2771.41	0.2126828624562559	0.0303832660651794
1641	2628694.431	1104538.78	2772.591	2628694.435	1104538.719	2772.615	0.0656734345068369	0.0093819192152624
1642	2628692.221	1104535.781	2773.519	2628692.154	1104535.69	2773.543	0.1155248889926781	0.0165035555703825
1643	2628687.815	1104531.989	2775.455	2628687.815	1104531.989	2775.455	0.0	0.0
1645	2628679.843	1104526.092	2778.647	2628679.843	1104526.092	2778.647	0.0	0.0
1665	2628754.37	1104685.734	2735.623	2628754.506	1104685.967	2735.662	0.2725912690957668	0.0389416098708238
1666	2628754.468	1104678.212	2736.337	2628754.578	1104678.455	2736.413	0.277353565114839	0.0396219378735484
1667	2628753.763	1104670.136	2737.369	2628753.771	1104670.143	2737.418	0.0501398046051521	0.0071628292293074
1678	2628722.528	1104580.176	2756.757	2628722.728	1104580.318	2756.785	0.2468764874838797	0.0352680696405542
1679	2628711.106	1104568.969	2761.881	2628711.106	1104568.969	2761.881	0.0	0.0
1680	2628705.515	1104562.198	2764.575	2628705.523	1104562.302	2764.478	0.1424394606863313	0.0203484943837616
1681	2628702.384	1104557.232	2766.293	2628702.455	1104557.262	2766.33	0.0854985380058227	0.0122140768579746
1682	2628699.615	1104552.642	2767.491	2628699.459	1104552.505	2767.488	0.2076391103840567	0.0296627300548652
1683	2628698.225	1104548.948	2768.306	2628698.225	1104548.948	2768.306	0.0	0.0
1684	2628696.458	1104545.184	2769.177	2628696.52	1104545.206	2769.202	0.0703775532030014	0.0100539361718573
1685	2628694.378	1104541.83	2770.277	2628694.303	1104541.731	2770.227	0.1338880131305405	0.0191268590186486
1686	2628691.692	1104538.16	2771.735	2628691.536	1104538.04	2771.781	0.2021187768569292	0.0288741109795613
1687	2628686.912	1104533.994	2773.86	2628686.703	1104533.86	2773.955	0.265823249311346	0.0379747499016208
1690	2628670.511	1104524.791	2780.66	2628670.263	1104524.72	2780.778	0.2836705837196077	0.0405243691028011
1710	2628750.787	1104681.584	2733.011	2628750.808	1104681.764	2732.975	0.1847620090392002	0.0263945727198857
1711	2628750.849	1104673.77	2733.663	2628750.758	1104673.836	2733.65	0.1131635983266558	0.0161662283323794
1722	2628725.292	1104586.128	2752.288	2628725.178	1104586.093	2752.262	0.1220532670915211	0.0174361810130744
1723	2628715.666	1104575.662	2756.875	2628711.536	1104573.133	2758.684	5.169644282096579	0.7385206117280827
1724	2628707.319	1104566.782	2761.055	2628707.319	1104566.782	2761.055	0.0	0.0
1725	2628703.307	1104561.016	2763.199	2628703.374	1104561.107	2763.2	0.1130088491081724	0.0161441213011674
1726	2628699.773	1104555.877	2765.119	2628699.899	1104555.955	2765.145	0.1504526504854647	0.0214932357836378
1727	2628696.877	1104551.372	2766.535	2628696.877	1104551.372	2766.535	0.0	0.0
1728	2628695.891	1104547.886	2767.307	2628695.891	1104547.886	2767.307	0.0	0.0
1729	2628693.832	1104544.323	2768.333	2628693.872	1104544.277	2768.383	0.0788416134485995	0.0112630876355142
1730	2628690.945	1104540.51	2769.898	2628690.945	1104540.51	2769.898	0.0	0.0
1731	2628687.962	1104537.083	2771.475	2628688.008	1104537.124	2771.464	0.0625939294630732	0.0089419899232961
1732	2628684.431	1104533.65	2773.204	2628684.431	1104533.65	2773.204	0.0	0.0
1734	2628676.244	1104527.618	2776.893	2628676.249	1104527.574	2776.942	0.0660454388916338	0.0094350626988048
1755	2628747.51	1104677.333	2730.928	2628747.51	1104677.333	2730.928	0.0	0.0
1767	2628719.179	1104581.946	2752.368	2628719.447	1104582.066	2752.36	0.2937481916721919	0.0419640273817417
1768	2628708.001	1104570.956	2757.764	2628708.001	1104570.956	2757.764	0.0	0.0
1769	2628704.207	1104565.105	2760.106	2628704.207	1104565.105	2760.106	0.0	0.0
1770	2628699.878	1104559.143	2762.355	2628699.977	1104559.197	2762.405	0.1233572048418979	0.0176224578345568
1771	2628696.928	1104554.546	2764.137	2628696.962	1104554.543	2764.174	0.0503388517859606	0.0071912645408515
1772	2628694.845	1104550.525	2765.321	2628694.904	1104550.512	2765.358	0.0708449008901698	0.0101207001271671
1773	2628692.91	1104546.762	2766.446	2628693.07	1104546.821	2766.461	0.1711899526430226	0.0244557075204318
1774	2628691.706	1104543.671	2767.412	2628691.706	1104543.671	2767.412	0.0	0.0
1775	2628688.652	1104540.006	2769.207	2628688.853	1104540.036	2769.21	0.2032486165818813	0.0290355166545544
1776	2628683.936	1104535.896	2771.444	2628683.936	1104535.896	2771.444	0.0	0.0
1778	2628678.528	1104529.856	2774.436	2628678.551	1104529.828	2774.546	0.1158145068557011	0.0165449295508144
1779	2628669.618	1104526.944	2778.43	2628669.618	1104526.944	2778.43	0.0	0.0
1800	2628744.283	1104672.813	2728.393	2628744.283	1104672.813	2728.393	0.0	0.0
1811	2628717.641	1104585.33	2749.436	2628717.641	1104585.33	2749.436	0.0	0.0
1812	2628710.72	1104576.642	2753.44	2628710.699	1104576.592	2753.464	0.0593043001165838	0.0084720428737976
1813	2628704.596	1104568.942	2757.03	2628704.576	1104568.892	2757.029	0.0538609320881293	0.0076944188697327
1814	2628700.547	1104562.918	2759.466	2628700.547	1104562.918	2759.466	0.0	0.0
1815	2628696.71	1104557.434	2761.612	2628696.71	1104557.434	2761.612	0.0	0.0
1816	2628695.078	1104553.677	2762.803	2628695.085	1104553.668	2762.852	0.0503090448500142	0.0071870064071448
1817	2628692.1	1104549.333	2764.634	2628692.1	1104549.333	2764.634	0.0	0.0
1818	2628690.649	1104546.024	2765.498	2628690.731	1104545.966	2765.56	0.1180338933741654	0.0168619847677379
1819	2628687.954	1104542.171	2767.346	2628688.266	1104542.281	2767.241	0.3470864444488985	0.049583777778414
1820	2628682.722	1104537.921	2769.906	2628682.773	1104537.917	2770.004	0.1105486318288538	0.0157926616898362
1823	2628659.736	1104526.143	2781.426	2628659.736	1104526.143	2781.426	0.0	0.0
1824	2628659.623	1104525.899	2781.559	2628659.623	1104525.899	2781.559	0.0	0.0
1825	2628669.618	1104526.944	2778.43	2628669.618	1104526.944	2778.43	0.0	0.0
1855	2628718.45	1104590.292	2745.746	2628718.504	1104590.323	2745.783	0.0724292759337197	0.0103470394191028
1856	2628713.111	1104582.091	2749.087	2628713.111	1104582.091	2749.087	0.0	0.0
1857	2628705.201	1104572.869	2753.822	2628705.264	1104572.908	2753.86	0.0832706431980001	0.0118958061711428
1858	2628701.543	1104566.992	2756.19	2628701.593	1104566.971	2756.264	0.0917442095668736	0.0131063156524105
1859	2628698.031	1104561.339	2758.475	2628698.028	1104561.305	2758.524	0.0597159945001424	0.0085308563571632
1860	2628694.59	1104556.462	2760.617	2628694.532	1104556.379	2760.64	0.1038364097276886	0.0148337728182412
1861	2628693.116	1104552.634	2761.882	2628693.116	1104552.634	2761.882	0.0	0.0
1862	2628689.912	1104548.286	2763.82	2628689.912	1104548.286	2763.82	0.0	0.0
1866	2628679.488	1104534.541	2770.404	2628679.397	1104534.478	2770.428	0.1132519316083973	0.0161788473726281
1867	2628659.965	1104527.534	2780.199	2628673.276	1104530.77	2773.576	15.21573350207176	2.17367621458168
1868	2628667.242	1104528.405	2776.875	2628667.242	1104528.405	2776.875	0.0	0.0
1869	2628667.242	1104528.405	2776.875	2628667.242	1104528.405	2776.875	0.0	0.0
1870	2628667.242	1104528.405	2776.875	2628667.242	1104528.405	2776.875	0.0	0.0
1900	2628714.331	1104586.974	2745.414	2628714.328	1104586.923	2745.365	0.070788417097185	0.0101126310138835
1901	2628705.955	1104577.332	2750.521	2628705.983	1104577.243	2750.582	0.1114719694898719	0.0159245670699817
1902	2628702.371	1104571.147	2752.974	2628702.371	1104571.147	2752.974	0.0	0.0
1903	2628698.735	1104565.372	2755.514	2628698.735	1104565.372	2755.514	0.0	0.0
1904	2628694.905	1104559.8	2758.039	2628694.917	1104559.729	2758.1	0.0943716059094954	0.0134816579870707
1905	2628692.546	1104555.362	2759.707	2628692.459	1104555.238	2759.779	0.1677170237861024	0.023959574826586
1906	2628690.742	1104551.521	2761.054	2628690.742	1104551.521	2761.054	0.0	0.0
1907	2628686.347	1104546.739	2763.733	2628686.449	1104546.811	2763.625	0.1650817978471812	0.0235831139781687
1908	2628683.593	1104543.238	2765.288	2628683.488	1104543.21	2765.262	0.1117362966646247	0.0159623280949463
1909	2628680.853	1104539.508	2767.307	2628680.901	1104539.453	2767.345	0.0822982380624304	0.0117568911517757
1910	2628679.039	1104536.568	2768.62	2628679.036	1104536.517	2768.656	0.0624979999510446	0.008928285707292
1911	2628675.718	1104533.466	2770.621	2628660.773	1104529.218	2778.528	17.433277890120877	2.490468270017268
1912	2628664.357	1104528.916	2776.961	2628664.357	1104528.916	2776.961	0.0	0.0
1913	2628667.242	1104528.405	2776.875	2628667.242	1104528.405	2776.875	0.0	0.0
1914	2628667.242	1104528.405	2776.875	2628667.242	1104528.405	2776.875	0.0	0.0
1915	2628667.242	1104528.405	2776.875	2628667.242	1104528.405	2776.875	0.0	0.0
1916	2628667.242	1104528.405	2776.875	2628667.242	1104528.405	2776.875	0.0	0.0
1944	2628712.981	1104590.623	2742.608	2628712.981	1104590.623	2742.608	0.0	0.0
1945	2628704.501	1104579.92	2748.431	2628704.477	1104579.835	2748.455	0.0915259526236967	0.0130751360890995
1946	2628702.031	1104574.511	2750.327	2628702.077	1104574.552	2750.328	0.0616279157981868	0.0088039879711695
1947	2628699.411	1104569.199	2752.356	2628699.396	1104569.251	2752.38	0.0592030402973045	0.0084575771853292
1948	2628695.756	1104563.441	2755.103	2628695.804	1104563.403	2755.152	0.0784155597356509	0.0112022228193787
1949	2628692.842	1104558.537	2757.141	2628692.876	1104558.535	2757.191	0.0604979338435571	0.008642561977651
1950	2628690.374	1104554.168	2758.918	2628690.324	1104554.075	2758.966	0.1159870682524244	0.0165695811789177
1951	2628686.784	1104549.584	2761.327	2628686.784	1104549.584	2761.327	0.0	0.0
1952	2628682.966	1104545.596	2763.612	2628682.97	1104545.761	2763.491	0.204650922338103	0.0292358460483004
1953	2628680.733	1104542.129	2765.272	2628680.733	1104542.129	2765.272	0.0	0.0
1954	2628678.797	1104538.841	2766.9	2628678.751	1104538.801	2766.899	0.0609672040392639	0.0087096005770377
1956	2628663.666	1104530.152	2775.831	2628669.687	1104531.79	2772.481	7.082230227598223	1.0117471753711746
1957	2628672.332	1104532.243	2771.074	2628672.676	1104532.203	2771.103	0.3475298548774954	0.0496471221253564
1958	2628664.326	1104528.728	2777.119	2628664.326	1104528.728	2777.119	0.0	0.0
1959	2628667.242	1104528.405	2776.875	2628667.242	1104528.405	2776.875	0.0	0.0
1960	2628667.242	1104528.405	2776.875	2628667.242	1104528.405	2776.875	0.0	0.0
1961	2628667.242	1104528.405	2776.875	2628667.242	1104528.405	2776.875	0.0	0.0
1962	2628667.242	1104528.405	2776.875	2628667.242	1104528.405	2776.875	0.0	0.0
1988	2628710.787	1104593.069	2740.753	2628710.725	1104592.917	2740.752	0.1641615058118195	0.0234516436874027
1989	2628710.653	1104588.851	2741.558	2628710.71	1104588.95	2741.621	0.1304568893903107	0.0186366984843301
1990	2628700.701	1104577.064	2748.459	2628700.761	1104577.069	2748.497	0.0711969100845589	0.0101709871549369
1991	2628698.712	1104572.334	2750.168	2628698.814	1104572.44	2750.182	0.1477700916028403	0.02111001308612
1992	2628696.83	1104567.649	2751.841	2628696.83	1104567.649	2751.841	0.0	0.0
1993	2628692.923	1104561.769	2754.707	2628693.009	1104561.876	2754.672	0.1416686273960907	0.0202383753422986
1994	2628690.647	1104557.179	2756.571	2628690.566	1104557.011	2756.631	0.1959209023674069	0.0279887003382009
1995	2628687.199	1104552.672	2759.068	2628687.288	1104552.701	2759.057	0.0942496685368707	0.0134642383624101
1996	2628682.929	1104547.725	2762.041	2628682.929	1104547.725	2762.041	0.0	0.0
1997	2628680.87	1104544.281	2763.642	2628680.842	1104544.37	2763.581	0.1114719696757655	0.0159245670965379
1998	2628678.887	1104541.308	2765.185	2628678.899	1104541.351	2765.161	0.0506853036682661	0.0072407576668951
2000	2628672.675	1104534.573	2769.252	2628672.671	1104534.521	2769.301	0.0715611627387009	0.0102230232483858
2001	2628671.251	1104532.655	2770.45	2628671.251	1104532.655	2770.45	0.0	0.0
2002	2628671.251	1104532.655	2770.45	2628671.251	1104532.655	2770.45	0.0	0.0
2003	2628664.326	1104528.728	2777.119	2628664.326	1104528.728	2777.119	0.0	0.0
2004	2628664.326	1104528.728	2777.119	2628664.326	1104528.728	2777.119	0.0	0.0
2005	2628667.242	1104528.405	2776.875	2628667.242	1104528.405	2776.875	0.0	0.0
2006	2628667.242	1104528.405	2776.875	2628667.242	1104528.405	2776.875	0.0	0.0
2007	2628667.242	1104528.405	2776.875	2628667.242	1104528.405	2776.875	0.0	0.0
2008	2628667.242	1104528.405	2776.875	2628667.242	1104528.405	2776.875	0.0	0.0
2009	2628667.242	1104528.405	2776.875	2628667.242	1104528.405	2776.875	0.0	0.0
