ID	X_x	Y_x	Z_x	X_y	Y_y	Z_y	Distances	Velocity
481	2628814.976	1104504.3	2861.434	2628815.501	1104504.11	2861.379	0.5610258464366444	0.0801465494909492
482	2628808.09	1104498.637	2858.848	2628807.957	1104498.196	2858.796	0.4635450356464927	0.0662207193780703
524	2628828.09	1104516.838	2861.53	2628828.09	1104516.838	2861.53	0.0	0.0
525	2628816.026	1104510.601	2856.736	2628816.348	1104510.171	2857.105	0.6517246351391053	0.0931035193055864
526	2628801.9	1104505.337	2852.406	2628801.991	1104505.677	2852.445	0.354121447954513	0.0505887782792161
568	2628829.827	1104524.165	2857.173	2628829.422	1104524.02	2856.996	0.4651655621566501	0.0664522231652357
569	2628812.271	1104517.204	2851.609	2628812.486	1104517.085	2851.819	0.3232429425734267	0.0461775632247752
570	2628808.015	1104511.094	2850.192	2628806.984	1104510.661	2850.056	1.126475032959728	0.1609250047085325
612	2628841.299	1104532.31	2855.305	2628841.544	1104532.752	2855.346	0.5070207097243205	0.0724315299606172
613	2628814.147	1104523.421	2847.605	2628814.147	1104523.421	2847.605	0.0	0.0
614	2628806.474	1104517.203	2845.399	2628805.673	1104517.146	2844.789	1.0084393883457698	0.1440627697636814
654	2628864.872	1104559.223	2856.004	2628865.7	1104558.18	2856.195	1.3453304428592412	0.1921900632656059
655	2628862.987	1104550.238	2854.599	2628864.346	1104550.034	2854.885	1.4036712575114063	0.2005244653587723
657	2628820.304	1104530.554	2844.479	2628818.333	1104530.146	2842.827	2.6039218497606464	0.3719888356800923
658	2628805.134	1104523.489	2840.669	2628802.355	1104523.332	2839.227	3.134781332178842	0.4478259045969774
659	2628797.442	1104517.272	2838.621	2628797.285	1104517.665	2838.07	0.6947654279195835	0.0992522039885119
699	2628864.268	1104559.688	2850.804	2628864.392	1104560.038	2852.407	1.6454437091136758	0.2350633870162393
700	2628854.818	1104549.222	2847.133	2628855.103	1104549.246	2847.344	0.3554180638120067	0.0507740091160009
701	2628820.515	1104537.872	2839.626	2628820.301	1104537.974	2839.294	0.4079509775162625	0.0582787110737517
702	2628808.434	1104530.096	2836.942	2628807.699	1104529.79	2836.663	0.8436243238114085	0.1205177605444869
703	2628798.321	1104523.505	2834.091	2628785.964	1104523.374	2831.045	12.727557738862735	1.818222534123248
743	2628862.949	1104568.799	2842.245	2628861.105	1104569.231	2840.45	2.609403188465893	0.3727718840665562
744	2628854.025	1104558.072	2841.415	2628853.989	1104558.261	2842.478	1.0802712622272928	0.1543244660324703
745	2628825.277	1104545.397	2835.261	2628820.934	1104544.831	2834.176	4.512120344035004	0.6445886205764292
746	2628818.087	1104537.612	2833.924	2628817.797	1104537.84	2833.42	0.624579858845825	0.0892256941208321
747	2628799.037	1104529.211	2830.035	2628797.093	1104528.866	2829.361	2.086249505812312	0.2980356436874731
787	2628859.391	1104576.362	2836.182	2628860.295	1104576.474	2836.5	0.9648232999712046	0.1378318999958863
788	2628850.784	1104565.824	2834.563	2628850.509	1104565.453	2834.521	0.4637132734573791	0.0662447533510541
789	2628831.718	1104554.004	2831.141	2628831.012	1104554.253	2830.118	1.2676616266629426	0.1810945180947061
790	2628818.159	1104544.532	2829.031	2628817.057	1104543.888	2828.599	1.3475028755866023	0.192500410798086
791	2628801.533	1104535.872	2825.821	2628801.069	1104535.853	2825.472	0.5809113527146179	0.0829873361020882
792	2628780.378	1104528.345	2822.554	2628778.414	1104528.322	2821.746	2.123838270820543	0.3034054672600775
829	2628870.499	1104608.144	2831.734	2628883.206	1104612.651	2834.173	13.701445872543475	1.957349410363354
830	2628867.177	1104597.08	2831.049	2628867.152	1104596.977	2831.098	0.1167690029210724	0.0166812861315817
831	2628861.045	1104586.421	2829.523	2628859.185	1104585.742	2828.592	2.188013253963536	0.3125733219947908
832	2628847.827	1104574.069	2827.728	2628847.171	1104574.478	2826.95	1.0967684349644788	0.1566812049949255
833	2628828.376	1104560.641	2825.762	2628827.852	1104560.38	2826.134	0.6936000290577686	0.0990857184368241
834	2628822.482	1104552.597	2824.552	2628823.133	1104553.314	2824.758	0.9901141348423236	0.1414448764060462
835	2628800.25	1104542.077	2820.957	2628797.997	1104541.426	2819.826	2.603645713266177	0.3719493876094538
836	2628780.122	1104534.124	2818.485	2628778.975	1104534.952	2816.37	2.544487767644718	0.3634982525206741
873	2628862.898	1104614.837	2824.565	2628863.225	1104614.849	2824.789	0.3965463403294243	0.0566494771899177
874	2628860.484	1104604.466	2823.552	2628861.34	1104604.589	2824.211	1.0872653767262568	0.1553236252466081
875	2628857.503	1104595.456	2823.085	2628857.166	1104596.378	2823.084	0.9816588001539904	0.14023697145057
876	2628842.052	1104580.188	2820.984	2628840.831	1104579.355	2820.135	1.7045618208406783	0.2435088315486683
877	2628835.246	1104570.105	2820.954	2628829.249	1104567.821	2820.478	6.4348458411697225	0.9192636915956748
878	2628821.038	1104559.188	2818.734	2628821.164	1104559.04	2818.943	0.2854137346683087	0.0407733906669012
879	2628800.291	1104548.374	2816.649	2628798.808	1104547.913	2815.81	1.7651433369952656	0.2521633338564665
880	2628785.461	1104540.941	2814.773	2628782.486	1104542.031	2812.11	4.138875934384763	0.5912679906263947
917	2628853.546	1104620.399	2817.15	2628854.449	1104620.415	2817.724	1.0701126108410015	0.152873230120143
918	2628852.096	1104611.15	2816.287	2628850.583	1104611.635	2815.291	1.875209321516188	0.2678870459308839
919	2628851.287	1104601.725	2816.41	2628850.27	1104601.38	2815.638	1.3226102979056678	0.1889443282722382
920	2628844.604	1104590.194	2814.862	2628841.901	1104589.436	2813.138	3.294381428811972	0.4706259184017103
921	2628837.89	1104579.351	2815.209	2628838.122	1104579.169	2815.737	0.6047578027099036	0.0863939718157005
922	2628823.061	1104567.288	2812.941	2628817.561	1104565.343	2812.62	5.842607808106568	0.8346582583009382
923	2628802.734	1104555.863	2812.009	2628803.025	1104556.182	2811.903	0.444609941332482	0.0635157059046402
924	2628786.659	1104546.372	2810.917	2628784.311	1104545.837	2810.323	2.480355821007997	0.3543365458582853
961	2628846.527	1104627.328	2810.442	2628846.644	1104627.128	2811.054	0.6543951405699167	0.0934850200814166
962	2628844.123	1104616.554	2808.56	2628838.293	1104615.338	2803.972	7.517798880051433	1.073971268578776
963	2628844.857	1104607.679	2810.049	2628843.645	1104607.052	2809.481	1.4780720549737865	0.2111531507105409
964	2628842.219	1104597.962	2809.512	2628842.071	1104597.184	2809.666	0.8067862172045193	0.1152551738863598
965	2628836.292	1104587.335	2809.747	2628837.094	1104587.946	2810.419	1.2116554791969822	0.1730936398852831
966	2628826.131	1104576.24	2808.888	2628830.286	1104578.004	2809.949	4.636964739803332	0.6624235342576189
967	2628802.801	1104561.709	2807.394	2628794.034	1104559.604	2805.82	9.152529158641874	1.3075041655202675
968	2628790.297	1104553.694	2806.732	2628791.087	1104554.222	2806.622	0.9565479602371992	0.1366497086053141
1005	2628837.726	1104632.069	2802.409	2628835.033	1104631.364	2800.184	3.563691765517304	0.5090988236453292
1006	2628839.269	1104622.611	2804.615	2628841.757	1104621.704	2806.392	3.189125585802674	0.455589369400382
1007	2628836.527	1104614.361	2802.259	2628833.197	1104614.359	2799.381	4.401339341313753	0.6287627630448219
1008	2628833.653	1104602.228	2801.688	2628830.742	1104601.303	2799.729	3.6286673860754033	0.5183810551536291
1009	2628834.221	1104595.45	2803.278	2628833.802	1104595.747	2803.078	0.5511533360257407	0.0787361908608201
1010	2628823.053	1104583.234	2802.952	2628824.855	1104585.235	2803.091	2.6963912922953286	0.3851987560421898
1011	2628788.017	1104566.102	2801.726	2628801.906	1104571.914	2799.724	15.18853742138532	2.1697910601979027
1012	2628787.632	1104558.527	2801.945	2628783.557	1104556.948	2801.044	4.462137044201605	0.6374481491716579
1013	2628763.99	1104548.177	2801.18	2628763.264	1104549.077	2800.329	1.4357148047659412	0.205102114966563
1049	2628831.783	1104637.875	2797.08	2628830.927	1104636.567	2796.307	1.7438833101298394	0.2491261871614056
1050	2628832.206	1104629.104	2797.037	2628830.409	1104627.646	2795.25	2.9237547775983974	0.4176792539426282
1051	2628829.828	1104619.596	2796.247	2628823.476	1104621.467	2790.255	8.93043162481551	1.2757759464022158
1052	2628832.048	1104611.365	2798.612	2628832.504	1104611.913	2798.938	0.783910709305833	0.1119872441865475
1053	2628829.683	1104600.907	2799.274	2628831.455	1104600.36	2800.738	2.3627291421881287	0.3375327345983041
1054	2628823.097	1104592.738	2797.455	2628823.212	1104595.815	2796.292	3.2914621371424526	0.470208876734636
1055	2628801.891	1104576.278	2797.133	2628798.53	1104576.127	2795.231	3.864806075364567	0.5521151536235096
1056	2628783.704	1104565.158	2796.987	2628787.722	1104568.865	2794.483	6.013001663128602	0.8590002375898003
1057	2628761.978	1104552.781	2797.622	2628761.717	1104553.13	2796.862	0.8760833293238276	0.1251547613319753
1092	2628823.522	1104651.21	2791.362	2628823.638	1104651.167	2791.535	0.2126828624671455	0.030383266066735
1093	2628823.734	1104642.447	2790.926	2628821.909	1104641.664	2789.47	2.4624479690747223	0.3517782812963889
1094	2628825.658	1104634.571	2791.198	2628825.469	1104634.143	2790.889	0.5607013465107262	0.0801001923586751
1095	2628824.011	1104624.322	2790.33	2628819.046	1104621.419	2786.555	6.8796263705329	0.9828037672189858
1096	2628822.909	1104616.317	2791.015	2628821.373	1104616.953	2789.213	2.451733264336441	0.3502476091909202
1097	2628821.101	1104606.151	2791.624	2628819.0	1104605.116	2790.836	2.4711070392501955	0.3530152913214565
1098	2628813.936	1104596.923	2791.64	2628811.862	1104598.858	2789.919	3.317761594857138	0.4739659421224483
1099	2628801.638	1104582.865	2792.284	2628796.911	1104581.077	2791.802	5.076790029080469	0.725255718440067
1100	2628786.885	1104571.999	2792.953	2628785.161	1104572.033	2791.183	2.47107911644991	0.3530113023499872
1101	2628773.637	1104561.65	2793.045	2628773.11	1104563.031	2791.967	1.829473694916481	0.2613533849880687
1136	2628815.444	1104654.363	2785.522	2628813.029	1104652.642	2784.007	3.330058708168095	0.4757226725954421
1137	2628816.769	1104647.11	2785.067	2628814.97	1104647.311	2783.957	2.123417528112152	0.3033453611588788
1138	2628818.676	1104638.914	2785.742	2628816.975	1104638.407	2784.778	2.0198381122820166	0.2885483017545738
1139	2628818.733	1104630.748	2785.574	2628817.135	1104630.262	2784.147	2.196845238186986	0.3138350340267122
1140	2628817.961	1104620.966	2785.733	2628816.173	1104618.527	2784.359	3.321677437785073	0.4745253482550104
1141	2628812.998	1104611.646	2785.008	2628807.598	1104610.566	2782.734	5.957975830653535	0.8511394043790764
1142	2628804.328	1104602.199	2784.477	2628799.479	1104605.321	2780.536	6.985067358563208	0.9978667655090296
1143	2628796.262	1104588.571	2787.426	2628796.46	1104589.65	2786.968	1.1887846734169645	0.1698263819167091
1144	2628785.242	1104577.613	2788.084	2628781.1	1104576.801	2786.952	4.370003661303305	0.6242862373290435
1145	2628773.097	1104567.699	2788.839	2628773.03	1104569.691	2787.487	2.4084137934286587	0.3440591133469512
1146	2628758.649	1104557.512	2790.162	2628759.714	1104559.01	2789.752	1.8831699338074228	0.2690242762582032
1181	2628809.48	1104650.673	2780.607	2628809.083	1104651.206	2779.247	1.5137034055465677	0.2162433436495096
1182	2628810.456	1104643.046	2779.841	2628808.55	1104643.134	2778.411	2.384424458824677	0.3406320655463825
1183	2628812.392	1104635.524	2780.286	2628811.734	1104634.617	2779.676	1.2758185605976595	0.1822597943710942
1184	2628813.224	1104626.336	2780.602	2628813.138	1104624.738	2781.134	1.6864234343770237	0.2409176334824319
1185	2628808.314	1104616.652	2781.318	2628808.774	1104617.495	2781.498	0.9770614108536688	0.1395802015505241
1186	2628801.482	1104604.378	2782.124	2628800.981	1104602.983	2782.261	1.4885546680420114	0.2126506668631445
1187	2628793.011	1104594.414	2782.219	2628789.155	1104593.349	2781.09	4.156633493765976	0.5938047848237108
1188	2628784.286	1104583.977	2783.579	2628782.997	1104583.882	2782.975	1.4266611369447504	0.20380873384925
1189	2628770.39	1104572.42	2784.735	2628769.305	1104572.712	2783.731	1.5068194981470753	0.215259928306725
1190	2628759.769	1104563.052	2786.171	2628759.391	1104564.032	2785.558	1.2161632291690934	0.1737376041670133
1226	2628804.836	1104647.79	2774.844	2628803.35	1104647.701	2774.164	1.636617548520915	0.2338025069315592
1227	2628805.871	1104639.473	2774.664	2628804.505	1104639.11	2773.35	1.9298499940957448	0.2756928562993921
1228	2628804.207	1104630.885	2774.301	2628800.23	1104628.094	2771.639	5.540077075227984	0.7914395821754263
1229	2628803.22	1104622.341	2776.012	2628801.355	1104623.823	2773.817	3.239224290020806	0.4627463271458295
1230	2628796.479	1104610.232	2777.248	2628794.286	1104607.869	2776.785	3.256898371223281	0.4652711958890401
1231	2628790.11	1104600.692	2777.041	2628788.062	1104601.11	2775.524	2.5826956847169256	0.3689565263881322
1232	2628781.599	1104589.408	2778.903	2628779.951	1104590.292	2777.601	2.278719816009238	0.325531402287034
1233	2628766.135	1104576.974	2781.001	2628765.165	1104577.285	2779.877	1.5169037541935744	0.2167005363133677
1234	2628757.239	1104567.448	2782.74	2628757.378	1104567.715	2782.767	0.3022234272631807	0.0431747753233115
1271	2628799.577	1104642.986	2770.632	2628797.46	1104641.518	2770.172	2.616928161162523	0.3738468801660747
1272	2628799.048	1104635.361	2770.409	2628796.427	1104634.795	2769.346	2.884435126524184	0.4120621609320262
1273	2628797.943	1104626.508	2770.981	2628795.666	1104625.399	2770.02	2.7088984844051094	0.3869854977721584
1274	2628791.907	1104615.176	2771.91	2628789.383	1104613.731	2770.248	3.34975297615225	0.4785361394503215
1275	2628784.837	1104604.979	2772.364	2628782.948	1104605.077	2770.299	2.8003839022307626	0.4000548431758232
1276	2628778.223	1104594.496	2774.144	2628776.071	1104594.791	2772.711	2.6022332718198307	0.3717476102599758
1277	2628770.1	1104583.732	2776.085	2628768.571	1104583.958	2774.966	1.9081608947642368	0.2725944135377481
1278	2628760.873	1104574.113	2778.236	2628760.696	1104574.038	2778.16	0.2067123606442803	0.0295303372348971
1316	2628792.937	1104638.765	2767.051	2628793.568	1104639.89	2767.551	1.3833965447643053	0.1976280778234722
1317	2628789.552	1104628.915	2766.797	2628789.195	1104629.097	2765.9	0.9824367665308026	0.1403481095044003
1318	2628788.215	1104621.176	2767.516	2628787.909	1104622.342	2766.44	1.6158490027982593	0.2308355718283227
1319	2628784.491	1104611.351	2768.821	2628783.922	1104611.174	2768.434	0.710534306082464	0.1015049008689234
1320	2628775.745	1104600.649	2769.704	2628774.536	1104602.24	2768.312	2.435287662820913	0.3478982375458447
1321	2628767.28	1104589.614	2771.274	2628763.644	1104589.334	2769.21	4.190345093137507	0.5986207275910724
1322	2628759.738	1104580.306	2773.888	2628761.479	1104582.758	2772.353	3.376330848542963	0.4823329783632804
1359	2628784.636	1104648.065	2762.495	2628784.633	1104648.516	2762.325	0.4819854770696186	0.0688550681528026
1360	2628784.484	1104640.483	2762.778	2628784.504	1104641.216	2763.012	0.7697044887564608	0.1099577841080658
1361	2628786.014	1104634.13	2763.172	2628785.563	1104634.594	2762.959	0.681223898610182	0.0973176998014545
1362	2628784.898	1104625.98	2763.502	2628784.526	1104626.058	2763.204	0.4829824013121678	0.0689974859017382
1363	2628780.486	1104616.658	2763.028	2628776.209	1104615.849	2760.917	4.837719607646661	0.6911028010923801
1364	2628772.027	1104604.925	2765.879	2628770.485	1104606.993	2763.201	3.7183426414957936	0.5311918059279706
1365	2628767.148	1104596.469	2766.464	2628761.06	1104596.283	2764.368	6.441393948506727	0.920199135500961
1366	2628758.421	1104585.328	2768.935	2628755.026	1104585.619	2767.217	3.816049003892314	0.545149857698902
1367	2628746.308	1104573.071	2773.216	2628746.406	1104573.124	2773.315	0.1490436176484319	0.0212919453783474
1403	2628778.213	1104650.444	2758.58	2628777.379	1104650.163	2758.031	1.0372646719335437	0.1481806674190776
1404	2628778.721	1104643.389	2758.776	2628778.277	1104643.222	2758.134	0.7982411916740899	0.1140344559534414
1405	2628779.446	1104637.075	2758.695	2628776.271	1104636.882	2757.565	3.375614610527387	0.4822306586467695
1406	2628778.998	1104628.8	2759.644	2628778.017	1104628.244	2759.006	1.29558519611592	0.1850835994451314
1407	2628776.993	1104620.926	2759.804	2628774.823	1104620.674	2758.944	2.347765746322958	0.3353951066175654
1408	2628771.323	1104611.332	2761.439	2628767.192	1104611.838	2759.492	4.594780299479221	0.6563971856398887
1409	2628763.522	1104600.792	2762.433	2628758.055	1104600.695	2760.247	5.888641099339652	0.8412344427628075
1410	2628758.006	1104591.827	2764.756	2628755.087	1104593.648	2762.205	4.283013308561243	0.6118590440801775
1411	2628748.984	1104579.514	2768.71	2628745.542	1104577.508	2768.88	3.987518025298612	0.569645432185516
1447	2628774.52	1104654.693	2754.706	2628774.062	1104654.872	2754.237	0.679533663694092	0.0970762376705845
1448	2628774.135	1104647.654	2755.061	2628774.209	1104649.174	2754.48	1.6289373837137158	0.2327053405305308
1449	2628773.487	1104640.088	2754.996	2628771.677	1104640.506	2753.873	2.17070334229607	0.3101004774708672
1450	2628772.869	1104632.119	2755.87	2628770.204	1104631.519	2755.382	2.7749538734960537	0.3964219819280076
1451	2628770.433	1104624.533	2756.038	2628764.425	1104624.21	2754.419	6.230694504196563	0.8900992148852234
1452	2628767.084	1104615.264	2757.35	2628761.475	1104615.198	2756.286	5.709407412042145	0.815629630291735
1453	2628762.712	1104606.026	2758.868	2628759.277	1104607.126	2757.005	4.059555887049212	0.5799365552927446
1454	2628754.722	1104595.269	2761.264	2628751.163	1104596.014	2759.093	4.234943565037416	0.6049919378624881
1455	2628748.599	1104584.989	2764.956	2628751.052	1104587.39	2764.335	3.488216019724653	0.498316574246379
1491	2628768.926	1104657.023	2751.389	2628768.329	1104656.934	2750.892	0.7818817046763197	0.1116973863823313
1492	2628768.703	1104649.941	2751.049	2628767.509	1104649.668	2750.3	1.4356761474456412	0.2050965924922344
1493	2628766.245	1104641.141	2752.056	2628762.775	1104639.003	2751.077	4.19170430750702	0.5988149010724315
1494	2628764.269	1104632.716	2753.205	2628761.298	1104631.747	2752.394	3.2285481256292483	0.4612211608041783
1495	2628761.442	1104623.311	2753.607	2628757.918	1104622.079	2751.969	4.076695230008769	0.5823850328583956
1496	2628761.851	1104618.219	2754.026	2628758.005	1104618.15	2752.546	4.121513920790943	0.5887877029701347
1497	2628759.193	1104610.124	2755.448	2628757.836	1104612.444	2753.763	3.172234858707239	0.4531764083867484
1498	2628752.868	1104600.851	2757.137	2628751.434	1104604.601	2754.098	5.035312999178052	0.7193304284540074
1499	2628747.385	1104589.924	2760.286	2628740.697	1104586.072	2761.007	7.75158622452959	1.1073694606470843
1535	2628765.435	1104661.307	2746.101	2628763.203	1104659.876	2744.638	3.0281931905980923	0.4325990272282989
1536	2628764.207	1104652.303	2747.368	2628760.051	1104649.073	2747.537	5.266288731121663	0.752326961588809
1537	2628759.098	1104642.084	2749.289	2628758.667	1104643.788	2747.81	2.297132560385206	0.3281617943407438
1538	2628758.903	1104635.828	2749.673	2628756.707	1104636.36	2748.204	2.695069757930814	0.3850099654186877
1539	2628757.515	1104627.635	2750.085	2628755.092	1104628.424	2748.699	2.900766450428707	0.414395207204101
1540	2628756.651	1104620.624	2751.448	2628754.347	1104621.624	2749.306	3.3009968191466674	0.4715709741638096
1541	2628755.832	1104613.562	2751.821	2628753.501	1104614.002	2749.531	3.29715953497797	0.4710227907111385
1542	2628750.486	1104604.206	2753.742	2628749.212	1104606.429	2751.165	3.633969455089632	0.5191384935842331
1543	2628744.058	1104595.545	2755.871	2628744.025	1104600.299	2753.378	5.3681145667566605	0.7668735095366658
1544	2628735.713	1104582.765	2761.336	2628736.247	1104583.25	2761.283	0.7233187403098618	0.1033312486156945
1580	2628759.741	1104655.77	2744.3	2628756.751	1104653.329	2744.096	3.8652551014233807	0.55217930020334
1581	2628756.402	1104646.734	2745.332	2628754.669	1104648.059	2743.517	2.8378053136691106	0.4054007590955872
1582	2628755.723	1104639.28	2746.195	2628753.235	1104639.955	2743.891	3.457482465879091	0.4939260665541559
1583	2628754.65	1104632.129	2746.956	2628752.264	1104633.17	2744.691	3.4506379119883217	0.4929482731411888
1584	2628754.21	1104625.257	2747.726	2628750.742	1104625.936	2745.593	4.127681431403533	0.5896687759147905
1585	2628753.516	1104618.194	2748.48	2628750.21	1104618.481	2746.531	3.84845501456363	0.5497792877948042
1586	2628750.298	1104610.015	2749.821	2628747.022	1104610.637	2747.971	3.813339743678842	0.5447628205255489
1587	2628742.079	1104599.79	2752.63	2628739.293	1104602.125	2749.105	5.063560604848689	0.7233658006926699
1588	2628740.514	1104591.383	2755.569	2628740.661	1104592.5	2755.28	1.1631074757545954	0.166158210822085
1624	2628756.324	1104659.307	2740.819	2628753.486	1104656.759	2741.02	3.819286451641168	0.5456123502344525
1625	2628753.711	1104650.1	2742.398	2628752.175	1104650.042	2741.07	2.031315829944646	0.290187975706378
1626	2628752.5	1104642.958	2743.132	2628750.522	1104643.829	2741.96	2.4585989913242643	0.3512284273320377
1627	2628751.34	1104635.355	2743.683	2628747.048	1104635.413	2741.855	4.665427311525919	0.6664896159322742
1628	2628750.016	1104627.857	2744.684	2628746.641	1104628.442	2742.931	3.8478382242444864	0.5496911748920695
1629	2628749.326	1104621.365	2745.305	2628746.301	1104621.528	2743.812	3.3773129851136896	0.4824732835876699
1630	2628748.139	1104614.168	2746.651	2628746.501	1104615.546	2745.142	2.6189709810200448	0.3741387115742921
1631	2628743.423	1104604.734	2749.044	2628739.296	1104602.871	2748.68	4.542619728578838	0.6489456755112626
1632	2628738.828	1104596.129	2752.285	2628739.824	1104599.296	2751.084	3.5304824033634907	0.5043546290519273
1633	2628731.022	1104584.947	2756.307	2628731.006	1104585.033	2756.649	0.3530099148981074	0.0504299878425867
1668	2628751.166	1104660.47	2738.678	2628751.112	1104660.241	2738.334	0.4167649217766184	0.0595378459680883
1669	2628749.535	1104652.908	2738.978	2628748.157	1104652.874	2737.603	1.9469630196978205	0.2781375742425457
1670	2628747.338	1104644.323	2740.307	2628744.718	1104643.723	2739.024	2.9783366164181517	0.4254766594883073
1671	2628745.591	1104636.635	2741.607	2628743.882	1104639.191	2738.916	4.085988007791508	0.583712572541644
1672	2628746.064	1104630.758	2742.489	2628744.444	1104632.118	2740.847	2.677716190923048	0.3825308844175782
1673	2628746.753	1104625.208	2742.459	2628744.523	1104626.521	2740.869	3.037263406344558	0.4338947723349368
1674	2628744.72	1104617.53	2743.805	2628742.53	1104618.848	2742.484	2.877197421400912	0.4110282030572731
1675	2628740.979	1104608.898	2745.81	2628739.329	1104610.702	2744.107	2.979450452634851	0.4256357789478358
1676	2628736.429	1104599.243	2748.95	2628734.087	1104598.162	2748.44	2.629377302870283	0.375625328981469
1677	2628731.004	1104589.659	2753.142	2628731.642	1104589.685	2753.468	0.716935143337081	0.1024193061910115
1712	2628750.547	1104666.741	2734.3	2628751.176	1104667.86	2734.238	1.2851638030396768	0.1835948290056681
1713	2628746.682	1104656.615	2735.566	2628744.822	1104656.681	2734.527	2.131543337473749	0.3045061910676784
1714	2628746.079	1104649.779	2736.431	2628742.741	1104649.589	2735.214	3.55800969644447	0.5082870994920671
1715	2628744.057	1104641.172	2738.251	2628740.908	1104641.506	2737.087	3.373818756444323	0.4819741080634747
1716	2628742.928	1104634.154	2739.342	2628741.82	1104636.669	2736.866	3.699116786410206	0.528445255201458
1717	2628742.273	1104627.496	2739.792	2628739.167	1104628.851	2737.861	3.900259222263592	0.5571798888947989
1718	2628740.994	1104620.365	2741.222	2628738.121	1104621.341	2739.415	3.531565375416424	0.5045093393452035
1719	2628740.754	1104614.562	2742.046	2628735.333	1104613.704	2741.154	5.560491794884857	0.7943559706978368
1720	2628734.702	1104604.243	2745.471	2628733.459	1104605.82	2743.907	2.545206082181317	0.3636008688830453
1721	2628732.766	1104596.563	2748.003	2628732.601	1104596.921	2747.818	0.4354468968974378	0.0622066995567768
1756	2628746.924	1104669.146	2731.631	2628747.076	1104669.395	2731.866	0.3746064601207067	0.0535152085886723
1757	2628744.144	1104659.907	2733.171	2628745.47	1104661.755	2731.825	2.642933219156662	0.3775618884509517
1758	2628742.583	1104652.392	2733.729	2628739.374	1104652.76	2731.342	4.016325933201702	0.5737608476002432
1759	2628740.656	1104643.918	2735.477	2628739.077	1104645.276	2733.383	2.9533440368060915	0.4219062909722987
1760	2628740.992	1104637.869	2736.039	2628737.641	1104638.245	2734.041	3.919512852619081	0.5599304075170116
1761	2628739.347	1104630.659	2737.257	2628737.509	1104631.697	2735.415	2.801544573951913	0.4002206534217018
1762	2628738.089	1104623.579	2738.614	2628735.834	1104624.722	2736.804	3.1092722624359506	0.4441817517765644
1763	2628734.867	1104615.207	2740.725	2628733.505	1104617.6	2738.428	3.585763796081216	0.5122519708687452
1764	2628734.013	1104608.724	2742.04	2628730.807	1104608.445	2741.496	3.2637728166137583	0.4662532595162512
1765	2628729.858	1104599.805	2745.126	2628729.351	1104600.394	2744.498	0.9991766612562628	0.1427395230366089
1766	2628723.533	1104589.692	2749.256	2628724.419	1104590.431	2748.806	1.2383929105124367	0.1769132729303481
1801	2628742.553	1104663.989	2729.886	2628742.509	1104663.707	2729.848	0.2879305472650568	0.0411329353235795
1802	2628739.919	1104656.363	2730.479	2628735.481	1104653.656	2729.692	5.257666973134023	0.7510952818762889
1803	2628738.407	1104648.076	2732.575	2628735.893	1104648.836	2731.408	2.8739667708318035	0.4105666815474005
1804	2628737.494	1104641.21	2733.119	2628735.802	1104643.313	2730.817	3.5474888301228638	0.5067841185889804
1805	2628737.054	1104633.869	2734.217	2628733.617	1104633.902	2733.097	3.615032226611535	0.5164331752302193
1806	2628734.74	1104626.243	2736.146	2628731.594	1104626.222	2734.968	3.3593810443513585	0.4799115777644798
1807	2628733.995	1104620.03	2737.17	2628729.969	1104619.486	2736.371	4.140412177617563	0.5914874539453662
1808	2628730.806	1104611.447	2739.598	2628729.095	1104613.359	2737.748	3.163189055191349	0.4518841507416212
1809	2628727.354	1104602.767	2742.426	2628726.577	1104603.428	2741.66	1.2756982400815158	0.1822426057259308
1810	2628724.204	1104594.759	2745.479	2628724.626	1104595.259	2745.534	0.6565889126491811	0.0937984160927401
1845	2628739.538	1104667.056	2727.045	2628739.102	1104667.337	2726.71	0.6174803641968328	0.0882114805995475
1846	2628737.725	1104659.13	2728.221	2628737.214	1104660.475	2727.119	1.8123327510393716	0.2589046787199102
1847	2628734.212	1104648.639	2730.542	2628729.949	1104647.846	2728.712	4.706476176335837	0.6723537394765481
1848	2628735.011	1104644.111	2730.54	2628730.96	1104642.216	2730.14	4.490169929956947	0.6414528471367067
1849	2628731.565	1104634.523	2732.962	2628729.65	1104636.104	2730.509	3.4905579783410308	0.4986511397630044
1850	2628730.307	1104627.364	2734.625	2628728.692	1104628.471	2733.262	2.3856745378142192	0.3408106482591742
1851	2628730.956	1104622.837	2734.816	2628728.025	1104623.978	2733.681	3.3437803454805843	0.4776829064972263
1852	2628728.303	1104614.789	2737.363	2628727.499	1104617.124	2735.892	2.874453339303324	0.4106361913290463
1853	2628726.222	1104606.693	2740.32	2628728.431	1104610.081	2739.502	4.126420846126992	0.589488692303856
1854	2628721.905	1104597.872	2743.086	2628723.425	1104599.296	2742.597	2.1394618483125867	0.3056374069017981
1890	2628734.252	1104661.846	2725.507	2628730.607	1104660.001	2725.491	4.085377093981986	0.5836252991402837
1891	2628729.414	1104649.411	2729.296	2628732.438	1104655.647	2725.564	7.871473559739603	1.124496222819943
1892	2628729.226	1104643.287	2729.118	2628727.538	1104644.206	2728.463	2.030499938117213	0.2900714197310305
1893	2628729.06	1104637.52	2730.481	2628727.429	1104639.34	2728.668	3.0429475842360145	0.4347067977480021
1894	2628727.74	1104629.837	2732.215	2628725.959	1104629.534	2731.201	2.071706060607294	0.2959580086581849
1895	2628727.286	1104624.237	2733.257	2628724.274	1104623.861	2731.995	3.2872730336514207	0.4696104333787744
1896	2628726.571	1104618.247	2734.38	2628725.038	1104619.279	2733.067	2.2669543444246427	0.3238506206320918
1897	2628724.275	1104610.574	2736.712	2628723.213	1104611.47	2735.784	1.6708812045551251	0.2386973149364464
1898	2628720.538	1104601.634	2740.183	2628721.198	1104603.003	2739.743	1.5822013144474607	0.2260287592067801
1899	2628715.923	1104593.012	2743.643	2628717.213	1104594.382	2743.272	1.9179783626945448	0.2739969089563635
1935	2628728.944	1104653.672	2725.208	2628726.159	1104650.906	2724.858	3.940746249274364	0.5629637498963377
1936	2628726.057	1104644.699	2727.04	2628723.302	1104643.521	2725.204	3.514058195243011	0.5020083136061444
1937	2628726.398	1104640.718	2727.84	2628722.883	1104642.468	2724.756	4.992873020708456	0.7132675743869222
1938	2628725.612	1104633.598	2729.289	2628720.595	1104631.191	2728.056	5.699493573941165	0.8142133677058807
1939	2628724.437	1104626.398	2731.063	2628722.335	1104626.029	2730.338	2.253927682906762	0.3219896689866802
1940	2628722.703	1104620.024	2732.66	2628719.553	1104620.143	2731.19	3.4781548272516467	0.4968792610359495
1941	2628721.915	1104613.631	2734.074	2628720.019	1104613.768	2733.476	1.992784233342115	0.2846834619060164
1942	2628718.567	1104604.855	2737.783	2628718.45	1104605.366	2737.416	0.639921088767962	0.0914172983954231
1943	2628714.741	1104596.502	2741.083	2628715.862	1104597.336	2741.063	1.397353570247169	0.1996219386067384
1980	2628723.431	1104645.875	2725.273	2628721.503	1104641.859	2724.59	4.5068757471086345	0.6438393924440906
1981	2628721.468	1104639.796	2726.074	2628718.198	1104636.604	2725.632	4.590983336973849	0.6558547624248356
1982	2628721.478	1104633.967	2726.853	2628718.857	1104633.79	2725.78	2.8376573086636925	0.4053796155233846
1983	2628720.041	1104627.207	2729.052	2628716.543	1104624.673	2728.12	4.4187989319371885	0.6312569902767412
1984	2628719.835	1104621.441	2730.769	2628718.42	1104621.365	2730.066	1.5818375391054629	0.2259767913007804
1985	2628718.193	1104615.52	2732.332	2628713.788	1104613.783	2733.406	4.855375371490047	0.6936250530700068
1986	2628714.954	1104606.236	2735.747	2628714.895	1104607.767	2734.761	1.821987376427601	0.2602839109182287
1987	2628712.829	1104599.122	2738.425	2628709.904	1104596.614	2738.82	3.873204616139013	0.5533149451627162
