ID	X_x	Y_x	Z_x	X_y	Y_y	Z_y	Distances	Velocity
31	2628831.139	1104494.383	2873.423	2628831.139	1104494.383	2873.423	0.0	0.0
32	2628830.732	1104494.22	2873.283	2628830.732	1104494.22	2873.283	0.0	0.0
33	2628829.388	1104492.677	2872.272	2628829.388	1104492.677	2872.272	0.0	0.0
34	2628819.165	1104484.576	2865.481	2628819.165	1104484.576	2865.481	0.0	0.0
35	2628797.404	1104479.672	2860.93	2628797.404	1104479.672	2860.93	0.0	0.0
36	2628795.559	1104475.984	2861.531	2628779.094	1104478.24	2857.717	17.050875549229936	2.435839364175705
37	2628779.135	1104477.483	2858.045	2628779.135	1104477.483	2858.045	0.0	0.0
77	2628830.732	1104494.22	2873.283	2628830.732	1104494.22	2873.283	0.0	0.0
78	2628829.388	1104492.677	2872.272	2628829.388	1104492.677	2872.272	0.0	0.0
79	2628827.443	1104479.21	2869.241	2628827.443	1104479.21	2869.241	0.0	0.0
80	2628797.404	1104479.672	2860.93	2628797.404	1104479.672	2860.93	0.0	0.0
108	2628925.468	1104636.55	2844.849	2628925.468	1104636.55	2844.849	0.0	0.0
123	2628829.388	1104492.677	2872.272	2628829.388	1104492.677	2872.272	0.0	0.0
124	2628819.165	1104484.576	2865.481	2628819.165	1104484.576	2865.481	0.0	0.0
125	2628797.404	1104479.672	2860.93	2628797.404	1104479.672	2860.93	0.0	0.0
126	2628793.18	1104477.106	2860.489	2628793.18	1104477.106	2860.489	0.0	0.0
154	2628945.561	1104630.898	2852.563	2628945.561	1104630.898	2852.563	0.0	0.0
167	2628830.941	1104494.258	2873.347	2628830.941	1104494.258	2873.347	0.0	0.0
168	2628829.388	1104492.677	2872.272	2628829.388	1104492.677	2872.272	0.0	0.0
169	2628827.418	1104480.253	2868.51	2628827.443	1104479.21	2869.241	1.2739054125511475	0.1819864875073067
170	2628797.404	1104479.672	2860.93	2628797.404	1104479.672	2860.93	0.0	0.0
171	2628779.094	1104478.24	2857.717	2628779.094	1104478.24	2857.717	0.0	0.0
198	2628948.442	1104647.991	2848.028	2628920.966	1104638.032	2843.107	29.636607396751156	4.233801056678736
199	2628945.379	1104631.561	2851.988	2628946.727	1104636.238	2852.764	4.928854734977892	0.7041221049968417
213	2628829.388	1104492.677	2872.272	2628829.388	1104492.677	2872.272	0.0	0.0
214	2628827.505	1104480.952	2867.328	2628827.505	1104480.952	2867.328	0.0	0.0
215	2628797.404	1104479.672	2860.93	2628796.997	1104479.543	2861.01	0.434384622298116	0.062054946042588
216	2628797.053	1104478.796	2860.862	2628797.053	1104478.796	2860.862	0.0	0.0
217	2628771.838	1104477.648	2857.498	2628771.838	1104477.648	2857.498	0.0	0.0
243	2628925.468	1104636.55	2844.849	2628925.468	1104636.55	2844.849	0.0	0.0
244	2628947.137	1104636.746	2853.113	2628947.137	1104636.746	2853.113	0.0	0.0
245	2628945.756	1104620.98	2855.557	2628945.756	1104620.98	2855.557	0.0	0.0
258	2628829.388	1104492.677	2872.272	2628829.388	1104492.677	2872.272	0.0	0.0
259	2628829.388	1104492.677	2872.272	2628829.388	1104492.677	2872.272	0.0	0.0
260	2628797.404	1104479.672	2860.93	2628797.404	1104479.672	2860.93	0.0	0.0
261	2628779.094	1104478.24	2857.717	2628779.094	1104478.24	2857.717	0.0	0.0
288	2628925.468	1104636.55	2844.849	2628925.468	1104636.55	2844.849	0.0	0.0
289	2628947.137	1104636.746	2853.113	2628947.137	1104636.746	2853.113	0.0	0.0
290	2628945.756	1104620.98	2855.557	2628945.756	1104620.98	2855.557	0.0	0.0
303	2628829.388	1104492.677	2872.272	2628829.388	1104492.677	2872.272	0.0	0.0
304	2628819.165	1104484.576	2865.481	2628819.165	1104484.576	2865.481	0.0	0.0
305	2628797.404	1104479.672	2860.93	2628797.404	1104479.672	2860.93	0.0	0.0
306	2628797.053	1104478.796	2860.862	2628797.053	1104478.796	2860.862	0.0	0.0
308	2628772.937	1104474.408	2859.679	2628772.937	1104474.408	2859.679	0.0	0.0
309	2628765.093	1104472.396	2856.149	2628765.093	1104472.396	2856.149	0.0	0.0
310	2628758.801	1104470.632	2853.692	2628758.801	1104470.632	2853.692	0.0	0.0
333	2628948.442	1104647.991	2848.028	2628948.442	1104647.991	2848.028	0.0	0.0
334	2628946.727	1104636.238	2852.764	2628946.727	1104636.238	2852.764	0.0	0.0
335	2628945.756	1104620.98	2855.557	2628945.756	1104620.98	2855.557	0.0	0.0
347	2628831.139	1104494.383	2873.423	2628831.139	1104494.383	2873.423	0.0	0.0
348	2628829.388	1104492.677	2872.272	2628829.388	1104492.677	2872.272	0.0	0.0
349	2628819.256	1104484.916	2865.519	2628819.256	1104484.916	2865.519	0.0	0.0
350	2628797.404	1104479.672	2860.93	2628797.404	1104479.672	2860.93	0.0	0.0
351	2628792.005	1104478.921	2858.927	2628792.005	1104478.921	2858.927	0.0	0.0
352	2628790.786	1104473.931	2863.284	2628790.786	1104473.931	2863.284	0.0	0.0
353	2628768.568	1104475.634	2854.371	2628768.568	1104475.634	2854.371	0.0	0.0
354	2628760.784	1104474.033	2850.99	2628760.67	1104474.11	2850.842	0.2020618717644529	0.0288659816806361
378	2628948.442	1104647.991	2848.028	2628948.442	1104647.991	2848.028	0.0	0.0
379	2628946.727	1104636.238	2852.764	2628946.727	1104636.238	2852.764	0.0	0.0
380	2628945.756	1104620.98	2855.557	2628945.756	1104620.98	2855.557	0.0	0.0
381	2628962.195	1104607.439	2869.093	2628962.195	1104607.439	2869.093	0.0	0.0
392	2628831.139	1104494.383	2873.423	2628831.139	1104494.383	2873.423	0.0	0.0
393	2628846.556	1104487.749	2876.895	2628846.556	1104487.749	2876.895	0.0	0.0
394	2628819.256	1104484.916	2865.519	2628819.256	1104484.916	2865.519	0.0	0.0
395	2628795.067	1104481.488	2858.851	2628794.591	1104482.933	2858.201	1.6544186290023215	0.2363455184289031
396	2628792.13	1104478.626	2859.123	2628792.13	1104478.626	2859.123	0.0	0.0
397	2628775.369	1104478.258	2854.002	2628775.369	1104478.258	2854.002	0.0	0.0
398	2628758.877	1104478.647	2847.372	2628758.793	1104478.653	2847.249	0.149067098865067	0.0212952998378667
399	2628747.915	1104478.038	2843.195	2628747.674	1104478.037	2843.033	0.2903893936806915	0.0414841990972416
423	2628948.442	1104647.991	2848.028	2628948.442	1104647.991	2848.028	0.0	0.0
424	2628947.137	1104636.746	2853.113	2628947.137	1104636.746	2853.113	0.0	0.0
425	2628945.756	1104620.98	2855.557	2628943.47	1104621.771	2853.648	3.081518781258725	0.4402169687512464
426	2628962.195	1104607.439	2869.093	2628962.195	1104607.439	2869.093	0.0	0.0
427	2628960.527	1104599.45	2870.784	2628960.527	1104599.45	2870.784	0.0	0.0
437	2628816.061	1104497.451	2866.318	2628827.429	1104496.326	2871.058	12.367887814622408	1.7668411163746298
438	2628838.95	1104488.057	2873.57	2628839.186	1104488.102	2873.659	0.2562069476206864	0.0366009925172409
439	2628819.256	1104484.916	2865.519	2628819.201	1104484.868	2865.494	0.0771621669846877	0.0110231667120982
440	2628826.047	1104477.947	2868.254	2628826.047	1104477.947	2868.254	0.0	0.0
441	2628780.431	1104481.78	2852.196	2628780.359	1104481.846	2852.049	0.1764907927896503	0.0252129703985214
442	2628765.957	1104480.993	2846.787	2628765.868	1104480.947	2846.737	0.1119687457971434	0.0159955351138776
443	2628753.333	1104480.339	2842.319	2628753.333	1104480.339	2842.319	0.0	0.0
444	2628733.527	1104482.663	2835.504	2628733.359	1104482.709	2835.343	0.2371940131475937	0.0338848590210848
468	2628948.442	1104647.991	2848.028	2628948.442	1104647.991	2848.028	0.0	0.0
469	2628946.727	1104636.238	2852.764	2628946.369	1104635.563	2852.171	0.9671804380539526	0.1381686340077075
470	2628945.756	1104620.98	2855.557	2628945.756	1104620.98	2855.557	0.0	0.0
471	2628962.195	1104607.439	2869.093	2628962.195	1104607.439	2869.093	0.0	0.0
472	2628960.975	1104600.087	2870.877	2628960.975	1104600.087	2870.877	0.0	0.0
473	2628955.722	1104586.533	2873.485	2628955.722	1104586.533	2873.485	0.0	0.0
483	2628798.39	1104494.085	2854.591	2628798.39	1104494.085	2854.591	0.0	0.0
484	2628784.253	1104490.467	2850.18	2628784.253	1104490.467	2850.18	0.0	0.0
485	2628777.898	1104487.365	2847.767	2628777.757	1104487.306	2847.594	0.2308484349932863	0.0329783478561837
486	2628766.87	1104484.967	2844.072	2628766.678	1104484.928	2844.009	0.2058008748634482	0.0294001249804926
487	2628755.274	1104483.447	2840.031	2628752.89	1104484.015	2839.194	2.5897198690860623	0.3699599812980089
488	2628738.299	1104484.445	2834.422	2628738.299	1104484.445	2834.422	0.0	0.0
489	2628723.123	1104486.134	2829.78	2628723.178	1104486.087	2829.903	0.1426989837701838	0.0203855691100262
513	2628948.442	1104647.991	2848.028	2628948.442	1104647.991	2848.028	0.0	0.0
514	2628946.727	1104636.238	2852.764	2628946.727	1104636.238	2852.764	0.0	0.0
515	2628945.756	1104620.98	2855.557	2628945.756	1104620.98	2855.557	0.0	0.0
516	2628962.195	1104607.439	2869.093	2628962.195	1104607.439	2869.093	0.0	0.0
517	2628960.795	1104600.057	2870.582	2628960.795	1104600.057	2870.582	0.0	0.0
518	2628955.722	1104586.533	2873.485	2628955.722	1104586.533	2873.485	0.0	0.0
523	2628868.735	1104524.841	2874.267	2628868.93	1104524.655	2874.33	0.2767489839392216	0.0395355691341745
527	2628794.814	1104499.73	2850.148	2628794.814	1104499.73	2850.148	0.0	0.0
528	2628783.962	1104495.701	2846.61	2628783.962	1104495.701	2846.61	0.0	0.0
529	2628776.334	1104492.295	2843.972	2628776.268	1104492.204	2843.934	0.1186633892803756	0.0169519127543393
530	2628768.332	1104488.915	2840.986	2628767.512	1104489.039	2840.768	0.8574963555270066	0.1224994793610009
531	2628752.33	1104488.175	2836.18	2628751.415	1104488.409	2835.863	0.9962278855961676	0.142318269370881
532	2628736.512	1104488.504	2831.404	2628736.119	1104488.548	2831.228	0.4328521689011887	0.0618360241287412
533	2628727.879	1104487.449	2828.881	2628718.127	1104490.235	2826.097	10.517316958561164	1.5024738512230231
558	2628948.442	1104647.991	2848.028	2628948.442	1104647.991	2848.028	0.0	0.0
559	2628947.137	1104636.746	2853.113	2628946.727	1104636.238	2852.764	0.7402465807225909	0.1057495115317986
560	2628945.756	1104620.98	2855.557	2628945.756	1104620.98	2855.557	0.0	0.0
561	2628962.195	1104607.439	2869.093	2628962.195	1104607.439	2869.093	0.0	0.0
566	2628882.535	1104543.294	2873.031	2628882.535	1104543.294	2873.031	0.0	0.0
567	2628865.697	1104533.313	2868.128	2628865.579	1104533.52	2868.298	0.2926995046674248	0.0418142149524892
571	2628789.721	1104506.147	2844.477	2628789.721	1104506.147	2844.477	0.0	0.0
572	2628782.096	1104501.511	2842.019	2628782.003	1104501.526	2841.871	0.1754365981799465	0.0250623711685638
573	2628774.077	1104497.489	2839.63	2628773.923	1104497.465	2839.384	0.2912181313529712	0.0416025901932816
574	2628765.952	1104493.941	2837.303	2628765.789	1104493.927	2837.117	0.2477115258976572	0.0353873608425224
575	2628756.049	1104491.691	2834.405	2628755.18	1104491.819	2834.015	0.9610645138889912	0.1372949305555701
576	2628740.446	1104491.027	2829.996	2628739.825	1104491.13	2829.67	0.7088906825037559	0.1012700975005365
577	2628729.186	1104490.46	2826.914	2628728.882	1104490.55	2826.764	0.350736368255959	0.050105195465137
603	2628948.442	1104647.991	2848.028	2628948.442	1104647.991	2848.028	0.0	0.0
604	2628947.137	1104636.746	2853.113	2628947.137	1104636.746	2853.113	0.0	0.0
605	2628945.756	1104620.98	2855.557	2628945.756	1104620.98	2855.557	0.0	0.0
606	2628962.195	1104607.439	2869.093	2628962.195	1104607.439	2869.093	0.0	0.0
607	2628960.527	1104599.45	2870.784	2628960.527	1104599.45	2870.784	0.0	0.0
610	2628875.843	1104551.86	2864.853	2628875.843	1104551.86	2864.853	0.0	0.0
611	2628869.946	1104542.069	2862.94	2628870.444	1104542.07	2863.24	0.581381974382977	0.0830545677689967
615	2628789.194	1104511.787	2840.465	2628789.194	1104511.787	2840.465	0.0	0.0
616	2628779.221	1104507.057	2837.731	2628779.221	1104507.057	2837.731	0.0	0.0
617	2628770.124	1104502.77	2835.059	2628770.124	1104502.77	2835.059	0.0	0.0
618	2628764.684	1104498.739	2833.437	2628764.608	1104498.753	2833.327	0.1344321389454011	0.0192045912779144
619	2628753.017	1104496.095	2830.418	2628753.017	1104496.095	2830.418	0.0	0.0
620	2628740.808	1104494.586	2827.627	2628740.276	1104494.622	2827.449	0.5621423308527189	0.0803060472646741
621	2628731.555	1104493.07	2825.119	2628731.555	1104493.07	2825.119	0.0	0.0
622	2628711.366	1104495.109	2820.278	2628711.366	1104495.109	2820.278	0.0	0.0
648	2628948.442	1104647.991	2848.028	2628948.442	1104647.991	2848.028	0.0	0.0
649	2628946.727	1104636.238	2852.764	2628946.727	1104636.238	2852.764	0.0	0.0
650	2628945.756	1104620.98	2855.557	2628945.756	1104620.98	2855.557	0.0	0.0
651	2628962.195	1104607.439	2869.093	2628962.195	1104607.439	2869.093	0.0	0.0
652	2628960.795	1104600.057	2870.582	2628960.795	1104600.057	2870.582	0.0	0.0
653	2628955.722	1104586.533	2873.485	2628955.722	1104586.533	2873.485	0.0	0.0
655	2628864.062	1104550.011	2854.636	2628864.778	1104549.876	2854.792	0.7451288479342598	0.1064469782763228
656	2628858.216	1104541.471	2853.205	2628858.216	1104541.471	2853.205	0.0	0.0
660	2628777.457	1104512.555	2833.593	2628777.541	1104512.532	2833.716	0.1507116453579591	0.021530235051137
661	2628768.486	1104507.409	2831.531	2628768.577	1104507.473	2831.557	0.1142497264958328	0.0163213894994046
662	2628763.816	1104503.292	2830.127	2628764.006	1104503.314	2830.276	0.2424561815745921	0.0346365973677988
663	2628753.42	1104500.45	2827.612	2628752.269	1104500.64	2827.219	1.2309955321371908	0.1758565045910272
664	2628741.061	1104498.354	2824.659	2628740.838	1104498.352	2824.534	0.255652107566888	0.0365217296524125
665	2628732.073	1104496.23	2822.69	2628732.103	1104496.289	2822.654	0.0753458693650586	0.0107636956235798
666	2628719.878	1104496.0	2819.952	2628720.261	1104495.914	2820.079	0.4125699939599273	0.0589385705657039
667	2628703.589	1104496.902	2816.405	2628703.529	1104496.898	2816.319	0.1049380770092729	0.0149911538584675
693	2628948.442	1104647.991	2848.028	2628948.442	1104647.991	2848.028	0.0	0.0
694	2628946.727	1104636.238	2852.764	2628946.727	1104636.238	2852.764	0.0	0.0
695	2628945.756	1104620.98	2855.557	2628945.756	1104620.98	2855.557	0.0	0.0
696	2628962.195	1104607.439	2869.093	2628962.195	1104607.439	2869.093	0.0	0.0
697	2628960.372	1104600.493	2870.052	2628960.609	1104600.019	2870.005	0.5320281947664891	0.0760040278237841
698	2628880.617	1104572.717	2852.312	2628880.617	1104572.717	2852.312	0.0	0.0
704	2628781.711	1104517.893	2830.62	2628778.203	1104518.076	2829.707	3.6294795769344894	0.5184970824192128
705	2628769.154	1104512.623	2828.059	2628769.154	1104512.623	2828.059	0.0	0.0
706	2628761.251	1104508.22	2826.196	2628761.267	1104508.314	2826.099	0.1360183811187748	0.0194311973026821
707	2628752.411	1104504.667	2824.152	2628752.411	1104504.667	2824.152	0.0	0.0
708	2628741.787	1104502.053	2822.332	2628741.753	1104502.056	2822.283	0.0597159945001424	0.0085308563571632
709	2628732.92	1104499.826	2820.438	2628732.629	1104499.846	2820.288	0.3279954265639018	0.0468564895091288
710	2628725.331	1104497.678	2818.623	2628725.418	1104497.577	2818.721	0.1654508992282677	0.0236358427468953
711	2628701.088	1104499.968	2813.925	2628701.088	1104499.968	2813.925	0.0	0.0
712	2628701.191	1104497.702	2813.822	2628701.191	1104497.702	2813.822	0.0	0.0
713	2628698.563	1104496.225	2813.283	2628699.089	1104496.086	2813.399	0.55628499901567	0.0794692855736671
738	2628948.442	1104647.991	2848.028	2628948.442	1104647.991	2848.028	0.0	0.0
739	2628946.727	1104636.238	2852.764	2628946.727	1104636.238	2852.764	0.0	0.0
740	2628945.756	1104620.98	2855.557	2628945.756	1104620.98	2855.557	0.0	0.0
741	2628950.714	1104610.976	2859.982	2628950.714	1104610.976	2859.982	0.0	0.0
742	2628880.778	1104581.381	2846.79	2628880.849	1104581.185	2847.035	0.3216861824790695	0.0459551689255813
748	2628780.171	1104523.229	2826.423	2628779.976	1104523.398	2826.262	0.3041496344140703	0.0434499477734386
749	2628768.533	1104517.533	2824.288	2628768.533	1104517.533	2824.288	0.0	0.0
750	2628759.966	1104512.844	2822.734	2628760.031	1104512.884	2822.576	0.175467945778381	0.0250668493969115
751	2628750.821	1104509.025	2820.856	2628750.874	1104509.039	2820.808	0.0728628848497135	0.010408983549959
752	2628742.5	1104505.755	2819.602	2628742.703	1104505.819	2819.617	0.2133775997800364	0.0304825142542909
753	2628732.905	1104503.004	2817.819	2628732.713	1104502.965	2817.768	0.2024499936175026	0.0289214276596432
754	2628728.18	1104500.431	2816.59	2628728.18	1104500.431	2816.59	0.0	0.0
755	2628701.345	1104502.45	2812.163	2628701.204	1104502.408	2812.112	0.1557112715076722	0.0222444673582388
756	2628699.647	1104500.296	2811.89	2628699.647	1104500.296	2811.89	0.0	0.0
757	2628695.056	1104499.304	2811.082	2628695.056	1104499.304	2811.082	0.0	0.0
783	2628948.442	1104647.991	2848.028	2628948.442	1104647.991	2848.028	0.0	0.0
784	2628946.462	1104635.446	2851.732	2628946.462	1104635.446	2851.732	0.0	0.0
785	2628933.802	1104616.904	2849.365	2628925.589	1104614.672	2846.465	8.991395497927739	1.2844850711325342
786	2628873.117	1104588.61	2838.351	2628873.117	1104588.61	2838.351	0.0	0.0
792	2628775.63	1104528.092	2821.575	2628774.89	1104527.96	2821.271	0.810826738358435	0.1158323911940621
793	2628769.472	1104522.355	2821.21	2628769.472	1104522.355	2821.21	0.0	0.0
794	2628762.179	1104517.564	2819.696	2628762.179	1104517.564	2819.696	0.0	0.0
795	2628751.683	1104513.375	2817.983	2628751.683	1104513.375	2817.983	0.0	0.0
796	2628742.066	1104509.828	2816.516	2628742.194	1104509.941	2816.53	0.1713154985274983	0.0244736426467854
797	2628734.744	1104506.622	2815.373	2628734.833	1104506.668	2815.386	0.1010247496181531	0.0144321070883075
798	2628729.766	1104503.57	2814.456	2628729.744	1104503.485	2814.407	0.1005484957044095	0.0143640708149156
799	2628723.994	1104501.187	2813.421	2628710.61	1104503.413	2811.529	13.699131213409164	1.9570187447727376
800	2628699.883	1104502.823	2810.006	2628699.883	1104502.823	2810.006	0.0	0.0
828	2628888.544	1104625.321	2835.072	2628888.544	1104625.321	2835.072	0.0	0.0
837	2628769.558	1104527.332	2817.326	2628769.558	1104527.332	2817.326	0.0	0.0
838	2628759.677	1104522.192	2816.047	2628759.562	1104522.139	2815.935	0.1690502885508543	0.0241500412215506
839	2628753.641	1104517.696	2815.247	2628753.641	1104517.696	2815.247	0.0	0.0
840	2628739.481	1104513.543	2813.205	2628739.481	1104513.543	2813.205	0.0	0.0
841	2628733.921	1104510.227	2812.451	2628733.881	1104510.273	2812.402	0.0782112524589878	0.0111730360655696
842	2628730.026	1104507.137	2811.928	2628730.11	1104507.227	2811.966	0.1288409870320113	0.0184058552902873
843	2628725.273	1104504.235	2811.173	2628725.273	1104504.235	2811.173	0.0	0.0
846	2628698.557	1104500.815	2807.821	2628698.557	1104500.815	2807.821	0.0	0.0
881	2628769.262	1104533.4	2813.098	2628768.143	1104533.423	2812.729	1.1784952269251838	0.1683564609893119
882	2628761.373	1104526.974	2812.477	2628761.373	1104526.974	2812.477	0.0	0.0
883	2628749.99	1104521.543	2811.384	2628749.99	1104521.543	2811.384	0.0	0.0
884	2628738.914	1104517.695	2810.068	2628738.914	1104517.695	2810.068	0.0	0.0
885	2628731.696	1104514.047	2809.329	2628731.696	1104514.047	2809.329	0.0	0.0
886	2628729.324	1104510.525	2809.349	2628729.324	1104510.525	2809.349	0.0	0.0
887	2628724.623	1104507.394	2808.668	2628724.623	1104507.394	2808.668	0.0	0.0
888	2628702.711	1104507.218	2806.585	2628702.486	1104507.198	2806.533	0.2317951682901707	0.0331135954700243
889	2628699.336	1104505.365	2806.389	2628699.336	1104505.365	2806.389	0.0	0.0
890	2628698.196	1104503.147	2806.197	2628698.198	1104503.165	2806.136	0.0636317530539399	0.0090902504362771
891	2628694.473	1104501.604	2805.704	2628694.42	1104501.59	2805.679	0.0602494815865331	0.0086070687980761
925	2628766.329	1104537.407	2809.429	2628766.489	1104537.94	2809.824	0.6824324143131326	0.0974903449018761
926	2628761.061	1104531.898	2808.979	2628761.061	1104531.898	2808.979	0.0	0.0
927	2628752.77	1104526.677	2808.172	2628752.826	1104526.629	2808.258	0.1132960722191795	0.0161851531741685
928	2628738.686	1104521.788	2807.168	2628738.686	1104521.788	2807.168	0.0	0.0
929	2628733.45	1104517.817	2806.771	2628733.294	1104517.793	2806.696	0.1747483905107381	0.0249640557872483
930	2628726.908	1104514.064	2806.089	2628726.908	1104514.064	2806.089	0.0	0.0
931	2628724.712	1104510.972	2806.076	2628724.712	1104510.972	2806.076	0.0	0.0
932	2628706.684	1104509.445	2804.712	2628719.823	1104508.018	2805.528	13.241431418072692	1.8916330597246704
933	2628701.638	1104507.478	2804.531	2628701.638	1104507.478	2804.531	0.0	0.0
934	2628697.954	1104505.516	2804.245	2628697.999	1104505.539	2804.246	0.0505470077784159	0.0072210011112022
960	2628844.992	1104635.853	2810.151	2628845.083	1104635.691	2810.335	0.261497609799723	0.0373568013999604
969	2628765.324	1104543.306	2804.923	2628765.301	1104543.204	2804.825	0.1433073621291863	0.0204724803041694
970	2628759.225	1104537.496	2804.974	2628759.13	1104537.606	2804.839	0.1983683442747442	0.028338334896392
971	2628751.691	1104531.191	2804.944	2628751.691	1104531.191	2804.944	0.0	0.0
972	2628739.378	1104525.812	2804.377	2628739.378	1104525.812	2804.377	0.0	0.0
973	2628732.275	1104521.359	2804.004	2628732.384	1104521.438	2804.042	0.1398785189370368	0.0199826455624338
974	2628727.07	1104517.853	2803.608	2628727.07	1104517.853	2803.608	0.0	0.0
975	2628723.105	1104514.152	2803.449	2628723.074	1104514.207	2803.375	0.0972728121845893	0.0138961160263699
1004	2628837.349	1104640.965	2802.904	2628837.217	1104640.541	2802.865	0.4457813365676654	0.063683048081095
1014	2628757.909	1104541.44	2801.106	2628757.841	1104541.315	2801.019	0.1667872896716776	0.0238267556673825
1015	2628751.913	1104535.673	2801.403	2628751.863	1104535.581	2801.415	0.1053944970954589	0.0150563567279227
1016	2628736.817	1104529.533	2801.262	2628736.817	1104529.533	2801.262	0.0	0.0
1017	2628732.417	1104525.419	2801.133	2628732.177	1104525.323	2801.093	0.2615645233306141	0.037366360475802
1018	2628726.182	1104521.142	2800.832	2628726.182	1104521.142	2800.832	0.0	0.0
1019	2628721.715	1104517.474	2800.727	2628721.747	1104517.55	2800.666	0.1025719261087907	0.0146531323012558
1020	2628719.373	1104513.932	2801.017	2628719.213	1104513.856	2800.965	0.1846076923247975	0.026372527474971
1021	2628714.697	1104511.638	2800.778	2628714.611	1104511.643	2800.716	0.1061367043988802	0.0151623863426971
1058	2628757.813	1104546.781	2797.735	2628757.92	1104546.939	2797.639	0.213609456681082	0.030515636668726
1059	2628753.182	1104540.863	2798.147	2628753.198	1104540.732	2798.269	0.1797247894619463	0.0256749699231351
1060	2628731.104	1104532.865	2798.239	2628731.016	1104532.819	2798.177	0.1170640850399722	0.016723440719996
1061	2628730.339	1104528.9	2798.231	2628730.339	1104528.9	2798.231	0.0	0.0
1062	2628726.789	1104524.963	2798.198	2628726.789	1104524.963	2798.198	0.0	0.0
1063	2628722.765	1104520.953	2798.33	2628722.765	1104520.953	2798.33	0.0	0.0
1064	2628718.507	1104517.808	2798.156	2628718.421	1104517.797	2798.094	0.1065879919149505	0.01522685598785
1065	2628707.531	1104514.952	2798.188	2628707.562	1104514.898	2798.188	0.0622655602870614	0.0088950800410087
1066	2628705.801	1104512.01	2798.439	2628705.78	1104511.96	2798.463	0.0593043001167678	0.0084720428738239
1102	2628756.495	1104552.007	2793.931	2628756.498	1104552.058	2793.943	0.0524785670334155	0.0074969381476307
1103	2628750.807	1104544.401	2794.423	2628750.643	1104544.369	2794.274	0.2238771984063803	0.0319824569151971
1104	2628730.959	1104536.642	2795.339	2628731.043	1104536.602	2795.389	0.1056219676366317	0.0150888525195188
1105	2628728.178	1104532.533	2795.219	2628728.178	1104532.533	2795.219	0.0	0.0
1106	2628725.511	1104528.545	2795.576	2628725.511	1104528.545	2795.576	0.0	0.0
1107	2628722.318	1104524.679	2795.781	2628722.357	1104524.616	2795.781	0.0740945342143874	0.0105849334591982
1108	2628718.79	1104521.104	2795.859	2628718.79	1104521.104	2795.859	0.0	0.0
1147	2628747.894	1104549.419	2791.062	2628747.815	1104549.381	2790.939	0.1510430401623886	0.0215775771660555
1148	2628728.565	1104540.186	2792.507	2628728.498	1104540.096	2792.506	0.1122051691729485	0.0160293098818497
1149	2628727.914	1104536.29	2792.769	2628727.914	1104536.29	2792.769	0.0	0.0
1150	2628724.288	1104532.029	2792.894	2628724.236	1104532.015	2792.856	0.065909028366902	0.009415575480986
1151	2628720.129	1104527.95	2793.048	2628720.129	1104527.95	2793.048	0.0	0.0
1152	2628717.939	1104524.51	2793.45	2628717.939	1104524.51	2793.45	0.0	0.0
1153	2628711.062	1104520.975	2793.68	2628710.904	1104520.934	2793.617	0.1749685684914462	0.0249955097844923
1154	2628708.421	1104517.869	2793.845	2628708.421	1104517.869	2793.845	0.0	0.0
1155	2628705.061	1104515.32	2794.283	2628705.015	1104515.28	2794.27	0.0623297682588632	0.008904252608409
1180	2628807.503	1104657.8	2779.928	2628807.185	1104657.554	2779.825	0.4150289146579271	0.0592898449511324
1191	2628747.778	1104554.286	2787.542	2628747.778	1104554.286	2787.542	0.0	0.0
1192	2628744.174	1104548.23	2788.114	2628744.174	1104548.23	2788.114	0.0	0.0
1193	2628725.505	1104539.628	2789.948	2628725.458	1104539.571	2789.923	0.0779935893740114	0.0111419413391444
1194	2628722.932	1104535.642	2790.429	2628722.932	1104535.642	2790.429	0.0	0.0
1195	2628719.747	1104531.394	2790.67	2628719.747	1104531.394	2790.67	0.0	0.0
1196	2628715.815	1104527.482	2790.828	2628715.815	1104527.482	2790.828	0.0	0.0
1197	2628712.148	1104523.967	2791.296	2628712.148	1104523.967	2791.296	0.0	0.0
1198	2628708.982	1104520.921	2791.588	2628708.982	1104520.921	2791.588	0.0	0.0
1199	2628705.266	1104518.206	2791.886	2628705.266	1104518.206	2791.886	0.0	0.0
1224	2628801.849	1104662.31	2775.736	2628801.878	1104662.482	2775.688	0.1809115806482391	0.025844511521177
1225	2628802.971	1104654.282	2775.607	2628802.885	1104654.287	2775.606	0.086151030307221	0.0123072900438887
1235	2628747.699	1104559.039	2783.851	2628747.606	1104559.054	2783.765	0.1275539100698293	0.0182219871528327
1236	2628742.819	1104552.746	2784.846	2628742.819	1104552.746	2784.846	0.0	0.0
1237	2628724.517	1104543.348	2787.025	2628724.517	1104543.348	2787.025	0.0	0.0
1238	2628720.444	1104538.586	2787.692	2628720.391	1104538.685	2787.63	0.1282731463107283	0.0183247351872469
1239	2628717.937	1104534.544	2788.137	2628717.937	1104534.544	2788.137	0.0	0.0
1240	2628715.427	1104530.936	2788.388	2628715.234	1104530.897	2788.336	0.2036516633338182	0.029093094761974
1241	2628711.572	1104526.965	2788.987	2628711.61	1104526.902	2789.048	0.0955719623540591	0.0136531374791513
1242	2628708.016	1104523.789	2789.286	2628708.016	1104523.789	2789.286	0.0	0.0
1243	2628704.952	1104520.866	2789.666	2628704.952	1104520.866	2789.666	0.0	0.0
1245	2628697.578	1104515.361	2790.776	2628697.575	1104515.327	2790.813	0.0503388517862949	0.0071912645408992
1268	2628795.302	1104664.882	2771.026	2628795.302	1104664.882	2771.026	0.0	0.0
1269	2628795.618	1104656.935	2770.117	2628795.618	1104656.935	2770.117	0.0	0.0
1270	2628797.628	1104650.189	2770.174	2628797.628	1104650.189	2770.174	0.0	0.0
1279	2628746.087	1104563.262	2780.213	2628746.084	1104563.21	2780.163	0.072201108127902	0.0103144440182717
1280	2628726.42	1104551.82	2783.737	2628726.42	1104551.82	2783.737	0.0	0.0
1281	2628722.741	1104546.868	2784.396	2628722.547	1104546.795	2784.357	0.2109170454595288	0.0301310064942184
1282	2628719.258	1104542.102	2784.985	2628719.258	1104542.102	2784.985	0.0	0.0
1283	2628716.238	1104537.921	2785.57	2628716.238	1104537.921	2785.57	0.0	0.0
1284	2628714.01	1104534.059	2786.044	2628714.01	1104534.059	2786.044	0.0	0.0
1285	2628711.178	1104530.462	2786.461	2628711.182	1104530.514	2786.449	0.0535163525664919	0.0076451932237845
1286	2628707.755	1104526.678	2787.408	2628707.755	1104526.678	2787.408	0.0	0.0
1287	2628704.274	1104523.68	2787.562	2628704.274	1104523.68	2787.562	0.0	0.0
1288	2628700.523	1104520.662	2788.312	2628700.418	1104520.635	2788.274	0.1148825487016625	0.016411792671666
1289	2628696.82	1104518.058	2788.904	2628696.712	1104517.996	2788.902	0.1245471797811839	0.0177924542544548
1290	2628690.537	1104515.779	2789.757	2628690.342	1104515.819	2789.705	0.2057401271482763	0.029391446735468
1312	2628789.489	1104668.08	2766.34	2628789.489	1104668.08	2766.34	0.0	0.0
1313	2628789.301	1104660.251	2766.133	2628789.301	1104660.251	2766.133	0.0	0.0
1314	2628792.18	1104654.233	2766.398	2628792.18	1104654.233	2766.398	0.0	0.0
1315	2628790.946	1104645.07	2766.614	2628790.82	1104645.235	2766.478	0.2481874292819653	0.0354553470402807
1323	2628742.136	1104566.891	2777.69	2628742.097	1104566.938	2777.58	0.1258173278689168	0.0179739039812738
1324	2628727.297	1104556.326	2780.498	2628727.297	1104556.326	2780.498	0.0	0.0
1325	2628720.814	1104550.078	2781.862	2628720.814	1104550.078	2781.862	0.0	0.0
1326	2628718.008	1104545.37	2782.595	2628718.008	1104545.37	2782.595	0.0	0.0
1327	2628715.225	1104540.957	2783.036	2628715.225	1104540.957	2783.036	0.0	0.0
1328	2628712.663	1104537.013	2783.541	2628712.79	1104537.092	2783.519	0.1511753946609055	0.0215964849515579
1329	2628710.317	1104533.471	2784.112	2628710.418	1104533.559	2784.114	0.1339738782373487	0.0191391254624783
1330	2628706.64	1104529.739	2784.921	2628706.629	1104529.826	2784.873	0.0999699953396098	0.0142814279056585
1331	2628703.518	1104526.62	2785.422	2628703.474	1104526.597	2785.385	0.06191930249962	0.0088456146428028
1332	2628701.024	1104523.451	2785.992	2628701.024	1104523.451	2785.992	0.0	0.0
1333	2628697.236	1104520.497	2786.643	2628697.162	1104520.432	2786.654	0.0991060038344954	0.014158000547785
1356	2628783.627	1104671.141	2762.043	2628783.627	1104671.141	2762.043	0.0	0.0
1357	2628784.037	1104662.909	2761.806	2628784.037	1104662.909	2761.806	0.0	0.0
1358	2628785.526	1104656.749	2762.334	2628785.526	1104656.749	2762.334	0.0	0.0
1368	2628734.556	1104563.453	2775.883	2628734.556	1104563.453	2775.883	0.0	0.0
1369	2628717.7	1104552.706	2779.776	2628717.7	1104552.706	2779.776	0.0	0.0
1370	2628717.502	1104549.092	2779.873	2628717.502	1104549.092	2779.873	0.0	0.0
1371	2628713.89	1104544.361	2780.559	2628713.89	1104544.361	2780.559	0.0	0.0
1372	2628712.215	1104540.237	2781.186	2628712.219	1104540.289	2781.149	0.0639452892421455	0.0091350413203065
1373	2628709.75	1104536.624	2781.914	2628710.03	1104536.804	2781.893	0.3335281095527025	0.0476468727932432
1374	2628705.495	1104532.238	2782.555	2628705.49	1104532.186	2782.603	0.0709436395275318	0.0101348056467902
1375	2628702.725	1104529.138	2783.378	2628702.77	1104529.178	2783.391	0.0615954543474811	0.0087993506210687
1376	2628699.81	1104526.118	2783.771	2628699.831	1104526.169	2783.76	0.0562405546365634	0.0080343649480804
1377	2628697.614	1104523.31	2784.529	2628697.614	1104523.31	2784.529	0.0	0.0
1378	2628691.417	1104520.331	2785.931	2628692.069	1104520.349	2785.805	0.664307158100334	0.094901022585762
1400	2628778.134	1104673.83	2758.129	2628778.134	1104673.83	2758.129	0.0	0.0
1401	2628778.213	1104666.172	2758.281	2628778.242	1104666.361	2758.343	0.2010124374523469	0.0287160624931924
1402	2628778.912	1104658.62	2758.563	2628778.912	1104658.62	2758.563	0.0	0.0
1412	2628734.395	1104567.716	2772.703	2628734.19	1104567.618	2772.639	0.236061432746146	0.0337230618208779
1413	2628717.879	1104556.505	2776.685	2628718.241	1104556.724	2776.629	0.4267798025021345	0.0609685432145906
1414	2628715.22	1104551.927	2777.468	2628715.22	1104551.927	2777.468	0.0	0.0
1415	2628712.268	1104547.272	2778.322	2628712.268	1104547.272	2778.322	0.0	0.0
1416	2628710.257	1104543.439	2779.006	2628710.247	1104543.543	2778.982	0.1072007463374116	0.0153143923339159
1417	2628708.156	1104539.266	2779.48	2628708.156	1104539.266	2779.48	0.0	0.0
1418	2628706.019	1104535.665	2780.323	2628706.189	1104535.749	2780.337	0.1901367928097852	0.0271623989728264
1419	2628701.822	1104531.768	2780.99	2628702.007	1104531.817	2781.005	0.1919661429315144	0.027423734704502
1420	2628699.23	1104528.907	2781.963	2628699.227	1104528.856	2781.963	0.0510881590769973	0.007298308439571
1421	2628697.214	1104525.993	2782.393	2628697.214	1104525.993	2782.393	0.0	0.0
1422	2628692.27	1104522.749	2783.92	2628692.27	1104522.749	2783.92	0.0	0.0
1423	2628667.734	1104519.933	2789.152	2628685.665	1104520.663	2785.234	18.36857057571885	2.6240815108169784
1424	2628681.679	1104518.222	2786.409	2628681.675	1104518.17	2786.458	0.0715611627647296	0.0102230232521042
1443	2628774.813	1104686.306	2753.562	2628774.813	1104686.306	2753.562	0.0	0.0
1444	2628774.745	1104677.904	2753.941	2628775.035	1104678.11	2754.007	0.3617899943668191	0.0516842849095455
1445	2628775.082	1104670.636	2754.158	2628775.186	1104670.646	2754.233	0.1286118192823528	0.0183731170403361
1446	2628771.847	1104660.193	2754.674	2628771.654	1104660.171	2754.72	0.1996221430183402	0.02851744900262
1456	2628739.224	1104575.558	2768.156	2628739.159	1104575.614	2768.094	0.1058536726041175	0.0151219532291596
1457	2628717.638	1104560.409	2773.833	2628717.638	1104560.409	2773.833	0.0	0.0
1458	2628715.348	1104555.685	2774.755	2628715.428	1104555.593	2774.805	0.1317725310049433	0.0188246472864204
1459	2628711.637	1104550.482	2775.951	2628711.637	1104550.482	2775.951	0.0	0.0
1460	2628708.705	1104546.216	2776.684	2628708.705	1104546.216	2776.684	0.0	0.0
1461	2628707.185	1104542.341	2777.289	2628707.185	1104542.341	2777.289	0.0	0.0
1462	2628705.343	1104538.626	2778.171	2628705.39	1104538.683	2778.172	0.0738850460324004	0.0105550065760572
1463	2628701.836	1104534.848	2778.934	2628702.137	1104534.932	2778.901	0.3142387627137802	0.0448912518162543
1464	2628698.624	1104531.474	2779.787	2628698.624	1104531.474	2779.787	0.0	0.0
1465	2628696.831	1104528.483	2780.55	2628696.819	1104528.423	2780.525	0.0660984114637983	0.009442630209114
1466	2628692.787	1104525.553	2781.711	2628692.634	1104525.467	2781.708	0.1755391694217128	0.0250770242031018
1468	2628681.506	1104520.101	2784.701	2628681.506	1104520.101	2784.701	0.0	0.0
1487	2628773.64	1104693.527	2748.116	2628773.64	1104693.527	2748.116	0.0	0.0
1488	2628770.49	1104681.758	2749.974	2628770.558	1104681.77	2750.084	0.1298768647541903	0.0185538378220271
1489	2628771.39	1104674.298	2749.88	2628771.39	1104674.298	2749.88	0.0	0.0
1490	2628766.227	1104661.952	2751.734	2628766.227	1104661.952	2751.734	0.0	0.0
1500	2628736.976	1104578.74	2764.812	2628736.976	1104578.74	2764.812	0.0	0.0
1501	2628715.023	1104563.135	2771.838	2628714.874	1104562.989	2771.897	0.2167902212911183	0.0309700316130169
1502	2628713.793	1104558.766	2772.226	2628713.793	1104558.766	2772.226	0.0	0.0
1503	2628710.59	1104554.006	2773.283	2628710.335	1104553.832	2773.316	0.310467389564806	0.0443524842235437
1504	2628706.653	1104548.705	2774.696	2628706.653	1104548.705	2774.696	0.0	0.0
1505	2628705.261	1104544.96	2775.438	2628705.261	1104544.96	2775.438	0.0	0.0
1506	2628703.85	1104541.39	2775.886	2628703.884	1104541.5	2775.862	0.1176095235153995	0.0168013605021999
1507	2628702.024	1104538.029	2776.684	2628701.973	1104538.032	2776.647	0.0630793151238897	0.0090113307319842
1508	2628698.243	1104534.563	2777.505	2628698.177	1104534.489	2777.528	0.1017889972250764	0.014541285317868
1509	2628696.178	1104531.026	2778.495	2628696.178	1104531.026	2778.495	0.0	0.0
1512	2628681.19	1104521.711	2783.198	2628681.037	1104521.626	2783.245	0.1812263776969304	0.0258894825281329
1531	2628768.788	1104696.034	2744.565	2628768.726	1104696.159	2744.613	0.1475567688977966	0.0210795384139709
1532	2628767.227	1104685.651	2745.726	2628767.227	1104685.651	2745.726	0.0	0.0
1533	2628767.067	1104677.852	2746.228	2628767.067	1104677.852	2746.228	0.0	0.0
1534	2628766.756	1104670.02	2746.826	2628767.018	1104670.314	2746.867	0.3959305495303254	0.0565615070757607
1545	2628731.015	1104575.634	2763.357	2628731.015	1104575.634	2763.357	0.0	0.0
1546	2628713.327	1104562.459	2769.615	2628713.168	1104562.287	2769.673	0.24130685858945	0.0344724083699214
1547	2628709.83	1104557.12	2771.033	2628709.83	1104557.12	2771.033	0.0	0.0
1548	2628706.185	1104552.12	2772.182	2628706.185	1104552.12	2772.182	0.0	0.0
1549	2628703.903	1104547.923	2773.179	2628703.759	1104547.829	2773.104	0.1876086351048436	0.0268012335864062
1550	2628703.134	1104544.171	2773.892	2628703.134	1104544.171	2773.892	0.0	0.0
1551	2628700.981	1104540.815	2774.552	2628701.027	1104540.855	2774.54	0.0621288980134762	0.008875556859068
1552	2628698.066	1104537.101	2775.469	2628698.209	1104537.178	2775.471	0.162425367227619	0.0232036238896598
1553	2628696.036	1104533.969	2776.424	2628696.076	1104534.035	2776.4	0.0808207893211987	0.0115458270458855
1554	2628692.331	1104530.28	2777.612	2628692.681	1104530.456	2777.58	0.3930648802136036	0.0561521257448005
1555	2628688.552	1104527.391	2779.229	2628688.513	1104527.325	2779.24	0.0774467561664257	0.0110638223094893
1557	2628669.752	1104521.129	2785.161	2628669.752	1104521.129	2785.161	0.0	0.0
1575	2628764.13	1104698.236	2740.489	2628764.017	1104698.088	2740.414	0.2007436175564028	0.0286776596509146
1576	2628765.272	1104691.692	2741.146	2628765.335	1104691.601	2741.184	0.1170213656262793	0.0167173379466113
1577	2628763.257	1104681.19	2742.656	2628763.325	1104681.315	2742.742	0.1662678561718656	0.023752550881695
1578	2628762.498	1104673.111	2743.186	2628762.466	1104673.164	2743.32	0.1476109752544569	0.0210872821792081
1579	2628761.574	1104664.372	2742.392	2628761.548	1104664.218	2742.306	0.1782918953900147	0.0254702707700021
1589	2628729.828	1104578.371	2760.758	2628729.83	1104578.518	2760.697	0.1591665792946617	0.0227380827563802
1590	2628713.846	1104566.685	2766.59	2628713.846	1104566.685	2766.59	0.0	0.0
1591	2628709.3	1104560.497	2768.372	2628709.453	1104560.582	2768.398	0.1769463198703374	0.0252780456957624
1592	2628705.92	1104555.504	2769.915	2628705.869	1104555.395	2769.95	0.1253275707269157	0.0179039386752736
1593	2628703.9	1104551.099	2770.952	2628703.9	1104551.099	2770.952	0.0	0.0
1594	2628701.006	1104546.838	2772.063	2628701.057	1104546.834	2772.088	0.0569385633589568	0.0081340804798509
1595	2628699.683	1104543.167	2772.549	2628699.651	1104543.091	2772.585	0.0899777749798161	0.0128539678542594
1596	2628697.81	1104539.912	2773.469	2628697.773	1104539.863	2773.456	0.062761453234787	0.0089659218906838
1597	2628695.317	1104536.213	2774.6	2628695.317	1104536.213	2774.6	0.0	0.0
1598	2628692.094	1104532.735	2775.758	2628692.411	1104532.93	2775.665	0.383618299630997	0.0548026142329995
1599	2628688.136	1104529.433	2777.664	2628688.133	1104529.381	2777.689	0.0577754272216678	0.0082536324602382
1601	2628678.686	1104523.912	2780.63	2628671.401	1104523.122	2782.964	7.690440884775669	1.0986344121108098
1620	2628761.81	1104695.137	2737.335	2628761.81	1104695.137	2737.335	0.0	0.0
1621	2628759.801	1104685.061	2738.564	2628759.801	1104685.061	2738.564	0.0	0.0
1622	2628758.188	1104675.104	2739.994	2628758.158	1104675.159	2739.921	0.0961977131148229	0.0137425304449747
1623	2628758.53	1104668.599	2739.761	2628758.541	1104668.512	2739.798	0.0951787790342655	0.0135969684334665
1634	2628715.141	1104571.165	2762.99	2628723.5	1104575.842	2759.801	10.095391572495352	1.4421987960707645
1635	2628709.551	1104563.406	2765.89	2628709.551	1104563.406	2765.89	0.0	0.0
1636	2628705.655	1104558.725	2767.427	2628705.838	1104558.869	2767.393	0.2353316808869227	0.0336188115552746
1637	2628702.832	1104553.861	2768.66	2628702.832	1104553.861	2768.66	0.0	0.0
1638	2628699.382	1104549.376	2770.106	2628699.378	1104549.437	2770.057	0.0783453891430226	0.0111921984490032
1639	2628699.187	1104546.22	2770.315	2628699.155	1104546.257	2770.278	0.0613351449718202	0.0087621635674028
1640	2628697.016	1104542.526	2771.352	2628696.956	1104542.538	2771.327	0.0660984115058962	0.009442630215128
1641	2628694.548	1104538.85	2772.617	2628694.548	1104538.85	2772.617	0.0	0.0
1642	2628692.498	1104536.153	2773.426	2628692.464	1104536.285	2773.341	0.1606393475913272	0.0229484782273324
1643	2628687.906	1104531.94	2775.518	2628687.922	1104532.034	2775.469	0.107205410321579	0.0153150586173684
1644	2628685.784	1104529.489	2776.436	2628685.843	1104529.589	2776.401	0.1212682974207769	0.0173240424886824
1665	2628757.213	1104689.271	2734.705	2628757.214	1104689.158	2734.741	0.1186001685359611	0.016942881219423
1666	2628754.726	1104678.488	2736.537	2628754.726	1104678.488	2736.537	0.0	0.0
1667	2628754.858	1104671.37	2737.362	2628754.858	1104671.37	2737.362	0.0	0.0
1678	2628722.849	1104580.553	2756.689	2628722.849	1104580.553	2756.689	0.0	0.0
1679	2628711.199	1104568.954	2761.98	2628711.157	1104568.966	2761.918	0.0758419408641538	0.0108345629805934
1680	2628705.601	1104562.322	2764.552	2628705.601	1104562.322	2764.552	0.0	0.0
1681	2628702.719	1104557.348	2766.444	2628702.719	1104557.348	2766.444	0.0	0.0
1682	2628699.611	1104552.59	2767.527	2628699.615	1104552.642	2767.491	0.063371918008153	0.0090531311440218
1683	2628698.225	1104548.948	2768.306	2628698.225	1104548.948	2768.306	0.0	0.0
1684	2628696.617	1104545.243	2769.252	2628696.617	1104545.243	2769.252	0.0	0.0
1685	2628693.182	1104541.224	2770.565	2628693.182	1104541.224	2770.565	0.0	0.0
1686	2628691.37	1104538.008	2771.742	2628691.37	1104538.008	2771.742	0.0	0.0
1687	2628686.854	1104533.911	2773.921	2628686.759	1104533.909	2773.919	0.095042095677828	0.0135774422396897
1690	2628670.511	1104524.791	2780.66	2628670.558	1104524.831	2780.611	0.0788035533893627	0.0112576504841946
1710	2628751.101	1104682.298	2733.103	2628750.986	1104682.246	2733.04	0.1410602705754802	0.0201514672250686
1711	2628750.819	1104673.581	2733.674	2628750.849	1104673.77	2733.663	0.1916820283506891	0.0273831469072413
1722	2628725.428	1104586.215	2752.302	2628725.508	1104586.252	2752.328	0.091896681184576	0.0131280973120822
1723	2628715.653	1104575.732	2756.851	2628715.653	1104575.732	2756.851	0.0	0.0
1724	2628707.132	1104566.621	2761.236	2628707.383	1104566.839	2761.081	0.3668105775394759	0.0524015110770679
1725	2628703.548	1104561.147	2763.349	2628703.542	1104561.191	2763.325	0.0504777178579868	0.0072111025511409
1726	2628700.113	1104555.949	2765.368	2628700.113	1104555.949	2765.368	0.0	0.0
1727	2628696.987	1104551.356	2766.597	2628696.987	1104551.356	2766.597	0.0	0.0
1728	2628696.039	1104547.919	2767.382	2628696.156	1104547.989	2767.396	0.1370583818275261	0.0195797688325037
1729	2628693.817	1104544.228	2768.345	2628693.872	1104544.277	2768.383	0.0828854633199238	0.0118407804742748
1730	2628691.221	1104540.768	2769.927	2628691.311	1104540.814	2769.904	0.1036580921357746	0.0148082988765392
1731	2628689.08	1104537.573	2771.161	2628689.179	1104537.627	2771.138	0.1150912680718835	0.0164416097245547
1732	2628684.829	1104533.788	2773.234	2628684.938	1104533.85	2773.211	0.1274911763851599	0.0182130251978799
1733	2628681.749	1104530.466	2774.15	2628681.749	1104530.466	2774.15	0.0	0.0
1734	2628676.887	1104527.758	2776.743	2628671.571	1104526.856	2778.907	5.810022031038514	0.8300031472912163
1755	2628747.547	1104677.191	2731.38	2628747.547	1104677.191	2731.38	0.0	0.0
1767	2628719.922	1104582.32	2752.415	2628719.836	1104582.083	2752.475	0.2591621112834787	0.0370231587547826
1768	2628708.148	1104571.084	2757.766	2628708.102	1104571.044	2757.766	0.0609590027084242	0.0087084289583463
1769	2628704.417	1104565.273	2760.097	2628704.316	1104565.184	2760.095	0.1346328339783736	0.0192332619969105
1770	2628700.038	1104559.219	2762.43	2628700.053	1104559.183	2762.467	0.0537587201831279	0.0076798171690182
1771	2628697.123	1104554.636	2764.237	2628697.123	1104554.636	2764.237	0.0	0.0
1772	2628695.033	1104550.624	2765.372	2628695.033	1104550.624	2765.372	0.0	0.0
1773	2628692.91	1104546.762	2766.446	2628692.91	1104546.762	2766.446	0.0	0.0
1774	2628691.903	1104543.891	2767.378	2628691.996	1104543.989	2767.392	0.1358270958857614	0.019403870840823
1775	2628689.401	1104540.484	2769.304	2628689.467	1104540.575	2769.342	0.1186633895393741	0.0169519127913391
1776	2628684.05	1104535.932	2771.482	2628684.074	1104535.904	2771.519	0.0522398316062008	0.0074628330866001
1777	2628682.716	1104533.168	2772.826	2628682.767	1104533.164	2772.875	0.0708378429751729	0.0101196918535961
1779	2628669.618	1104526.944	2778.43	2628669.618	1104526.944	2778.43	0.0	0.0
1800	2628744.256	1104672.987	2728.662	2628744.289	1104672.967	2728.736	0.0834565754686445	0.011922367924092
1811	2628717.777	1104585.433	2749.5	2628717.677	1104585.362	2749.498	0.122658060986488	0.0175225801409268
1812	2628710.729	1104576.538	2753.514	2628710.729	1104576.538	2753.514	0.0	0.0
1813	2628704.779	1104569.086	2757.057	2628704.779	1104569.086	2757.057	0.0	0.0
1814	2628700.676	1104563.03	2759.443	2628700.676	1104563.03	2759.443	0.0	0.0
1815	2628696.797	1104557.445	2761.662	2628696.722	1104557.364	2761.673	0.1109369188277509	0.0158481312611072
1816	2628695.045	1104553.584	2762.888	2628695.085	1104553.668	2762.852	0.0997597113483401	0.0142513873354771
1817	2628692.076	1104549.36	2764.597	2628692.159	1104549.433	2764.598	0.1105395856516041	0.0157913693788005
1818	2628690.707	1104546.107	2765.475	2628690.866	1104546.295	2765.477	0.2462295675554268	0.0351756525079181
1819	2628689.178	1104542.671	2767.009	2628689.232	1104542.702	2767.01	0.0622735898905956	0.0088962271272279
1820	2628682.761	1104537.988	2769.943	2628682.763	1104538.005	2769.895	0.0509607692172845	0.0072801098881835
1822	2628680.228	1104532.686	2771.961	2628680.43	1104532.734	2771.964	0.2076463339789966	0.0296637619969995
1823	2628659.786	1104526.122	2781.464	2628659.884	1104526.176	2781.49	0.114873844044951	0.0164105491492787
1824	2628659.709	1104525.797	2781.682	2628659.706	1104525.746	2781.706	0.056444663148016	0.0080635233068594
1825	2628669.618	1104526.944	2778.43	2628669.618	1104526.944	2778.43	0.0	0.0
1845	2628739.393	1104667.351	2727.056	2628739.339	1104667.303	2726.982	0.1034214677703009	0.0147744953957572
1855	2628718.567	1104590.25	2745.869	2628718.567	1104590.25	2745.869	0.0	0.0
1856	2628712.745	1104581.708	2749.326	2628712.665	1104581.653	2749.203	0.1566971602498678	0.0223853086071239
1857	2628705.311	1104572.853	2753.946	2628705.311	1104572.853	2753.946	0.0	0.0
1858	2628701.675	1104567.044	2756.314	2628701.776	1104567.132	2756.304	0.1343316792493543	0.0191902398927649
1859	2628698.015	1104561.245	2758.573	2628698.015	1104561.245	2758.573	0.0	0.0
1860	2628694.648	1104556.432	2760.678	2628694.648	1104556.432	2760.678	0.0	0.0
1861	2628693.248	1104552.685	2761.994	2628693.248	1104552.685	2761.994	0.0	0.0
1862	2628689.966	1104548.334	2763.87	2628690.044	1104548.338	2763.92	0.0927361851318068	0.0132480264474009
1863	2628688.107	1104545.043	2764.888	2628688.629	1104545.304	2764.7	0.6131468016149318	0.0875924002307045
1864	2628684.278	1104540.9	2767.283	2628684.256	1104540.832	2767.307	0.0753923072381808	0.0107703296054544
1866	2628680.109	1104534.647	2770.45	2628679.999	1104534.568	2770.509	0.1477227135427889	0.0211032447918269
1867	2628659.965	1104527.534	2780.199	2628673.383	1104530.815	2773.577	15.318569417586897	2.188367059655271
1868	2628667.242	1104528.405	2776.875	2628667.242	1104528.405	2776.875	0.0	0.0
1869	2628667.242	1104528.405	2776.875	2628667.242	1104528.405	2776.875	0.0	0.0
1870	2628667.242	1104528.405	2776.875	2628667.242	1104528.405	2776.875	0.0	0.0
1890	2628731.359	1104660.045	2725.819	2628731.157	1104659.998	2725.73	0.2256856220973787	0.0322408031567683
1900	2628714.443	1104586.62	2745.598	2628714.443	1104586.62	2745.598	0.0	0.0
1901	2628705.932	1104577.134	2750.63	2628705.932	1104577.134	2750.63	0.0	0.0
1902	2628702.558	1104571.359	2753.014	2628702.558	1104571.359	2753.014	0.0	0.0
1903	2628698.908	1104565.49	2755.492	2628698.912	1104565.542	2755.455	0.0639452890528087	0.0091350412932583
1904	2628695.089	1104559.848	2758.139	2628695.089	1104559.848	2758.139	0.0	0.0
1905	2628692.518	1104555.225	2759.865	2628692.603	1104555.332	2759.83	0.1410638152049416	0.0201519736007059
1906	2628690.82	1104551.542	2761.141	2628690.82	1104551.542	2761.141	0.0	0.0
1907	2628686.903	1104547.093	2763.411	2628687.697	1104547.492	2762.971	0.9915830778818217	0.1416547254116888
1908	2628683.211	1104543.324	2765.161	2628683.301	1104543.37	2765.163	0.1010940155568229	0.0144420022224032
1909	2628681.019	1104539.541	2767.31	2628681.019	1104539.541	2767.31	0.0	0.0
1911	2628675.714	1104533.414	2770.658	2628675.714	1104533.414	2770.658	0.0	0.0
1912	2628664.357	1104528.916	2776.961	2628664.357	1104528.916	2776.961	0.0	0.0
1913	2628667.242	1104528.405	2776.875	2628667.242	1104528.405	2776.875	0.0	0.0
1914	2628667.242	1104528.405	2776.875	2628667.242	1104528.405	2776.875	0.0	0.0
1915	2628667.242	1104528.405	2776.875	2628667.242	1104528.405	2776.875	0.0	0.0
1916	2628667.242	1104528.405	2776.875	2628667.242	1104528.405	2776.875	0.0	0.0
1944	2628712.945	1104590.867	2742.645	2628712.96	1104590.962	2742.657	0.0969226495645219	0.0138460927949317
1945	2628704.719	1104580.079	2748.422	2628704.719	1104580.079	2748.422	0.0	0.0
1946	2628702.176	1104574.606	2750.342	2628702.345	1104574.802	2750.332	0.2589922780226316	0.0369988968603759
1947	2628699.559	1104569.474	2752.346	2628699.723	1104569.585	2752.3	0.2033051896008048	0.0290435985144006
1948	2628695.976	1104563.504	2755.155	2628695.976	1104563.504	2755.155	0.0	0.0
1949	2628692.912	1104558.567	2757.216	2628692.912	1104558.567	2757.216	0.0	0.0
1950	2628690.374	1104554.072	2759.028	2628690.436	1104554.094	2759.053	0.0703775536132316	0.0100539362304616
1951	2628686.784	1104549.584	2761.327	2628686.768	1104549.49	2761.388	0.1131945228453346	0.016170646120762
1952	2628682.703	1104546.109	2763.17	2628682.498	1104546.027	2763.18	0.2210180988520092	0.0315740141217156
1953	2628680.719	1104542.408	2765.053	2628680.723	1104542.459	2765.016	0.0631347764645268	0.0090192537806466
1956	2628669.152	1104531.73	2772.754	2628672.913	1104532.83	2770.656	4.44485376624013	0.6349791094628757
1957	2628672.38	1104532.301	2771.026	2628672.38	1104532.301	2771.026	0.0	0.0
1958	2628664.326	1104528.728	2777.119	2628664.326	1104528.728	2777.119	0.0	0.0
1959	2628667.242	1104528.405	2776.875	2628667.242	1104528.405	2776.875	0.0	0.0
1960	2628667.242	1104528.405	2776.875	2628667.242	1104528.405	2776.875	0.0	0.0
1961	2628667.242	1104528.405	2776.875	2628667.242	1104528.405	2776.875	0.0	0.0
1962	2628667.242	1104528.405	2776.875	2628667.242	1104528.405	2776.875	0.0	0.0
1964	2628667.242	1104528.405	2776.875	2628667.242	1104528.405	2776.875	0.0	0.0
1981	2628719.003	1104637.847	2725.976	2628718.617	1104637.397	2726.067	0.5998141378060845	0.0856877339722977
1982	2628719.361	1104634.04	2726.263	2628719.244	1104634.213	2726.152	0.2365142701894871	0.0337877528842124
1985	2628714.711	1104613.713	2733.296	2628714.422	1104613.689	2733.402	0.3087604252407157	0.044108632177245
1987	2628711.176	1104597.646	2738.852	2628710.907	1104597.378	2738.799	0.3833979654104728	0.0547711379157818
1988	2628710.031	1104592.34	2740.57	2628710.031	1104592.34	2740.57	0.0	0.0
1989	2628710.71	1104588.95	2741.621	2628710.714	1104589.002	2741.621	0.0521536193973368	0.0074505170567624
1990	2628701.043	1104577.379	2748.403	2628701.148	1104577.52	2748.393	0.1760852066853359	0.0251550295264765
1991	2628698.937	1104572.709	2750.074	2628699.034	1104572.859	2750.039	0.1820274704132836	0.0260039243447548
1992	2628696.748	1104567.577	2751.816	2628696.742	1104567.62	2751.779	0.0570438428409057	0.0081491204058436
1993	2628693.212	1104562.07	2754.675	2628693.154	1104561.988	2754.686	0.101039596180169	0.0144342280257384
1994	2628690.702	1104557.114	2756.657	2628690.697	1104557.158	2756.621	0.0570701322794582	0.0081528760399226
1995	2628687.722	1104553.08	2758.88	2628687.57	1104553.012	2758.902	0.1679642821176299	0.0239948974453757
1996	2628683.038	1104547.692	2762.104	2628683.024	1104547.615	2762.164	0.0986154146498775	0.0140879163785539
1997	2628680.928	1104544.364	2763.595	2628680.992	1104544.403	2763.583	0.0759012517787748	0.0108430359683964
1998	2628679.199	1104541.79	2764.995	2628679.346	1104541.902	2764.875	0.2203474528035186	0.0314782075433598
1999	2628676.252	1104537.945	2767.011	2628676.194	1104537.879	2767.083	0.1135957744932945	0.0162279677847563
2000	2628672.766	1104534.523	2769.314	2628672.725	1104534.552	2769.29	0.0556596799345765	0.0079513828477966
2001	2628671.251	1104532.655	2770.45	2628671.251	1104532.655	2770.45	0.0	0.0
2002	2628671.251	1104532.655	2770.45	2628671.251	1104532.655	2770.45	0.0	0.0
2003	2628664.326	1104528.728	2777.119	2628664.326	1104528.728	2777.119	0.0	0.0
2004	2628664.326	1104528.728	2777.119	2628664.326	1104528.728	2777.119	0.0	0.0
2005	2628667.242	1104528.405	2776.875	2628667.242	1104528.405	2776.875	0.0	0.0
2006	2628667.242	1104528.405	2776.875	2628667.242	1104528.405	2776.875	0.0	0.0
2007	2628667.242	1104528.405	2776.875	2628667.242	1104528.405	2776.875	0.0	0.0
2008	2628667.242	1104528.405	2776.875	2628667.242	1104528.405	2776.875	0.0	0.0
2009	2628667.242	1104528.405	2776.875	2628667.242	1104528.405	2776.875	0.0	0.0
2010	2628667.242	1104528.405	2776.875	2628667.242	1104528.405	2776.875	0.0	0.0
