ID	X_x	Y_x	Z_x	X_y	Y_y	Z_y	Distances	Velocity
31	2628831.139	1104494.383	2873.423	2628830.732	1104494.22	2873.283	0.4602368956105205	0.06574812794436
32	2628830.732	1104494.22	2873.283	2628830.732	1104494.22	2873.283	0.0	0.0
33	2628829.388	1104492.677	2872.272	2628829.388	1104492.677	2872.272	0.0	0.0
34	2628819.165	1104484.576	2865.481	2628819.165	1104484.576	2865.481	0.0	0.0
35	2628797.404	1104479.672	2860.93	2628797.404	1104479.672	2860.93	0.0	0.0
36	2628779.094	1104478.24	2857.717	2628779.094	1104478.24	2857.717	0.0	0.0
37	2628779.135	1104477.483	2858.045	2628779.135	1104477.483	2858.045	0.0	0.0
77	2628830.732	1104494.22	2873.283	2628830.732	1104494.22	2873.283	0.0	0.0
78	2628829.388	1104492.677	2872.272	2628829.388	1104492.677	2872.272	0.0	0.0
79	2628827.443	1104479.21	2869.241	2628795.067	1104481.488	2858.851	34.078538114336794	4.868362587762399
80	2628797.404	1104479.672	2860.93	2628797.404	1104479.672	2860.93	0.0	0.0
81	2628779.094	1104478.24	2857.717	2628779.094	1104478.24	2857.717	0.0	0.0
108	2628925.468	1104636.55	2844.849	2628925.769	1104636.132	2844.901	0.5177151726958124	0.073959310385116
123	2628829.388	1104492.677	2872.272	2628829.388	1104492.677	2872.272	0.0	0.0
124	2628819.165	1104484.576	2865.481	2628819.165	1104484.576	2865.481	0.0	0.0
125	2628797.404	1104479.672	2860.93	2628797.404	1104479.672	2860.93	0.0	0.0
126	2628793.18	1104477.106	2860.489	2628779.094	1104478.24	2857.717	14.400879695481986	2.057268527925998
154	2628945.561	1104630.898	2852.563	2628944.915	1104623.413	2854.099	7.668235585959108	1.095462226565587
167	2628830.941	1104494.258	2873.347	2628830.732	1104494.22	2873.283	0.2218580629731763	0.031694008996168
168	2628829.388	1104492.677	2872.272	2628829.388	1104492.677	2872.272	0.0	0.0
169	2628827.443	1104479.21	2869.241	2628827.443	1104479.21	2869.241	0.0	0.0
170	2628797.404	1104479.672	2860.93	2628797.404	1104479.672	2860.93	0.0	0.0
171	2628779.094	1104478.24	2857.717	2628779.094	1104478.24	2857.717	0.0	0.0
198	2628920.966	1104638.032	2843.107	2628948.442	1104647.991	2848.028	29.636607396751156	4.233801056678736
199	2628946.727	1104636.238	2852.764	2628944.995	1104630.902	2852.202	5.638134797814331	0.8054478282591901
200	2628945.756	1104620.98	2855.557	2628945.756	1104620.98	2855.557	0.0	0.0
213	2628829.388	1104492.677	2872.272	2628829.388	1104492.677	2872.272	0.0	0.0
214	2628827.505	1104480.952	2867.328	2628827.443	1104479.21	2869.241	2.5880450151201764	0.3697207164457395
215	2628796.997	1104479.543	2861.01	2628797.001	1104479.482	2861.022	0.0622976725080673	0.0088996675011524
216	2628797.053	1104478.796	2860.862	2628797.053	1104478.796	2860.862	0.0	0.0
217	2628771.838	1104477.648	2857.498	2628771.838	1104477.648	2857.498	0.0	0.0
243	2628925.468	1104636.55	2844.849	2628925.769	1104636.132	2844.901	0.5177151726958124	0.073959310385116
244	2628947.137	1104636.746	2853.113	2628946.727	1104636.238	2852.764	0.7402465807225909	0.1057495115317986
245	2628945.756	1104620.98	2855.557	2628945.643	1104620.702	2855.543	0.3004147132534197	0.0429163876076313
258	2628829.388	1104492.677	2872.272	2628829.388	1104492.677	2872.272	0.0	0.0
259	2628829.388	1104492.677	2872.272	2628819.183	1104484.722	2865.481	14.613067131492064	2.08758101878458
260	2628797.404	1104479.672	2860.93	2628797.404	1104479.672	2860.93	0.0	0.0
261	2628779.094	1104478.24	2857.717	2628779.094	1104478.24	2857.717	0.0	0.0
288	2628925.468	1104636.55	2844.849	2628953.603	1104645.536	2850.668	30.10294307894541	4.300420439849344
289	2628947.137	1104636.746	2853.113	2628946.727	1104636.238	2852.764	0.7402465807225909	0.1057495115317986
290	2628945.756	1104620.98	2855.557	2628945.643	1104620.702	2855.543	0.3004147132534197	0.0429163876076313
303	2628829.388	1104492.677	2872.272	2628829.388	1104492.677	2872.272	0.0	0.0
304	2628819.165	1104484.576	2865.481	2628819.165	1104484.576	2865.481	0.0	0.0
305	2628797.404	1104479.672	2860.93	2628797.404	1104479.672	2860.93	0.0	0.0
306	2628797.053	1104478.796	2860.862	2628797.116	1104478.982	2860.924	0.2059344556053298	0.0294192079436185
309	2628765.093	1104472.396	2856.149	2628763.879	1104472.496	2855.51	1.3755424381888124	0.1965060625984017
310	2628758.801	1104470.632	2853.692	2628758.594	1104470.594	2853.469	0.3066300702301937	0.0438042957471705
333	2628948.442	1104647.991	2848.028	2628948.442	1104647.991	2848.028	0.0	0.0
334	2628946.727	1104636.238	2852.764	2628945.379	1104631.561	2851.988	4.928854734977892	0.7041221049968417
335	2628945.756	1104620.98	2855.557	2628945.643	1104620.702	2855.543	0.3004147132534197	0.0429163876076313
347	2628831.139	1104494.383	2873.423	2628831.139	1104494.383	2873.423	0.0	0.0
348	2628829.388	1104492.677	2872.272	2628829.388	1104492.677	2872.272	0.0	0.0
349	2628819.256	1104484.916	2865.519	2628819.256	1104484.916	2865.519	0.0	0.0
350	2628797.404	1104479.672	2860.93	2628797.404	1104479.672	2860.93	0.0	0.0
351	2628792.005	1104478.921	2858.927	2628792.005	1104478.921	2858.927	0.0	0.0
352	2628790.786	1104473.931	2863.284	2628790.786	1104473.931	2863.284	0.0	0.0
353	2628768.568	1104475.634	2854.371	2628768.607	1104475.571	2854.383	0.0750599760221133	0.0107228537174447
354	2628760.67	1104474.11	2850.842	2628759.9	1104474.163	2850.392	0.8934254305827378	0.1276322043689625
378	2628948.442	1104647.991	2848.028	2628948.442	1104647.991	2848.028	0.0	0.0
379	2628946.727	1104636.238	2852.764	2628946.727	1104636.238	2852.764	0.0	0.0
380	2628945.756	1104620.98	2855.557	2628945.756	1104620.98	2855.557	0.0	0.0
381	2628962.195	1104607.439	2869.093	2628962.195	1104607.439	2869.093	0.0	0.0
392	2628831.139	1104494.383	2873.423	2628831.139	1104494.383	2873.423	0.0	0.0
393	2628846.556	1104487.749	2876.895	2628840.343	1104487.71	2874.528	6.648727622626025	0.9498182318037178
394	2628819.256	1104484.916	2865.519	2628819.256	1104484.916	2865.519	0.0	0.0
395	2628794.591	1104482.933	2858.201	2628795.067	1104481.488	2858.851	1.6544186290023215	0.2363455184289031
396	2628792.13	1104478.626	2859.123	2628794.022	1104478.003	2860.185	2.257351766972358	0.322478823853194
397	2628775.369	1104478.258	2854.002	2628773.815	1104478.449	2853.372	1.687689841189128	0.241098548741304
398	2628758.793	1104478.653	2847.249	2628758.625	1104478.569	2847.088	0.2473883587125127	0.0353411941017875
399	2628747.674	1104478.037	2843.033	2628747.915	1104478.038	2843.195	0.2903893936806915	0.0414841990972416
423	2628948.442	1104647.991	2848.028	2628948.442	1104647.991	2848.028	0.0	0.0
424	2628947.137	1104636.746	2853.113	2628946.727	1104636.238	2852.764	0.7402465807225909	0.1057495115317986
425	2628943.47	1104621.771	2853.648	2628945.756	1104620.98	2855.557	3.081518781258725	0.4402169687512464
426	2628962.195	1104607.439	2869.093	2628962.195	1104607.439	2869.093	0.0	0.0
427	2628960.527	1104599.45	2870.784	2628960.975	1104600.087	2870.877	0.7842971378395143	0.1120424482627877
437	2628827.429	1104496.326	2871.058	2628827.429	1104496.326	2871.058	0.0	0.0
438	2628839.186	1104488.102	2873.659	2628839.605	1104487.822	2873.944	0.5789525022104737	0.0827075003157819
439	2628819.201	1104484.868	2865.494	2628819.165	1104484.576	2865.481	0.2944978778637183	0.0420711254091026
440	2628826.047	1104477.947	2868.254	2628826.156	1104477.767	2868.267	0.2108316864560111	0.0301188123508587
441	2628780.359	1104481.846	2852.049	2628773.459	1104483.316	2849.629	7.458371136229655	1.0654815908899506
442	2628765.868	1104480.947	2846.737	2628765.712	1104480.906	2846.588	0.2195859740160665	0.031369424859438
443	2628753.333	1104480.339	2842.319	2628752.009	1104480.62	2841.728	1.4768947153290528	0.2109849593327218
444	2628733.359	1104482.709	2835.343	2628733.164	1104482.619	2835.218	0.2484954730600066	0.0354993532942866
468	2628948.442	1104647.991	2848.028	2628948.442	1104647.991	2848.028	0.0	0.0
469	2628946.369	1104635.563	2852.171	2628946.369	1104635.563	2852.171	0.0	0.0
470	2628945.756	1104620.98	2855.557	2628945.756	1104620.98	2855.557	0.0	0.0
471	2628962.195	1104607.439	2869.093	2628962.195	1104607.439	2869.093	0.0	0.0
472	2628960.975	1104600.087	2870.877	2628960.975	1104600.087	2870.877	0.0	0.0
473	2628955.722	1104586.533	2873.485	2628955.722	1104586.533	2873.485	0.0	0.0
483	2628798.39	1104494.085	2854.591	2628790.76	1104495.223	2852.038	8.125869369210935	1.160838481315848
484	2628784.253	1104490.467	2850.18	2628783.773	1104490.387	2850.051	0.5034292402679469	0.0719184628954209
485	2628777.757	1104487.306	2847.594	2628775.094	1104487.676	2846.619	2.85991153724075	0.4085587910343928
486	2628766.678	1104484.928	2844.009	2628765.976	1104484.942	2843.498	0.8684014049199954	0.1240573435599993
487	2628752.89	1104484.015	2839.194	2628752.367	1104484.172	2838.968	0.5909771569912092	0.0844253081416013
488	2628738.299	1104484.445	2834.422	2628738.241	1104484.362	2834.421	0.1012620365150143	0.0144660052164306
489	2628723.178	1104486.087	2829.903	2628723.049	1104486.07	2829.816	0.156521563781549	0.0223602233973641
513	2628948.442	1104647.991	2848.028	2628948.442	1104647.991	2848.028	0.0	0.0
514	2628946.727	1104636.238	2852.764	2628946.727	1104636.238	2852.764	0.0	0.0
515	2628945.756	1104620.98	2855.557	2628945.756	1104620.98	2855.557	0.0	0.0
516	2628962.195	1104607.439	2869.093	2628962.195	1104607.439	2869.093	0.0	0.0
517	2628960.795	1104600.057	2870.582	2628960.527	1104599.45	2870.784	0.6935971454502002	0.0990853064928857
518	2628955.722	1104586.533	2873.485	2628955.722	1104586.533	2873.485	0.0	0.0
523	2628868.93	1104524.655	2874.33	2628868.977	1104524.634	2874.587	0.2621049407736516	0.0374435629676645
527	2628794.814	1104499.73	2850.148	2628794.224	1104499.666	2849.896	0.6447480126575121	0.0921068589510731
528	2628783.962	1104495.701	2846.61	2628783.81	1104495.616	2846.571	0.178465682761335	0.0254950975373335
529	2628776.268	1104492.204	2843.934	2628776.268	1104492.204	2843.934	0.0	0.0
530	2628767.512	1104489.039	2840.768	2628769.789	1104488.59	2841.762	2.524750680556107	0.3606786686508724
531	2628751.415	1104488.409	2835.863	2628752.33	1104488.175	2836.18	0.9962278855961676	0.142318269370881
532	2628736.119	1104488.548	2831.228	2628735.641	1104488.615	2831.038	0.518722469263889	0.0741032098948412
533	2628718.127	1104490.235	2826.097	2628727.524	1104487.413	2828.705	10.15228826459404	1.4503268949420056
558	2628948.442	1104647.991	2848.028	2628948.442	1104647.991	2848.028	0.0	0.0
559	2628946.727	1104636.238	2852.764	2628946.727	1104636.238	2852.764	0.0	0.0
560	2628945.756	1104620.98	2855.557	2628945.756	1104620.98	2855.557	0.0	0.0
561	2628962.195	1104607.439	2869.093	2628962.195	1104607.439	2869.093	0.0	0.0
566	2628882.535	1104543.294	2873.031	2628882.39	1104543.087	2873.187	0.2970016834618403	0.04242881192312
567	2628865.579	1104533.52	2868.298	2628865.712	1104533.312	2868.323	0.2481491487373182	0.0354498783910454
571	2628789.721	1104506.147	2844.477	2628789.777	1104506.246	2844.625	0.1866574401705059	0.0266653485957865
572	2628782.003	1104501.526	2841.871	2628782.003	1104501.526	2841.871	0.0	0.0
573	2628773.923	1104497.465	2839.384	2628773.316	1104497.662	2839.12	0.6906185631602287	0.0986597947371755
574	2628765.789	1104493.927	2837.117	2628765.563	1104494.003	2836.882	0.3347790314873409	0.0478255759267629
575	2628755.18	1104491.819	2834.015	2628752.224	1104492.226	2833.086	3.125160156137564	0.4464514508767948
576	2628739.825	1104491.13	2829.67	2628740.658	1104491.065	2829.815	0.8480206361784539	0.1211458051683505
577	2628728.882	1104490.55	2826.764	2628727.823	1104490.707	2826.457	1.113723035912923	0.1591032908447033
603	2628948.442	1104647.991	2848.028	2628948.442	1104647.991	2848.028	0.0	0.0
604	2628947.137	1104636.746	2853.113	2628946.727	1104636.238	2852.764	0.7402465807225909	0.1057495115317986
605	2628945.756	1104620.98	2855.557	2628945.756	1104620.98	2855.557	0.0	0.0
606	2628962.195	1104607.439	2869.093	2628962.195	1104607.439	2869.093	0.0	0.0
607	2628960.527	1104599.45	2870.784	2628960.527	1104599.45	2870.784	0.0	0.0
610	2628875.843	1104551.86	2864.853	2628875.864	1104551.702	2865.06	0.2612546650773651	0.0373220950110521
611	2628870.444	1104542.07	2863.24	2628869.946	1104542.069	2862.94	0.581381974382977	0.0830545677689967
615	2628789.194	1104511.787	2840.465	2628789.266	1104511.524	2840.233	0.3580181559287371	0.0511454508469624
616	2628779.221	1104507.057	2837.731	2628779.151	1104507.157	2837.621	0.1643167670952024	0.0234738238707432
617	2628770.124	1104502.77	2835.059	2628769.775	1104502.769	2834.602	0.5750226082083758	0.0821460868869108
618	2628764.608	1104498.753	2833.327	2628763.42	1104499.024	2832.872	1.3006959676141916	0.1858137096591702
619	2628753.017	1104496.095	2830.418	2628752.967	1104496.229	2830.296	0.1879893614075335	0.026855623058219
620	2628740.276	1104494.622	2827.449	2628740.945	1104494.464	2827.739	0.7460730525210277	0.1065818646458611
621	2628731.555	1104493.07	2825.119	2628730.986	1104493.091	2825.014	0.5789879101937356	0.082712558599105
648	2628948.442	1104647.991	2848.028	2628948.442	1104647.991	2848.028	0.0	0.0
649	2628946.727	1104636.238	2852.764	2628946.727	1104636.238	2852.764	0.0	0.0
650	2628945.756	1104620.98	2855.557	2628945.756	1104620.98	2855.557	0.0	0.0
651	2628962.195	1104607.439	2869.093	2628962.195	1104607.439	2869.093	0.0	0.0
652	2628960.795	1104600.057	2870.582	2628960.795	1104600.057	2870.582	0.0	0.0
653	2628955.722	1104586.533	2873.485	2628955.722	1104586.533	2873.485	0.0	0.0
655	2628864.778	1104549.876	2854.792	2628864.346	1104550.034	2854.885	0.4692941508722164	0.0670420215531737
656	2628858.216	1104541.471	2853.205	2628858.429	1104541.786	2853.074	0.4021877672265545	0.0574553953180792
660	2628777.541	1104512.532	2833.716	2628777.785	1104512.827	2833.732	0.3831670654792279	0.0547381522113182
661	2628768.577	1104507.473	2831.557	2628768.486	1104507.409	2831.531	0.1142497264958328	0.0163213894994046
662	2628764.006	1104503.314	2830.276	2628763.445	1104503.517	2829.866	0.7238991644132274	0.1034141663447467
663	2628752.269	1104500.64	2827.219	2628753.145	1104500.564	2827.353	0.8894425221843317	0.1270632174549045
664	2628740.838	1104498.352	2824.534	2628740.251	1104498.34	2824.282	0.6389186175025248	0.0912740882146464
665	2628732.103	1104496.289	2822.654	2628732.267	1104496.286	2822.718	0.1760710082852737	0.0251530011836105
666	2628720.261	1104495.914	2820.079	2628719.789	1104496.067	2819.865	0.5403600651814963	0.077194295025928
667	2628703.529	1104496.898	2816.319	2628703.338	1104496.876	2816.206	0.2230112105841979	0.0318587443691711
693	2628948.442	1104647.991	2848.028	2628948.442	1104647.991	2848.028	0.0	0.0
694	2628946.727	1104636.238	2852.764	2628946.727	1104636.238	2852.764	0.0	0.0
695	2628945.756	1104620.98	2855.557	2628945.643	1104620.702	2855.543	0.3004147132534197	0.0429163876076313
696	2628962.195	1104607.439	2869.093	2628962.195	1104607.439	2869.093	0.0	0.0
697	2628960.609	1104600.019	2870.005	2628960.609	1104600.019	2870.005	0.0	0.0
698	2628880.617	1104572.717	2852.312	2628880.534	1104572.48	2852.115	0.3191661009568022	0.0455951572795431
704	2628778.203	1104518.076	2829.707	2628777.574	1104517.946	2829.479	0.6815607091154681	0.097365815587924
705	2628769.154	1104512.623	2828.059	2628769.08	1104512.446	2828.155	0.2145250567439601	0.0306464366777085
706	2628761.267	1104508.314	2826.099	2628761.267	1104508.314	2826.099	0.0	0.0
707	2628752.411	1104504.667	2824.152	2628751.92	1104504.657	2823.902	0.5510725904301205	0.0787246557757315
708	2628741.753	1104502.056	2822.283	2628741.791	1104501.992	2822.332	0.0891122887988717	0.0127303269712673
709	2628732.629	1104499.846	2820.288	2628732.468	1104499.77	2820.286	0.1780477466389504	0.0254353923769929
710	2628725.418	1104497.577	2818.721	2628725.347	1104497.53	2818.622	0.1305794777192368	0.0186542111027481
711	2628701.088	1104499.968	2813.925	2628701.088	1104499.968	2813.925	0.0	0.0
712	2628701.191	1104497.702	2813.822	2628701.187	1104497.763	2813.724	0.1155032467072708	0.0165004638153244
738	2628948.442	1104647.991	2848.028	2628948.442	1104647.991	2848.028	0.0	0.0
739	2628946.727	1104636.238	2852.764	2628946.369	1104635.563	2852.171	0.9671804380539526	0.1381686340077075
740	2628945.756	1104620.98	2855.557	2628945.643	1104620.702	2855.543	0.3004147132534197	0.0429163876076313
741	2628950.714	1104610.976	2859.982	2628950.714	1104610.976	2859.982	0.0	0.0
742	2628880.849	1104581.185	2847.035	2628880.453	1104580.631	2847.333	0.7433276530440877	0.1061896647205839
748	2628779.976	1104523.398	2826.262	2628779.73	1104523.554	2826.015	0.381917530225947	0.0545596471751352
749	2628768.533	1104517.533	2824.288	2628768.533	1104517.533	2824.288	0.0	0.0
750	2628760.031	1104512.884	2822.576	2628759.868	1104512.773	2822.573	0.197228294279809	0.0281754706114012
751	2628750.874	1104509.039	2820.808	2628751.044	1104509.253	2820.799	0.2734538354068434	0.039064833629549
752	2628742.703	1104505.819	2819.617	2628742.865	1104505.912	2819.632	0.1873979723050861	0.0267711389007265
753	2628732.713	1104502.965	2817.768	2628732.509	1104502.997	2817.594	0.2700296279234577	0.0385756611319225
754	2628728.18	1104500.431	2816.59	2628726.015	1104500.446	2816.061	2.228742021894465	0.318391717413495
755	2628701.204	1104502.408	2812.112	2628701.264	1104502.508	2812.064	0.1261110620793745	0.0180158660113392
756	2628699.647	1104500.296	2811.89	2628699.553	1104500.293	2811.828	0.1126454615501562	0.0160922087928794
757	2628695.056	1104499.304	2811.082	2628694.409	1104499.288	2810.805	0.7039843747184552	0.1005691963883507
783	2628948.442	1104647.991	2848.028	2628948.442	1104647.991	2848.028	0.0	0.0
784	2628946.462	1104635.446	2851.732	2628946.462	1104635.446	2851.732	0.0	0.0
785	2628925.589	1104614.672	2846.465	2628925.667	1104614.416	2846.478	0.267934693511652	0.0382763847873788
786	2628873.117	1104588.61	2838.351	2628873.057	1104588.572	2838.142	0.2207374005920437	0.0315339143702919
792	2628774.89	1104527.96	2821.271	2628778.414	1104528.322	2821.746	3.5742474729882145	0.5106067818554593
793	2628769.472	1104522.355	2821.21	2628769.595	1104522.512	2821.212	0.1994542555888664	0.0284934650841237
794	2628762.179	1104517.564	2819.696	2628758.893	1104517.637	2819.14	3.333505812055768	0.4762151160079668
795	2628751.683	1104513.375	2817.983	2628751.457	1104513.486	2817.919	0.2597941495177799	0.0371134499311114
796	2628742.194	1104509.941	2816.53	2628742.522	1104509.936	2816.632	0.3435302022166388	0.0490757431738055
797	2628734.833	1104506.668	2815.386	2628735.002	1104506.751	2815.462	0.2030418673512059	0.0290059810501722
798	2628729.744	1104503.485	2814.407	2628729.744	1104503.485	2814.407	0.0	0.0
799	2628710.61	1104503.413	2811.529	2628701.311	1104504.805	2810.152	9.502904503017303	1.357557786145329
800	2628699.883	1104502.823	2810.006	2628699.871	1104502.763	2809.908	0.1155335449521062	0.0165047921360151
828	2628888.544	1104625.321	2835.072	2628888.201	1104624.661	2834.809	0.7889347248818671	0.1127049606974095
829	2628883.397	1104612.916	2834.14	2628883.206	1104612.651	2834.173	0.3283214887681983	0.0469030698240283
837	2628769.558	1104527.332	2817.326	2628769.951	1104527.548	2817.479	0.4738290828593611	0.0676898689799087
838	2628759.562	1104522.139	2815.935	2628759.634	1104522.333	2816.071	0.2476206778019415	0.0353743825431345
839	2628753.641	1104517.696	2815.247	2628753.887	1104517.749	2815.262	0.2520912536034131	0.036013036229059
840	2628739.481	1104513.543	2813.205	2628739.423	1104513.573	2813.131	0.0986914384541919	0.0140987769220274
841	2628733.881	1104510.273	2812.402	2628734.029	1104510.419	2812.465	0.2172302925435584	0.031032898934794
842	2628730.11	1104507.227	2811.966	2628730.024	1104507.12	2812.013	0.1450999652247072	0.0207285664606724
843	2628725.273	1104504.235	2811.173	2628725.155	1104504.164	2811.233	0.1502165106052704	0.0214595015150386
845	2628699.107	1104503.098	2807.809	2628699.135	1104502.976	2807.675	0.1833684814516551	0.0261954973502364
846	2628698.557	1104500.815	2807.821	2628698.507	1104500.819	2807.722	0.1109819804336383	0.0158545686333769
881	2628768.143	1104533.423	2812.729	2628768.686	1104533.543	2812.847	0.5684830693131424	0.0812118670447346
882	2628761.373	1104526.974	2812.477	2628761.441	1104527.099	2812.576	0.1733493582219979	0.024764194031714
883	2628749.99	1104521.543	2811.384	2628749.847	1104521.562	2811.175	0.2539507827102672	0.0362786832443238
884	2628738.914	1104517.695	2810.068	2628738.401	1104517.634	2809.927	0.5355100370635988	0.0765014338662284
885	2628731.696	1104514.047	2809.329	2628731.567	1104514.047	2809.254	0.1492179615497353	0.0213168516499621
886	2628729.324	1104510.525	2809.349	2628729.324	1104510.525	2809.349	0.0	0.0
887	2628724.623	1104507.394	2808.668	2628724.486	1104507.274	2808.617	0.1891295853519366	0.0270185121931338
890	2628698.198	1104503.165	2806.136	2628698.178	1104503.114	2806.087	0.073498299289596	0.0104997570413708
891	2628694.42	1104501.59	2805.679	2628691.868	1104502.064	2805.305	2.6224522875842022	0.3746360410834574
925	2628766.489	1104537.94	2809.824	2628766.584	1104538.185	2809.765	0.2693157997690418	0.0384736856812916
926	2628761.061	1104531.898	2808.979	2628761.118	1104532.014	2809.176	0.2356140911155534	0.0336591558736504
927	2628752.826	1104526.629	2808.258	2628753.397	1104526.773	2808.376	0.6005838825851483	0.085797697512164
928	2628738.686	1104521.788	2807.168	2628738.686	1104521.788	2807.168	0.0	0.0
929	2628733.294	1104517.793	2806.696	2628733.43	1104517.897	2806.722	0.1731704362593785	0.0247386337513397
930	2628726.908	1104514.064	2806.089	2628727.142	1104514.091	2806.239	0.279257945420226	0.0398939922028894
931	2628724.712	1104510.972	2806.076	2628724.674	1104510.923	2806.076	0.0620080639048979	0.0088582948435568
932	2628719.823	1104508.018	2805.528	2628719.753	1104507.875	2805.478	0.1668801964124623	0.0238400280589231
934	2628697.999	1104505.539	2804.246	2628697.912	1104505.528	2804.183	0.1079768492472269	0.0154252641781752
960	2628845.083	1104635.691	2810.335	2628845.655	1104635.999	2810.515	0.6741275840865614	0.0963039405837944
969	2628765.301	1104543.204	2804.825	2628765.201	1104543.618	2804.678	0.4505607618363106	0.0643658231194729
970	2628759.13	1104537.606	2804.839	2628759.429	1104538.271	2804.527	0.793076288965029	0.1132966127092898
971	2628751.691	1104531.191	2804.944	2628751.723	1104531.284	2804.945	0.0983564943712533	0.0140509277673219
972	2628739.378	1104525.812	2804.377	2628739.216	1104525.719	2804.412	0.1900473624672149	0.0271496232096021
973	2628732.384	1104521.438	2804.042	2628732.635	1104521.464	2804.143	0.2718050769211613	0.038829296703023
974	2628727.07	1104517.853	2803.608	2628727.402	1104517.917	2803.723	0.3571344284153624	0.0510192040593374
975	2628723.074	1104514.207	2803.375	2628723.192	1104514.181	2803.548	0.2110189563534603	0.0301455651933514
977	2628704.643	1104509.735	2802.633	2628715.723	1104508.61	2802.958	11.14170767888169	1.5916725255545272
1004	2628837.217	1104640.541	2802.865	2628836.591	1104640.004	2802.354	0.9702401765630962	0.1386057395090137
1014	2628757.841	1104541.315	2801.019	2628756.931	1104541.472	2800.556	1.0330140368405265	0.1475734338343609
1015	2628751.863	1104535.581	2801.415	2628751.849	1104535.487	2801.402	0.0959218432202126	0.0137031204600303
1016	2628736.817	1104529.533	2801.262	2628745.476	1104530.542	2801.598	8.724062012585067	1.246294573226438
1017	2628732.177	1104525.323	2801.093	2628732.332	1104525.312	2801.143	0.1632360252527393	0.0233194321789627
1018	2628726.182	1104521.142	2800.832	2628728.157	1104521.478	2801.078	2.01842438557816	0.28834634079688
1019	2628721.747	1104517.55	2800.666	2628721.85	1104517.69	2800.778	0.2067679859063981	0.029538283700914
1021	2628714.611	1104511.643	2800.716	2628714.697	1104511.638	2800.778	0.1061367043988802	0.0151623863426971
1058	2628757.92	1104546.939	2797.639	2628758.436	1104547.684	2797.745	0.9124236955073388	0.1303462422153341
1059	2628753.198	1104540.732	2798.269	2628753.235	1104540.973	2797.989	0.371281564264881	0.0530402234664115
1060	2628731.016	1104532.819	2798.177	2628731.157	1104533.009	2798.253	0.2485095574625588	0.0355013653517941
1061	2628730.339	1104528.9	2798.231	2628730.373	1104528.897	2798.28	0.0597159944884455	0.0085308563554922
1062	2628726.789	1104524.963	2798.198	2628726.766	1104524.878	2798.198	0.0880567998267218	0.0125795428323888
1063	2628722.765	1104520.953	2798.33	2628722.871	1104521.094	2798.186	0.2277125379713431	0.0325303625673347
1064	2628718.421	1104517.797	2798.094	2628718.421	1104517.797	2798.094	0.0	0.0
1065	2628707.562	1104514.898	2798.188	2628711.141	1104514.947	2798.162	3.579429842775039	0.5113471203964342
1066	2628705.78	1104511.96	2798.463	2628706.238	1104512.102	2798.555	0.4882540323335306	0.0697505760476472
1102	2628756.498	1104552.058	2793.943	2628754.734	1104552.02	2793.639	1.7904066576834936	0.2557723796690705
1103	2628750.643	1104544.369	2794.274	2628750.899	1104544.741	2794.449	0.484298461702456	0.0691854945289222
1104	2628731.043	1104536.602	2795.389	2628731.399	1104536.881	2795.407	0.45265991666757	0.0646657023810814
1105	2628728.178	1104532.533	2795.219	2628728.231	1104532.677	2795.183	0.1576102788226134	0.0225157541175162
1106	2628725.511	1104528.545	2795.576	2628725.369	1104528.599	2795.428	0.2120943186375516	0.030299188376793
1107	2628722.357	1104524.616	2795.781	2628722.269	1104524.475	2795.804	0.167791537181453	0.0239702195973504
1108	2628718.79	1104521.104	2795.859	2628718.741	1104521.012	2795.858	0.1042401074509128	0.0148914439215589
1147	2628747.815	1104549.381	2790.939	2628749.855	1104550.078	2790.711	2.1678083402484543	0.3096869057497792
1148	2628728.498	1104540.096	2792.506	2628728.498	1104540.096	2792.506	0.0	0.0
1149	2628727.914	1104536.29	2792.769	2628728.03	1104536.36	2792.808	0.140985814857361	0.0201408306939087
1150	2628724.236	1104532.015	2792.856	2628724.227	1104532.137	2792.783	0.1424570112416471	0.0203510016059495
1151	2628720.129	1104527.95	2793.048	2628720.188	1104527.903	2792.914	0.1537725592850039	0.0219675084692862
1152	2628717.939	1104524.51	2793.45	2628717.774	1104524.366	2793.423	0.2206581063179876	0.0315225866168553
1153	2628710.904	1104520.934	2793.617	2628710.807	1104520.897	2793.579	0.1105531546207845	0.0157933078029692
1154	2628708.421	1104517.869	2793.845	2628708.496	1104517.951	2793.822	0.113481275758117	0.0162116108225881
1180	2628807.185	1104657.554	2779.825	2628806.648	1104657.323	2779.341	0.7589374150557366	0.1084196307222481
1191	2628747.778	1104554.286	2787.542	2628747.658	1104554.684	2787.481	0.42014878302458	0.0600212547177971
1192	2628744.174	1104548.23	2788.114	2628744.198	1104548.22	2788.212	0.1013903347851241	0.014484333540732
1193	2628725.458	1104539.571	2789.923	2628725.562	1104539.711	2789.998	0.1898446731762259	0.0271206675966037
1194	2628722.932	1104535.642	2790.429	2628723.308	1104535.842	2790.52	0.4354962687608434	0.0622137526801204
1195	2628719.747	1104531.394	2790.67	2628720.009	1104531.559	2790.698	0.3108906560032083	0.0444129508576011
1196	2628715.815	1104527.482	2790.828	2628715.924	1104527.561	2790.866	0.1398785188055397	0.0199826455436485
1197	2628712.148	1104523.967	2791.296	2628712.246	1104524.117	2791.199	0.2037473926111979	0.0291067703730282
1198	2628708.982	1104520.921	2791.588	2628709.095	1104521.052	2791.541	0.1792735341156941	0.0256105048736705
1199	2628705.266	1104518.206	2791.886	2628702.501	1104518.043	2791.984	2.771533510193786	0.3959333585991123
1224	2628801.878	1104662.482	2775.688	2628801.884	1104662.698	2775.652	0.2190616351784751	0.0312945193112107
1225	2628802.885	1104654.287	2775.606	2628802.885	1104654.287	2775.606	0.0	0.0
1235	2628747.606	1104559.054	2783.765	2628747.61	1104559.349	2783.643	0.3192569497345328	0.0456081356763618
1236	2628742.819	1104552.746	2784.846	2628742.887	1104553.131	2784.897	0.3942714800782717	0.0563244971540388
1237	2628724.517	1104543.348	2787.025	2628724.646	1104543.478	2787.064	0.1872484980445541	0.0267497854349363
1238	2628720.391	1104538.685	2787.63	2628720.444	1104538.586	2787.692	0.1282731463107283	0.0183247351872469
1239	2628717.937	1104534.544	2788.137	2628718.003	1104534.635	2788.175	0.1186633895393741	0.0169519127913391
1240	2628715.234	1104530.897	2788.336	2628715.549	1104530.962	2788.438	0.3374225836508224	0.0482032262358317
1241	2628711.61	1104526.902	2789.048	2628711.505	1104526.987	2788.925	0.1826992063191715	0.0260998866170245
1242	2628708.016	1104523.789	2789.286	2628708.136	1104523.798	2789.361	0.1417956276618288	0.0202565182374041
1243	2628704.952	1104520.866	2789.666	2628704.909	1104520.878	2789.641	0.051166395299594	0.0073094850427991
1245	2628697.575	1104515.327	2790.813	2628697.506	1104515.444	2790.69	0.1832457366054829	0.0261779623722118
1268	2628795.302	1104664.882	2771.026	2628795.302	1104664.882	2771.026	0.0	0.0
1269	2628795.618	1104656.935	2770.117	2628795.618	1104656.935	2770.117	0.0	0.0
1270	2628797.628	1104650.189	2770.174	2628797.645	1104650.481	2770.37	0.3520923173557924	0.0502989024793989
1279	2628746.084	1104563.21	2780.163	2628746.035	1104563.214	2779.967	0.2020717693427404	0.0288673956203914
1280	2628726.42	1104551.82	2783.737	2628726.42	1104551.82	2783.737	0.0	0.0
1281	2628722.547	1104546.795	2784.357	2628722.857	1104546.921	2784.459	0.3498285295340033	0.0499755042191433
1282	2628719.258	1104542.102	2784.985	2628719.258	1104542.102	2784.985	0.0	0.0
1283	2628716.238	1104537.921	2785.57	2628716.406	1104537.987	2785.646	0.1958468789764313	0.0279781255680616
1284	2628714.01	1104534.059	2786.044	2628714.086	1104534.045	2786.118	0.1069953272451577	0.0152850467493082
1285	2628711.182	1104530.514	2786.449	2628711.145	1104530.352	2786.485	0.1700264685407898	0.0242894955058271
1286	2628707.755	1104526.678	2787.408	2628707.849	1104526.663	2787.458	0.1075220908075807	0.0153602986867972
1287	2628704.274	1104523.68	2787.562	2628704.241	1104523.829	2787.514	0.1599812489377876	0.0228544641339696
1288	2628700.418	1104520.635	2788.274	2628700.256	1104520.542	2788.284	0.1870641601805808	0.0267234514543686
1289	2628696.712	1104517.996	2788.902	2628671.796	1104517.982	2792.364	25.155371116062245	3.5936244451517494
1290	2628690.342	1104515.819	2789.705	2628690.249	1104515.738	2789.753	0.1323404702450252	0.018905781463575
1312	2628789.489	1104668.08	2766.34	2628789.665	1104668.397	2766.44	0.3761183324658786	0.0537311903522683
1313	2628789.301	1104660.251	2766.133	2628789.318	1104660.639	2766.158	0.3891760527411907	0.0555965789630272
1314	2628792.18	1104654.233	2766.398	2628792.201	1104654.431	2766.399	0.1991130332857473	0.028444719040821
1315	2628790.82	1104645.235	2766.478	2628789.574	1104644.356	2766.619	1.5313516904553863	0.2187645272079123
1323	2628742.097	1104566.938	2777.58	2628742.136	1104566.891	2777.69	0.1258173278689168	0.0179739039812738
1324	2628727.297	1104556.326	2780.498	2628738.851	1104560.614	2778.571	12.473780060654756	1.7819685800935368
1325	2628720.814	1104550.078	2781.862	2628720.757	1104549.995	2781.874	0.1014001968851744	0.0144857424121677
1326	2628718.008	1104545.37	2782.595	2628718.008	1104545.37	2782.595	0.0	0.0
1327	2628715.225	1104540.957	2783.036	2628715.378	1104541.155	2782.965	0.2601038254536281	0.0371576893505183
1328	2628712.79	1104537.092	2783.519	2628712.82	1104537.038	2783.568	0.0788479548761494	0.0112639935537356
1329	2628710.418	1104533.559	2784.114	2628710.51	1104533.527	2784.212	0.1381738033788539	0.0197391147684077
1330	2628706.629	1104529.826	2784.873	2628706.629	1104529.826	2784.873	0.0	0.0
1331	2628703.474	1104526.597	2785.385	2628703.555	1104526.652	2785.41	0.101049492979601	0.0144356418542287
1332	2628701.024	1104523.451	2785.992	2628701.079	1104523.499	2785.993	0.0730068488904946	0.0104295498414992
1333	2628697.162	1104520.432	2786.654	2628697.255	1104520.417	2786.765	0.1455850266374199	0.0207978609482028
1356	2628783.627	1104671.141	2762.043	2628783.733	1104671.185	2762.155	0.1603620903777663	0.0229088700539666
1357	2628784.037	1104662.909	2761.806	2628784.009	1104663.014	2761.818	0.1093297763298611	0.0156185394756944
1358	2628785.526	1104656.749	2762.334	2628785.635	1104656.716	2762.434	0.1515585693370088	0.0216512241910012
1368	2628734.556	1104563.453	2775.883	2628734.594	1104563.52	2775.957	0.106812920653629	0.0152589886648041
1369	2628717.7	1104552.706	2779.776	2628717.9	1104552.736	2779.864	0.2205538480506554	0.031507692578665
1370	2628717.502	1104549.092	2779.873	2628717.502	1104549.092	2779.873	0.0	0.0
1371	2628713.89	1104544.361	2780.559	2628713.913	1104544.446	2780.547	0.0888706925579376	0.0126958132225625
1372	2628712.219	1104540.289	2781.149	2628712.298	1104540.326	2781.236	0.1232030842530711	0.0176004406075815
1373	2628710.03	1104536.804	2781.893	2628710.076	1104536.602	2781.979	0.2243122823827392	0.0320446117689627
1374	2628705.49	1104532.186	2782.603	2628705.534	1104532.079	2782.726	0.1688608894782141	0.0241229842111734
1375	2628702.77	1104529.178	2783.391	2628702.782	1104529.091	2783.415	0.0910439455018569	0.0130062779288367
1376	2628699.831	1104526.169	2783.76	2628699.831	1104526.169	2783.76	0.0	0.0
1377	2628697.614	1104523.31	2784.529	2628697.454	1104523.234	2784.49	0.1813753016966123	0.0259107573852303
1378	2628692.069	1104520.349	2785.805	2628691.362	1104520.3	2785.979	0.7297437905860823	0.1042491129408689
1379	2628670.385	1104518.17	2789.927	2628674.798	1104518.115	2789.129	4.4849078030142975	0.6407011147163282
1400	2628778.134	1104673.83	2758.129	2628778.184	1104673.973	2758.362	0.277917253799784	0.0397024648285405
1401	2628778.242	1104666.361	2758.343	2628778.415	1104666.53	2758.541	0.3125603941344483	0.0446514848763497
1402	2628778.912	1104658.62	2758.563	2628778.758	1104658.631	2758.475	0.1777104387157793	0.0253872055308256
1412	2628734.19	1104567.618	2772.639	2628734.444	1104567.808	2772.667	0.3184336666799995	0.0454905238114285
1413	2628718.241	1104556.724	2776.629	2628718.614	1104556.985	2776.537	0.4644502128250858	0.0663500304035837
1414	2628715.22	1104551.927	2777.468	2628715.22	1104551.927	2777.468	0.0	0.0
1415	2628712.268	1104547.272	2778.322	2628712.31	1104547.261	2778.359	0.0570438427470287	0.0081491203924326
1416	2628710.247	1104543.543	2778.982	2628710.334	1104543.442	2779.068	0.158637952503388	0.0226625646433411
1417	2628708.156	1104539.266	2779.48	2628708.304	1104539.299	2779.568	0.1753197080103411	0.0250456725729058
1418	2628706.189	1104535.749	2780.337	2628706.199	1104535.887	2780.277	0.1508111402204891	0.021544448602927
1419	2628702.007	1104531.817	2781.005	2628701.511	1104531.642	2780.937	0.5303442281101898	0.0757634611585985
1420	2628699.227	1104528.856	2781.963	2628698.961	1104528.752	2781.922	0.2885359594069347	0.0412194227724192
1421	2628697.214	1104525.993	2782.393	2628697.113	1104525.904	2782.379	0.135344006286462	0.0193348580409231
1422	2628692.27	1104522.749	2783.92	2628692.263	1104522.775	2783.871	0.055910642945652	0.0079872347065217
1424	2628681.675	1104518.17	2786.458	2628681.725	1104518.149	2786.495	0.0656505904452745	0.0093786557778963
1444	2628775.035	1104678.11	2754.007	2628775.259	1104678.293	2754.303	0.4138610877503084	0.0591230125357583
1445	2628775.186	1104670.646	2754.233	2628775.349	1104671.18	2754.359	0.5723643943234901	0.0817663420462128
1446	2628771.654	1104660.171	2754.72	2628771.726	1104660.02	2754.428	0.3365248876046742	0.0480749839435248
1456	2628739.159	1104575.614	2768.094	2628739.084	1104575.758	2767.972	0.2030886505594516	0.0290126643656359
1457	2628717.638	1104560.409	2773.833	2628717.679	1104560.51	2773.87	0.1151129880655203	0.0164447125807886
1458	2628715.428	1104555.593	2774.805	2628715.503	1104555.691	2774.892	0.1509900659896958	0.0215700094270994
1459	2628711.637	1104550.482	2775.951	2628711.725	1104550.64	2776.014	0.191512401534576	0.0273589145049394
1460	2628708.705	1104546.216	2776.684	2628708.807	1104546.321	2776.685	0.1463898903168126	0.0209128414738303
1461	2628707.185	1104542.341	2777.289	2628707.293	1104542.42	2777.351	0.1474754216385577	0.0210679173769368
1462	2628705.39	1104538.683	2778.172	2628705.491	1104538.789	2778.247	0.1645053190283917	0.0235007598611988
1463	2628702.137	1104534.932	2778.901	2628702.662	1104535.165	2778.921	0.5747295015097819	0.0821042145013974
1464	2628698.624	1104531.474	2779.787	2628698.239	1104531.3	2779.867	0.4300011625415866	0.0614287375059409
1465	2628696.819	1104528.423	2780.525	2628697.117	1104528.36	2780.59	0.3114450191480566	0.0444921455925795
1466	2628692.634	1104525.467	2781.708	2628692.816	1104525.594	2781.662	0.2266473031716949	0.0323781861673849
1468	2628681.506	1104520.101	2784.701	2628681.536	1104520.159	2784.677	0.0695701084027021	0.0099385869146717
1487	2628773.64	1104693.527	2748.116	2628773.962	1104693.99	2748.366	0.6168897792903737	0.0881271113271962
1488	2628770.558	1104681.77	2750.084	2628770.665	1104681.866	2750.379	0.3281615455045935	0.0468802207863705
1489	2628771.39	1104674.298	2749.88	2628771.543	1104674.338	2750.273	0.4236248340011291	0.0605178334287327
1490	2628766.227	1104661.952	2751.734	2628769.118	1104665.513	2750.608	4.722973427716458	0.6747104896737798
1500	2628736.976	1104578.74	2764.812	2628737.399	1104579.205	2764.647	0.6499069167434044	0.0928438452490577
1501	2628714.874	1104562.989	2771.897	2628716.49	1104563.704	2771.725	1.7754619120215158	0.2536374160030737
1502	2628713.793	1104558.766	2772.226	2628713.87	1104558.882	2772.252	0.1416368595715821	0.0202338370816545
1503	2628710.335	1104553.832	2773.316	2628710.661	1104554.053	2773.345	0.3949151807474667	0.0564164543924952
1504	2628706.653	1104548.705	2774.696	2628706.775	1104548.99	2774.796	0.3257437642470568	0.0465348234638652
1505	2628705.261	1104544.96	2775.438	2628705.622	1104545.161	2775.357	0.4210498783652615	0.0601499826236087
1506	2628703.884	1104541.5	2775.862	2628703.947	1104541.427	2775.936	0.1215483443888155	0.0173640491984022
1507	2628701.973	1104538.032	2776.647	2628702.003	1104537.978	2776.696	0.0788479548758668	0.0112639935536952
1508	2628698.177	1104534.489	2777.528	2628698.119	1104534.389	2777.527	0.11560709338573	0.0165152990551042
1509	2628696.178	1104531.026	2778.495	2628696.051	1104530.948	2778.518	0.1508045090897476	0.0215435012985353
1511	2628685.226	1104524.616	2781.89	2628685.632	1104524.841	2781.774	0.4784527148911883	0.0683503878415983
1512	2628681.037	1104521.626	2783.245	2628673.042	1104521.057	2785.412	8.302991930724389	1.1861417043891984
1531	2628768.726	1104696.159	2744.613	2628768.76	1104696.157	2744.662	0.0596741149860185	0.0085248735694312
1532	2628767.227	1104685.651	2745.726	2628767.431	1104685.732	2745.826	0.2411990878183601	0.03445701254548
1533	2628767.067	1104677.852	2746.228	2628767.146	1104677.924	2746.498	0.2903876720566928	0.0414839531509561
1534	2628767.018	1104670.314	2746.867	2628767.022	1104670.4	2746.965	0.1304453907944803	0.0186350558277829
1545	2628731.015	1104575.634	2763.357	2628731.188	1104575.883	2763.274	0.3143548948268961	0.044907842118128
1546	2628713.168	1104562.287	2769.673	2628713.346	1104562.379	2769.737	0.2103425775564074	0.0300489396509153
1547	2628709.83	1104557.12	2771.033	2628709.773	1104557.167	2770.959	0.1045657686982101	0.0149379669568871
1548	2628706.185	1104552.12	2772.182	2628706.386	1104552.376	2772.063	0.3465515832614166	0.0495073690373452
1549	2628703.759	1104547.829	2773.104	2628703.961	1104548.006	2773.168	0.2760959979241222	0.0394422854177317
1550	2628703.134	1104544.171	2773.892	2628703.356	1104544.382	2773.896	0.3063021383943823	0.0437574483420546
1551	2628701.027	1104540.855	2774.54	2628701.027	1104540.855	2774.54	0.0	0.0
1552	2628698.209	1104537.178	2775.471	2628698.151	1104537.321	2775.336	0.2050317047353208	0.0292902435336172
1553	2628696.076	1104534.035	2776.4	2628696.135	1104534.023	2776.45	0.0782623791111682	0.011180339873024
1554	2628692.681	1104530.456	2777.58	2628692.483	1104530.348	2777.602	0.2266097966671968	0.0323728280953138
1555	2628688.513	1104527.325	2779.24	2628688.642	1104527.325	2779.315	0.1492179615497353	0.0213168516499621
1575	2628764.017	1104698.088	2740.414	2628763.846	1104698.263	2740.486	0.2550490149889362	0.036435573569848
1576	2628765.335	1104691.601	2741.184	2628765.539	1104692.01	2741.542	0.5805695479019997	0.0829385068431428
1577	2628763.325	1104681.315	2742.742	2628763.411	1104681.327	2742.829	0.1229186720730144	0.0175598102961449
1578	2628762.466	1104673.164	2743.32	2628762.466	1104673.164	2743.32	0.0	0.0
1579	2628761.548	1104664.218	2742.306	2628761.304	1104664.295	2742.132	0.3094204258709229	0.0442029179815604
1589	2628729.83	1104578.518	2760.697	2628729.812	1104578.181	2761.002	0.4548824022618626	0.0649832003231232
1590	2628713.846	1104566.685	2766.59	2628714.063	1104566.956	2766.545	0.3500785626832266	0.0500112232404609
1591	2628709.453	1104560.582	2768.398	2628709.453	1104560.582	2768.398	0.0	0.0
1592	2628705.869	1104555.395	2769.95	2628706.039	1104555.609	2769.929	0.274111291158129	0.0391587558797327
1593	2628703.9	1104551.099	2770.952	2628703.688	1104551.009	2770.851	0.2514855858671886	0.0359265122667412
1594	2628701.057	1104546.834	2772.088	2628701.273	1104546.958	2772.128	0.2522538404534726	0.0360362629219246
1595	2628699.651	1104543.091	2772.585	2628699.87	1104543.25	2772.576	0.2707822003256679	0.0386831714750954
1596	2628697.773	1104539.863	2773.456	2628697.815	1104539.851	2773.506	0.0663927706037277	0.0094846815148182
1597	2628695.317	1104536.213	2774.6	2628694.871	1104536.0	2774.508	0.5027414842560083	0.0718202120365726
1598	2628692.411	1104532.93	2775.665	2628692.102	1104532.838	2775.648	0.3228529075651795	0.0461218439378827
1599	2628688.133	1104529.381	2777.689	2628688.136	1104529.433	2777.664	0.0577754272216678	0.0082536324602382
1620	2628761.81	1104695.137	2737.335	2628762.061	1104695.163	2737.485	0.2935591934753277	0.0419370276393325
1621	2628759.801	1104685.061	2738.564	2628759.936	1104684.904	2738.749	0.2776670668819968	0.0396667238402852
1622	2628758.158	1104675.159	2739.921	2628758.073	1104674.922	2739.907	0.2521705771434938	0.0360243681633562
1623	2628758.541	1104668.512	2739.798	2628758.679	1104668.892	2739.788	0.4044057366810776	0.0577722480972968
1634	2628723.5	1104575.842	2759.801	2628723.532	1104575.935	2759.863	0.1162626338437928	0.0166089476919704
1635	2628709.551	1104563.406	2765.89	2628709.69	1104563.301	2766.026	0.2210022624019013	0.0315717517717002
1636	2628705.838	1104558.869	2767.393	2628705.77	1104558.778	2767.453	0.1284717867808039	0.0183531123972577
1637	2628702.832	1104553.861	2768.66	2628703.057	1104554.011	2768.712	0.2753706593193687	0.0393386656170526
1638	2628699.378	1104549.437	2770.057	2628699.332	1104549.544	2770.142	0.1441873781735921	0.0205981968819417
1639	2628699.155	1104546.257	2770.278	2628699.406	1104546.396	2770.33	0.2915921810902643	0.0416560258700377
1640	2628696.956	1104542.538	2771.327	2628697.083	1104542.746	2771.292	0.2462072300423604	0.0351724614346229
1641	2628694.548	1104538.85	2772.617	2628694.459	1104538.691	2772.652	0.185545142815538	0.0265064489736482
1642	2628692.464	1104536.285	2773.341	2628692.644	1104536.394	2773.392	0.2165225159886652	0.0309317879983807
1643	2628687.922	1104532.034	2775.469	2628687.819	1104531.928	2775.492	0.1495794100472316	0.0213684871496045
1665	2628757.214	1104689.158	2734.741	2628757.388	1104689.554	2734.708	0.4337983400594117	0.0619711914370588
1666	2628754.726	1104678.488	2736.537	2628754.876	1104678.573	2736.734	0.2617899924463362	0.0373985703494766
1667	2628754.858	1104671.37	2737.362	2628755.027	1104671.341	2737.487	0.2121956642465445	0.0303136663209349
1678	2628722.849	1104580.553	2756.689	2628722.881	1104580.404	2756.75	0.1641523682456946	0.0234503383208135
1679	2628711.157	1104568.966	2761.918	2628711.573	1104569.233	2761.936	0.4946402731035576	0.070662896157651
1680	2628705.601	1104562.322	2764.552	2628705.616	1104562.286	2764.589	0.0537587201568287	0.0076798171652612
1681	2628702.719	1104557.348	2766.444	2628702.783	1104557.291	2766.543	0.1309427354811856	0.0187061050687408
1682	2628699.615	1104552.642	2767.491	2628699.712	1104552.678	2767.541	0.1149130102662677	0.0164161443237525
1683	2628698.225	1104548.948	2768.306	2628698.254	1104548.99	2768.343	0.0630396700273289	0.0090056671467612
1684	2628696.617	1104545.243	2769.252	2628697.081	1104545.567	2769.174	0.5712757650417932	0.081610823577399
1685	2628693.182	1104541.224	2770.565	2628692.956	1104541.075	2770.574	0.2708468203781775	0.0386924029111682
1686	2628691.37	1104538.008	2771.742	2628691.207	1104537.785	2771.801	0.2824517658932542	0.0403502522704648
1687	2628686.759	1104533.909	2773.919	2628686.448	1104533.669	2774.0	0.4011009849554867	0.0573001407079266
1688	2628684.327	1104531.315	2774.65	2628684.283	1104531.309	2774.625	0.0509607694273522	0.0072801099181931
1690	2628670.558	1104524.831	2780.611	2628669.98	1104524.782	2780.848	0.6266210978388951	0.0895172996912707
1710	2628750.986	1104682.246	2733.04	2628751.345	1104683.096	2733.035	0.9227166411664812	0.131816663023783
1711	2628750.849	1104673.77	2733.663	2628750.997	1104673.56	2733.811	0.2964928329616534	0.0423561189945219
1722	2628725.508	1104586.252	2752.328	2628725.655	1104586.381	2752.342	0.1960765155593677	0.0280109307941953
1723	2628715.653	1104575.732	2756.851	2628715.468	1104575.666	2756.824	0.1982674961634865	0.0283239280233552
1724	2628707.383	1104566.839	2761.081	2628707.15	1104566.637	2761.297	0.3764956838118174	0.0537850976874024
1725	2628703.542	1104561.191	2763.325	2628703.578	1104561.335	2763.35	0.1505224235145469	0.0215032033592209
1726	2628700.113	1104555.949	2765.368	2628700.329	1104556.09	2765.42	0.2631368465718647	0.0375909780816949
1727	2628696.987	1104551.356	2766.597	2628697.194	1104551.489	2766.674	0.2578119469940982	0.036830278142014
1728	2628696.156	1104547.989	2767.396	2628696.173	1104548.101	2767.348	0.1230325159941113	0.0175760737134444
1729	2628693.872	1104544.277	2768.383	2628693.872	1104544.277	2768.383	0.0	0.0
1730	2628691.311	1104540.814	2769.904	2628691.696	1104541.118	2769.8	0.501454883145152	0.0716364118778788
1731	2628689.179	1104537.627	2771.138	2628689.138	1104537.656	2771.113	0.0560981283877964	0.0080140183411137
1732	2628684.938	1104533.85	2773.211	2628685.182	1104533.999	2773.141	0.2943416381813694	0.0420488054544813
1733	2628681.749	1104530.466	2774.15	2628660.963	1104526.238	2782.75	22.8887260456902	3.269818006527171
1734	2628671.571	1104526.856	2778.907	2628677.802	1104528.019	2776.34	6.838670850554064	0.9769529786505806
1755	2628747.547	1104677.191	2731.38	2628747.708	1104677.318	2731.603	0.3029504911132046	0.0432786415876006
1767	2628719.836	1104582.083	2752.475	2628720.059	1104582.311	2752.503	0.3201515263801335	0.045735932340019
1768	2628708.102	1104571.044	2757.766	2628708.649	1104571.407	2757.505	0.7064693908453409	0.1009241986921915
1769	2628704.316	1104565.184	2760.095	2628704.484	1104565.364	2760.098	0.2462376902133982	0.0351768128876283
1770	2628700.053	1104559.183	2762.467	2628700.038	1104559.219	2762.43	0.0537587201831279	0.0076798171690182
1771	2628697.123	1104554.636	2764.237	2628697.2	1104554.752	2764.202	0.1435618335189229	0.0205088333598461
1772	2628695.033	1104550.624	2765.372	2628695.193	1104550.813	2765.338	0.2499539958724175	0.0357077136960596
1773	2628692.91	1104546.762	2766.446	2628693.044	1104546.927	2766.351	0.232821820189576	0.0332602600270822
1774	2628691.996	1104543.989	2767.392	2628692.011	1104544.083	2767.392	0.0951892851723105	0.01359846931033
1775	2628689.467	1104540.575	2769.342	2628689.588	1104540.714	2769.466	0.2221215882003621	0.0317316554571945
1776	2628684.074	1104535.904	2771.519	2628684.164	1104536.08	2771.484	0.2007510895743779	0.0286787270820539
1779	2628669.618	1104526.944	2778.43	2628669.618	1104526.944	2778.43	0.0	0.0
1800	2628744.289	1104672.967	2728.736	2628744.655	1104673.548	2728.803	0.6899318806586843	0.0985616972369548
1811	2628717.677	1104585.362	2749.498	2628717.851	1104585.498	2749.476	0.2219369276662244	0.0317052753808892
1812	2628710.729	1104576.538	2753.514	2628710.775	1104576.578	2753.514	0.0609590027084242	0.0087084289583463
1813	2628704.779	1104569.086	2757.057	2628704.749	1104569.027	2757.069	0.0672681202569417	0.0096097314652773
1814	2628700.676	1104563.03	2759.443	2628700.893	1104563.285	2759.386	0.3396512917988626	0.0485216131141232
1815	2628696.722	1104557.364	2761.673	2628696.874	1104557.562	2761.651	0.2505833192248133	0.0357976170321161
1816	2628695.085	1104553.668	2762.852	2628695.125	1104553.735	2762.804	0.0916133178539019	0.0130876168362717
1817	2628692.159	1104549.433	2764.598	2628692.272	1104549.677	2764.442	0.3108713559512347	0.0444101937073192
1818	2628690.866	1104546.295	2765.477	2628690.798	1104546.3	2765.427	0.0845517592787419	0.0120788227541059
1819	2628689.232	1104542.702	2767.01	2628689.271	1104542.769	2766.986	0.0811541744564012	0.0115934534937716
1820	2628682.763	1104538.005	2769.895	2628682.698	1104537.932	2769.845	0.109790709862383	0.0156843871231975
1822	2628680.43	1104532.734	2771.964	2628680.787	1104532.883	2771.944	0.387362878811418	0.0553375541159168
1823	2628659.884	1104526.176	2781.49	2628659.884	1104526.176	2781.49	0.0	0.0
1824	2628659.706	1104525.746	2781.706	2628659.706	1104525.746	2781.706	0.0	0.0
1825	2628669.618	1104526.944	2778.43	2628669.618	1104526.944	2778.43	0.0	0.0
1845	2628739.339	1104667.303	2726.982	2628739.102	1104667.337	2726.71	0.3623658373695537	0.0517665481956505
1855	2628718.567	1104590.25	2745.869	2628718.772	1104590.348	2745.921	0.233094401541841	0.0332992002202629
1856	2628712.665	1104581.653	2749.203	2628712.745	1104581.708	2749.326	0.1566971602498678	0.0223853086071239
1857	2628705.311	1104572.853	2753.946	2628705.522	1104573.038	2753.961	0.2810177928132184	0.0401453989733169
1858	2628701.776	1104567.132	2756.304	2628701.873	1104567.282	2756.281	0.1801055245823275	0.0257293606546182
1859	2628698.015	1104561.245	2758.573	2628698.283	1104561.738	2758.431	0.5788238070615079	0.0826891152945011
1860	2628694.648	1104556.432	2760.678	2628694.739	1104556.512	2760.704	0.1239233634737544	0.0177033376391077
1861	2628693.248	1104552.685	2761.994	2628693.503	1104552.876	2761.998	0.3186251714716365	0.0455178816388052
1862	2628690.044	1104548.338	2763.92	2628689.904	1104548.182	2763.869	0.2157243612198576	0.030817765888551
1863	2628688.629	1104545.304	2764.7	2628688.556	1104545.595	2764.504	0.3583657350094389	0.0511951050013484
1864	2628684.256	1104540.832	2767.307	2628684.083	1104540.809	2767.182	0.2146695134044422	0.0306670733434917
1867	2628673.383	1104530.815	2773.577	2628673.441	1104530.897	2773.541	0.1066958295823846	0.015242261368912
1868	2628667.242	1104528.405	2776.875	2628667.242	1104528.405	2776.875	0.0	0.0
1869	2628667.242	1104528.405	2776.875	2628667.242	1104528.405	2776.875	0.0	0.0
1870	2628667.242	1104528.405	2776.875	2628667.242	1104528.405	2776.875	0.0	0.0
1890	2628731.157	1104659.998	2725.73	2628730.607	1104660.001	2725.491	0.5996915876577797	0.0856702268082542
1900	2628714.443	1104586.62	2745.598	2628714.422	1104586.474	2745.805	0.254177103730683	0.036311014818669
1901	2628705.932	1104577.134	2750.63	2628706.027	1104577.136	2750.655	0.0982547706216183	0.0140363958030883
1902	2628702.558	1104571.359	2753.014	2628702.954	1104571.852	2752.996	0.6326049318431666	0.0903721331204523
1903	2628698.912	1104565.542	2755.455	2628699.093	1104565.668	2755.446	0.2207215440158896	0.031531649145127
1904	2628695.089	1104559.848	2758.139	2628695.382	1104560.201	2758.046	0.468088666768328	0.0668698095383325
1905	2628692.603	1104555.332	2759.83	2628692.615	1104555.375	2759.781	0.0662872537366546	0.0094696076766649
1906	2628690.82	1104551.542	2761.141	2628690.875	1104551.59	2761.141	0.0730000002475532	0.0104285714639361
1907	2628687.697	1104547.492	2762.971	2628686.757	1104547.095	2763.348	1.087813403109709	0.1554019147299584
1909	2628681.019	1104539.541	2767.31	2628680.968	1104539.544	2767.309	0.051097945143382	0.0072997064490545
1910	2628678.969	1104536.33	2768.814	2628679.032	1104536.465	2768.705	0.1845941494544841	0.026370592779212
1911	2628675.714	1104533.414	2770.658	2628659.876	1104528.972	2779.029	18.45663157241849	2.636661653202641
1912	2628664.357	1104528.916	2776.961	2628664.357	1104528.916	2776.961	0.0	0.0
1913	2628667.242	1104528.405	2776.875	2628667.242	1104528.405	2776.875	0.0	0.0
1914	2628667.242	1104528.405	2776.875	2628667.242	1104528.405	2776.875	0.0	0.0
1915	2628667.242	1104528.405	2776.875	2628667.242	1104528.405	2776.875	0.0	0.0
1916	2628667.242	1104528.405	2776.875	2628667.242	1104528.405	2776.875	0.0	0.0
1944	2628712.96	1104590.962	2742.657	2628713.006	1104591.002	2742.67	0.0623297682588632	0.008904252608409
1945	2628704.719	1104580.079	2748.422	2628709.147	1104583.3	2745.813	6.065385890399466	0.8664836986284952
1946	2628702.345	1104574.802	2750.332	2628702.251	1104574.817	2750.282	0.1075220908073693	0.015360298686767
1947	2628699.723	1104569.585	2752.3	2628699.768	1104569.738	2752.215	0.1807180123086289	0.0258168589012327
1948	2628695.976	1104563.504	2755.155	2628696.199	1104563.845	2755.049	0.4210059383348664	0.0601437054764094
1949	2628692.912	1104558.567	2757.216	2628692.977	1104558.753	2757.156	0.2059635889857205	0.0294233698551029
1950	2628690.436	1104554.094	2759.053	2628690.489	1104554.22	2758.981	0.1544959545282791	0.022070850646897
1951	2628686.768	1104549.49	2761.388	2628686.894	1104549.681	2761.329	0.2363006558712812	0.0337572365530401
1952	2628682.498	1104546.027	2763.18	2628682.557	1104546.24	2763.059	0.2519742049940905	0.0359963149991557
1953	2628680.723	1104542.459	2765.016	2628680.632	1104542.509	2764.954	0.1209338662548915	0.0172762666078416
1956	2628672.913	1104532.83	2770.656	2628663.738	1104530.295	2775.735	10.789026416034222	1.5412894880048889
1957	2628672.38	1104532.301	2771.026	2628672.38	1104532.301	2771.026	0.0	0.0
1958	2628664.326	1104528.728	2777.119	2628664.326	1104528.728	2777.119	0.0	0.0
1959	2628667.242	1104528.405	2776.875	2628667.242	1104528.405	2776.875	0.0	0.0
1960	2628667.242	1104528.405	2776.875	2628667.242	1104528.405	2776.875	0.0	0.0
1961	2628667.242	1104528.405	2776.875	2628667.242	1104528.405	2776.875	0.0	0.0
1962	2628667.242	1104528.405	2776.875	2628667.242	1104528.405	2776.875	0.0	0.0
1964	2628667.242	1104528.405	2776.875	2628667.242	1104528.405	2776.875	0.0	0.0
1981	2628718.617	1104637.397	2726.067	2628718.198	1104636.604	2725.632	0.9968124198116832	0.1424017742588118
1982	2628719.244	1104634.213	2726.152	2628718.857	1104633.79	2725.78	0.6834339763573708	0.0976334251939101
1983	2628717.516	1104625.379	2728.147	2628716.543	1104624.673	2728.12	1.2024533253108745	0.171779046472982
1985	2628714.422	1104613.689	2733.402	2628713.788	1104613.783	2733.406	0.6409430548156689	0.0915632935450955
1987	2628710.907	1104597.378	2738.799	2628709.904	1104596.614	2738.82	1.261009912729114	0.1801442732470163
1988	2628710.031	1104592.34	2740.57	2628709.848	1104592.405	2740.336	0.3040888026438666	0.0434412575205523
1989	2628710.714	1104589.002	2741.621	2628710.713	1104588.855	2741.596	0.1491140504236172	0.0213020072033738
1990	2628701.148	1104577.52	2748.393	2628701.238	1104577.453	2748.455	0.1281912632686282	0.018313037609804
1991	2628699.034	1104572.859	2750.039	2628698.971	1104572.82	2750.026	0.075226325182457	0.0107466178832081
1992	2628696.742	1104567.62	2751.779	2628696.838	1104567.753	2751.756	0.1656321223634425	0.023661731766206
1993	2628693.154	1104561.988	2754.686	2628693.403	1104562.335	2754.617	0.4326326385802419	0.0618046626543202
1994	2628690.697	1104557.158	2756.621	2628690.871	1104557.666	2756.49	0.5527214486440414	0.0789602069491487
1995	2628687.57	1104553.012	2758.902	2628688.023	1104553.632	2758.531	0.85278954029838	0.1218270771854828
1996	2628683.024	1104547.615	2762.164	2628682.876	1104547.486	2762.223	0.205002439015122	0.0292860627164459
1997	2628680.992	1104544.403	2763.583	2628680.874	1104544.22	2763.691	0.2430576064321532	0.0347225152045933
1998	2628679.346	1104541.902	2764.875	2628679.292	1104541.871	2764.886	0.0632297398212341	0.009032819974462
1999	2628676.194	1104537.879	2767.083	2628676.369	1104538.128	2766.879	0.3663905020182718	0.0523415002883245
2000	2628672.725	1104534.552	2769.29	2628672.978	1104534.692	2769.159	0.3174429083310346	0.0453489869044335
2001	2628671.251	1104532.655	2770.45	2628671.251	1104532.655	2770.45	0.0	0.0
2002	2628671.251	1104532.655	2770.45	2628671.251	1104532.655	2770.45	0.0	0.0
2003	2628664.326	1104528.728	2777.119	2628664.326	1104528.728	2777.119	0.0	0.0
2004	2628664.326	1104528.728	2777.119	2628664.326	1104528.728	2777.119	0.0	0.0
2005	2628667.242	1104528.405	2776.875	2628667.242	1104528.405	2776.875	0.0	0.0
2006	2628667.242	1104528.405	2776.875	2628667.242	1104528.405	2776.875	0.0	0.0
2007	2628667.242	1104528.405	2776.875	2628667.242	1104528.405	2776.875	0.0	0.0
2008	2628667.242	1104528.405	2776.875	2628667.242	1104528.405	2776.875	0.0	0.0
2009	2628667.242	1104528.405	2776.875	2628667.242	1104528.405	2776.875	0.0	0.0
2010	2628667.242	1104528.405	2776.875	2628667.242	1104528.405	2776.875	0.0	0.0
