ID	X_x	Y_x	Z_x	X_y	Y_y	Z_y	Distances	Velocity
32	2628830.941	1104494.258	2873.347	2628830.732	1104494.22	2873.283	0.2218580629731763	0.031694008996168
33	2628829.388	1104492.677	2872.272	2628829.388	1104492.677	2872.272	0.0	0.0
34	2628819.165	1104484.576	2865.481	2628819.165	1104484.576	2865.481	0.0	0.0
35	2628797.404	1104479.672	2860.93	2628797.404	1104479.672	2860.93	0.0	0.0
36	2628793.18	1104477.106	2860.489	2628795.559	1104475.984	2861.531	2.829185218155514	0.4041693168793591
37	2628778.729	1104477.969	2857.809	2628779.135	1104477.483	2858.045	0.6758165431529892	0.096545220450427
77	2628830.732	1104494.22	2873.283	2628830.732	1104494.22	2873.283	0.0	0.0
78	2628829.388	1104492.677	2872.272	2628829.388	1104492.677	2872.272	0.0	0.0
79	2628827.443	1104479.21	2869.241	2628827.443	1104479.21	2869.241	0.0	0.0
80	2628797.404	1104479.672	2860.93	2628797.404	1104479.672	2860.93	0.0	0.0
108	2628925.468	1104636.55	2844.849	2628925.468	1104636.55	2844.849	0.0	0.0
123	2628829.388	1104492.677	2872.272	2628829.388	1104492.677	2872.272	0.0	0.0
124	2628819.256	1104484.916	2865.519	2628819.165	1104484.576	2865.481	0.3540127117204624	0.0505732445314946
125	2628797.404	1104479.672	2860.93	2628797.404	1104479.672	2860.93	0.0	0.0
126	2628793.396	1104477.456	2860.334	2628793.18	1104477.106	2860.489	0.4395236058184951	0.0627890865454993
153	2628927.105	1104643.475	2843.472	2628927.105	1104643.475	2843.472	0.0	0.0
154	2628944.995	1104630.902	2852.202	2628945.561	1104630.898	2852.563	0.671336726331773	0.0959052466188247
167	2628830.941	1104494.258	2873.347	2628830.941	1104494.258	2873.347	0.0	0.0
168	2628829.388	1104492.677	2872.272	2628829.388	1104492.677	2872.272	0.0	0.0
169	2628827.356	1104480.536	2868.033	2628827.418	1104480.253	2868.51	0.5580878067300098	0.0797268295328585
170	2628797.404	1104479.672	2860.93	2628797.404	1104479.672	2860.93	0.0	0.0
171	2628779.094	1104478.24	2857.717	2628779.094	1104478.24	2857.717	0.0	0.0
198	2628921.356	1104638.439	2843.15	2628948.442	1104647.991	2848.028	29.132232732488752	4.161747533212679
199	2628946.727	1104636.238	2852.764	2628945.379	1104631.561	2851.988	4.928854734977892	0.7041221049968417
213	2628829.388	1104492.677	2872.272	2628829.388	1104492.677	2872.272	0.0	0.0
214	2628819.165	1104484.576	2865.481	2628827.505	1104480.952	2867.328	9.27902931325931	1.3255756161799013
215	2628797.404	1104479.672	2860.93	2628797.404	1104479.672	2860.93	0.0	0.0
216	2628797.053	1104478.796	2860.862	2628797.053	1104478.796	2860.862	0.0	0.0
217	2628771.838	1104477.648	2857.498	2628771.838	1104477.648	2857.498	0.0	0.0
243	2628925.468	1104636.55	2844.849	2628925.468	1104636.55	2844.849	0.0	0.0
244	2628947.137	1104636.746	2853.113	2628947.137	1104636.746	2853.113	0.0	0.0
245	2628945.756	1104620.98	2855.557	2628945.756	1104620.98	2855.557	0.0	0.0
258	2628829.388	1104492.677	2872.272	2628829.388	1104492.677	2872.272	0.0	0.0
259	2628829.388	1104492.677	2872.272	2628829.388	1104492.677	2872.272	0.0	0.0
260	2628797.404	1104479.672	2860.93	2628797.404	1104479.672	2860.93	0.0	0.0
288	2628925.468	1104636.55	2844.849	2628925.468	1104636.55	2844.849	0.0	0.0
289	2628947.137	1104636.746	2853.113	2628947.137	1104636.746	2853.113	0.0	0.0
290	2628945.756	1104620.98	2855.557	2628945.756	1104620.98	2855.557	0.0	0.0
303	2628829.388	1104492.677	2872.272	2628829.388	1104492.677	2872.272	0.0	0.0
304	2628819.165	1104484.576	2865.481	2628819.165	1104484.576	2865.481	0.0	0.0
305	2628797.404	1104479.672	2860.93	2628797.404	1104479.672	2860.93	0.0	0.0
306	2628797.053	1104478.796	2860.862	2628797.053	1104478.796	2860.862	0.0	0.0
309	2628765.093	1104472.396	2856.149	2628765.093	1104472.396	2856.149	0.0	0.0
310	2628758.352	1104470.853	2853.405	2628758.801	1104470.632	2853.692	0.5768977378852773	0.0824139625550396
333	2628948.442	1104647.991	2848.028	2628948.442	1104647.991	2848.028	0.0	0.0
334	2628946.727	1104636.238	2852.764	2628946.727	1104636.238	2852.764	0.0	0.0
335	2628945.756	1104620.98	2855.557	2628945.756	1104620.98	2855.557	0.0	0.0
347	2628831.139	1104494.383	2873.423	2628831.139	1104494.383	2873.423	0.0	0.0
348	2628829.388	1104492.677	2872.272	2628829.388	1104492.677	2872.272	0.0	0.0
349	2628819.256	1104484.916	2865.519	2628819.256	1104484.916	2865.519	0.0	0.0
350	2628797.404	1104479.672	2860.93	2628797.404	1104479.672	2860.93	0.0	0.0
351	2628792.005	1104478.921	2858.927	2628792.005	1104478.921	2858.927	0.0	0.0
352	2628790.74	1104473.908	2863.381	2628790.786	1104473.931	2863.284	0.1097907098410105	0.0156843871201443
353	2628768.568	1104475.634	2854.371	2628768.568	1104475.634	2854.371	0.0	0.0
354	2628760.576	1104473.995	2850.852	2628760.784	1104474.033	2850.99	0.2524915840922861	0.036070226298898
378	2628948.442	1104647.991	2848.028	2628948.442	1104647.991	2848.028	0.0	0.0
379	2628946.727	1104636.238	2852.764	2628946.727	1104636.238	2852.764	0.0	0.0
380	2628945.756	1104620.98	2855.557	2628945.756	1104620.98	2855.557	0.0	0.0
381	2628962.195	1104607.439	2869.093	2628962.195	1104607.439	2869.093	0.0	0.0
392	2628831.139	1104494.383	2873.423	2628831.139	1104494.383	2873.423	0.0	0.0
393	2628846.556	1104487.749	2876.895	2628846.556	1104487.749	2876.895	0.0	0.0
394	2628819.472	1104485.576	2865.622	2628819.256	1104484.916	2865.519	0.702043445874833	0.1002919208392618
395	2628795.067	1104481.488	2858.851	2628795.067	1104481.488	2858.851	0.0	0.0
396	2628792.005	1104478.921	2858.927	2628792.13	1104478.626	2859.123	0.3755875398537303	0.0536553628362471
397	2628774.261	1104478.532	2853.439	2628775.369	1104478.258	2854.002	1.2726778854067338	0.1818111264866762
398	2628758.789	1104478.601	2847.249	2628758.877	1104478.647	2847.372	0.1580790941467913	0.0225827277352559
399	2628747.674	1104478.037	2843.033	2628747.915	1104478.038	2843.195	0.2903893936806915	0.0414841990972416
423	2628948.442	1104647.991	2848.028	2628948.442	1104647.991	2848.028	0.0	0.0
424	2628947.137	1104636.746	2853.113	2628947.137	1104636.746	2853.113	0.0	0.0
425	2628945.756	1104620.98	2855.557	2628945.756	1104620.98	2855.557	0.0	0.0
426	2628962.195	1104607.439	2869.093	2628962.195	1104607.439	2869.093	0.0	0.0
427	2628960.527	1104599.45	2870.784	2628960.527	1104599.45	2870.784	0.0	0.0
437	2628827.429	1104496.326	2871.058	2628816.061	1104497.451	2866.318	12.367887814622408	1.7668411163746298
438	2628839.186	1104488.102	2873.659	2628838.95	1104488.057	2873.57	0.2562069476206864	0.0366009925172409
439	2628819.256	1104484.916	2865.519	2628819.256	1104484.916	2865.519	0.0	0.0
440	2628825.975	1104478.064	2868.436	2628826.047	1104477.947	2868.254	0.2280285069375099	0.0325755009910728
441	2628780.634	1104481.862	2852.273	2628780.431	1104481.78	2852.196	0.2320818822654179	0.0331545546093454
442	2628765.868	1104480.947	2846.737	2628765.957	1104480.993	2846.787	0.1119687457971434	0.0159955351138776
443	2628753.273	1104480.239	2842.403	2628753.333	1104480.339	2842.319	0.1437219537118033	0.0205317076731147
444	2628733.662	1104482.636	2835.627	2628733.527	1104482.663	2835.504	0.1846158174845564	0.0263736882120794
468	2628948.442	1104647.991	2848.028	2628948.442	1104647.991	2848.028	0.0	0.0
469	2628946.727	1104636.238	2852.764	2628946.727	1104636.238	2852.764	0.0	0.0
470	2628945.756	1104620.98	2855.557	2628945.756	1104620.98	2855.557	0.0	0.0
471	2628962.195	1104607.439	2869.093	2628962.195	1104607.439	2869.093	0.0	0.0
472	2628960.795	1104600.057	2870.582	2628960.975	1104600.087	2870.877	0.3468789415085168	0.0495541345012166
473	2628955.722	1104586.533	2873.485	2628955.722	1104586.533	2873.485	0.0	0.0
483	2628798.39	1104494.085	2854.591	2628798.39	1104494.085	2854.591	0.0	0.0
484	2628784.29	1104490.533	2850.291	2628784.253	1104490.467	2850.18	0.1343354011984961	0.0191907715997851
485	2628777.898	1104487.365	2847.767	2628777.898	1104487.365	2847.767	0.0	0.0
486	2628766.87	1104484.967	2844.072	2628766.87	1104484.967	2844.072	0.0	0.0
487	2628755.399	1104483.508	2840.081	2628755.274	1104483.447	2840.031	0.1478039241645075	0.0211148463092153
488	2628738.299	1104484.445	2834.422	2628738.299	1104484.445	2834.422	0.0	0.0
489	2628723.123	1104486.134	2829.78	2628723.123	1104486.134	2829.78	0.0	0.0
513	2628948.442	1104647.991	2848.028	2628948.442	1104647.991	2848.028	0.0	0.0
514	2628946.727	1104636.238	2852.764	2628946.727	1104636.238	2852.764	0.0	0.0
515	2628945.756	1104620.98	2855.557	2628945.756	1104620.98	2855.557	0.0	0.0
516	2628962.195	1104607.439	2869.093	2628962.195	1104607.439	2869.093	0.0	0.0
517	2628960.795	1104600.057	2870.582	2628960.795	1104600.057	2870.582	0.0	0.0
518	2628955.722	1104586.533	2873.485	2628955.722	1104586.533	2873.485	0.0	0.0
523	2628868.735	1104524.841	2874.267	2628868.735	1104524.841	2874.267	0.0	0.0
527	2628794.814	1104499.73	2850.148	2628794.814	1104499.73	2850.148	0.0	0.0
528	2628785.256	1104495.796	2846.798	2628783.962	1104495.701	2846.61	1.311032036460933	0.1872902909229904
529	2628776.334	1104492.295	2843.972	2628776.334	1104492.295	2843.972	0.0	0.0
530	2628769.789	1104488.59	2841.762	2628768.332	1104488.915	2840.986	1.6824535654173776	0.2403505093453396
531	2628751.588	1104488.302	2835.987	2628752.33	1104488.175	2836.18	0.7771370536089803	0.1110195790869972
532	2628736.422	1104488.458	2831.402	2628736.512	1104488.504	2831.404	0.1010940158654397	0.0144420022664913
533	2628718.14	1104490.295	2826.085	2628727.879	1104487.449	2828.881	10.52451675853142	1.5035023940759171
558	2628948.442	1104647.991	2848.028	2628948.442	1104647.991	2848.028	0.0	0.0
559	2628947.137	1104636.746	2853.113	2628947.137	1104636.746	2853.113	0.0	0.0
560	2628945.756	1104620.98	2855.557	2628945.756	1104620.98	2855.557	0.0	0.0
561	2628962.195	1104607.439	2869.093	2628962.195	1104607.439	2869.093	0.0	0.0
566	2628883.406	1104543.555	2873.324	2628882.535	1104543.294	2873.031	0.9553067568263056	0.1364723938323294
567	2628865.712	1104533.312	2868.323	2628865.697	1104533.313	2868.128	0.1955786286641667	0.0279398040948809
571	2628789.721	1104506.147	2844.477	2628789.721	1104506.147	2844.477	0.0	0.0
572	2628782.096	1104501.511	2842.019	2628782.096	1104501.511	2842.019	0.0	0.0
573	2628774.077	1104497.489	2839.63	2628774.077	1104497.489	2839.63	0.0	0.0
574	2628766.865	1104493.915	2837.498	2628765.952	1104493.941	2837.303	0.9339539604945504	0.1334219943563643
575	2628755.628	1104491.823	2834.217	2628756.049	1104491.691	2834.405	0.4795925354620245	0.0685132193517178
576	2628740.446	1104491.027	2829.996	2628740.446	1104491.027	2829.996	0.0	0.0
577	2628729.223	1104490.492	2826.902	2628729.186	1104490.46	2826.914	0.0503686411242047	0.0071955201606006
603	2628948.442	1104647.991	2848.028	2628948.442	1104647.991	2848.028	0.0	0.0
604	2628947.137	1104636.746	2853.113	2628947.137	1104636.746	2853.113	0.0	0.0
605	2628945.756	1104620.98	2855.557	2628945.756	1104620.98	2855.557	0.0	0.0
606	2628962.195	1104607.439	2869.093	2628962.195	1104607.439	2869.093	0.0	0.0
607	2628960.527	1104599.45	2870.784	2628960.527	1104599.45	2870.784	0.0	0.0
610	2628875.843	1104551.86	2864.853	2628875.843	1104551.86	2864.853	0.0	0.0
611	2628869.946	1104542.069	2862.94	2628869.946	1104542.069	2862.94	0.0	0.0
615	2628789.124	1104511.792	2840.562	2628789.194	1104511.787	2840.465	0.1197246843410233	0.0171035263344319
616	2628779.221	1104507.057	2837.731	2628779.221	1104507.057	2837.731	0.0	0.0
617	2628770.124	1104502.77	2835.059	2628770.124	1104502.77	2835.059	0.0	0.0
618	2628764.684	1104498.739	2833.437	2628764.684	1104498.739	2833.437	0.0	0.0
619	2628753.017	1104496.095	2830.418	2628753.017	1104496.095	2830.418	0.0	0.0
620	2628740.808	1104494.586	2827.627	2628740.808	1104494.586	2827.627	0.0	0.0
621	2628731.555	1104493.07	2825.119	2628731.555	1104493.07	2825.119	0.0	0.0
622	2628711.366	1104495.109	2820.278	2628711.366	1104495.109	2820.278	0.0	0.0
648	2628948.442	1104647.991	2848.028	2628948.442	1104647.991	2848.028	0.0	0.0
649	2628946.727	1104636.238	2852.764	2628946.727	1104636.238	2852.764	0.0	0.0
650	2628945.756	1104620.98	2855.557	2628945.756	1104620.98	2855.557	0.0	0.0
651	2628962.195	1104607.439	2869.093	2628962.195	1104607.439	2869.093	0.0	0.0
652	2628960.795	1104600.057	2870.582	2628960.795	1104600.057	2870.582	0.0	0.0
653	2628955.722	1104586.533	2873.485	2628955.722	1104586.533	2873.485	0.0	0.0
656	2628858.216	1104541.471	2853.205	2628858.216	1104541.471	2853.205	0.0	0.0
660	2628777.382	1104512.456	2833.531	2628777.457	1104512.555	2833.593	0.1388164253395948	0.0198309179056564
661	2628768.577	1104507.473	2831.557	2628768.486	1104507.409	2831.531	0.1142497264958328	0.0163213894994046
662	2628763.898	1104503.364	2830.177	2628763.816	1104503.292	2830.127	0.1200333287578874	0.0171476183939839
663	2628753.42	1104500.45	2827.612	2628753.42	1104500.45	2827.612	0.0	0.0
664	2628741.061	1104498.354	2824.659	2628741.061	1104498.354	2824.659	0.0	0.0
665	2628732.189	1104496.283	2822.704	2628732.073	1104496.23	2822.69	0.1283004286413495	0.0183286326630499
666	2628719.878	1104496.0	2819.952	2628719.878	1104496.0	2819.952	0.0	0.0
667	2628703.589	1104496.902	2816.405	2628703.589	1104496.902	2816.405	0.0	0.0
693	2628948.442	1104647.991	2848.028	2628948.442	1104647.991	2848.028	0.0	0.0
694	2628946.727	1104636.238	2852.764	2628946.727	1104636.238	2852.764	0.0	0.0
695	2628945.756	1104620.98	2855.557	2628945.756	1104620.98	2855.557	0.0	0.0
696	2628962.195	1104607.439	2869.093	2628962.195	1104607.439	2869.093	0.0	0.0
697	2628960.372	1104600.493	2870.052	2628960.372	1104600.493	2870.052	0.0	0.0
698	2628880.583	1104572.476	2852.36	2628880.617	1104572.717	2852.312	0.2480745854804585	0.0354392264972083
704	2628781.368	1104517.916	2830.469	2628781.711	1104517.893	2830.62	0.3754717036437214	0.0536388148062459
705	2628769.154	1104512.623	2828.059	2628769.154	1104512.623	2828.059	0.0	0.0
706	2628761.251	1104508.22	2826.196	2628761.251	1104508.22	2826.196	0.0	0.0
707	2628752.411	1104504.667	2824.152	2628752.411	1104504.667	2824.152	0.0	0.0
708	2628741.753	1104502.056	2822.283	2628741.787	1104502.053	2822.332	0.0597159945001424	0.0085308563571632
709	2628732.92	1104499.826	2820.438	2628732.92	1104499.826	2820.438	0.0	0.0
710	2628725.308	1104497.723	2818.61	2628725.331	1104497.678	2818.623	0.052182372252786	0.0074546246075408
711	2628701.088	1104499.968	2813.925	2628701.088	1104499.968	2813.925	0.0	0.0
712	2628701.191	1104497.702	2813.822	2628701.191	1104497.702	2813.822	0.0	0.0
713	2628698.563	1104496.225	2813.283	2628698.563	1104496.225	2813.283	0.0	0.0
738	2628948.442	1104647.991	2848.028	2628948.442	1104647.991	2848.028	0.0	0.0
739	2628946.727	1104636.238	2852.764	2628946.727	1104636.238	2852.764	0.0	0.0
740	2628945.756	1104620.98	2855.557	2628945.756	1104620.98	2855.557	0.0	0.0
741	2628950.714	1104610.976	2859.982	2628950.714	1104610.976	2859.982	0.0	0.0
742	2628880.778	1104581.381	2846.79	2628880.778	1104581.381	2846.79	0.0	0.0
748	2628780.171	1104523.229	2826.423	2628780.171	1104523.229	2826.423	0.0	0.0
749	2628768.533	1104517.533	2824.288	2628768.533	1104517.533	2824.288	0.0	0.0
750	2628760.121	1104512.964	2822.724	2628759.966	1104512.844	2822.734	0.1962778640280707	0.0280396948611529
751	2628751.091	1104509.067	2820.945	2628750.821	1104509.025	2820.856	0.2873760602784385	0.0410537228969197
752	2628742.367	1104505.816	2819.503	2628742.5	1104505.755	2819.602	0.1766663522121996	0.0252380503160285
753	2628732.717	1104503.017	2817.719	2628732.905	1104503.004	2817.819	0.2133377600347133	0.0304768228621019
754	2628728.18	1104500.431	2816.59	2628728.18	1104500.431	2816.59	0.0	0.0
755	2628701.345	1104502.45	2812.163	2628701.345	1104502.45	2812.163	0.0	0.0
756	2628699.71	1104500.317	2811.891	2628699.647	1104500.296	2811.89	0.0664153597311244	0.0094879085330177
757	2628694.961	1104499.302	2811.032	2628695.056	1104499.304	2811.082	0.1073731807799616	0.0153390258257088
783	2628948.442	1104647.991	2848.028	2628948.442	1104647.991	2848.028	0.0	0.0
784	2628946.462	1104635.446	2851.732	2628946.462	1104635.446	2851.732	0.0	0.0
785	2628925.589	1104614.672	2846.465	2628933.802	1104616.904	2849.365	8.991395497927739	1.2844850711325342
786	2628873.117	1104588.61	2838.351	2628873.117	1104588.61	2838.351	0.0	0.0
792	2628775.58	1104528.095	2821.513	2628775.63	1104528.092	2821.575	0.0797057085880138	0.0113865297982876
793	2628769.52	1104522.413	2821.162	2628769.472	1104522.355	2821.21	0.0892860570908775	0.0127551510129825
794	2628759.087	1104517.58	2819.24	2628762.179	1104517.564	2819.696	3.1254849225532784	0.4464978460790397
795	2628751.683	1104513.375	2817.983	2628751.683	1104513.375	2817.983	0.0	0.0
796	2628741.935	1104509.924	2816.404	2628742.066	1104509.828	2816.516	0.1972840592642728	0.0281834370377532
797	2628734.833	1104506.668	2815.386	2628734.744	1104506.622	2815.373	0.1010247496181531	0.0144321070883075
798	2628729.766	1104503.57	2814.456	2628729.766	1104503.57	2814.456	0.0	0.0
799	2628702.122	1104504.82	2810.395	2628723.994	1104501.187	2813.421	22.37721495181935	3.19674499311705
800	2628699.883	1104502.823	2810.006	2628699.883	1104502.823	2810.006	0.0	0.0
828	2628888.231	1104625.109	2834.81	2628888.544	1104625.321	2835.072	0.4599532585773003	0.0657076083681857
837	2628769.406	1104527.36	2817.214	2628769.558	1104527.332	2817.326	0.190871684858305	0.0272673835511864
838	2628759.562	1104522.139	2815.935	2628759.677	1104522.192	2816.047	0.1690502885508543	0.0241500412215506
839	2628753.641	1104517.696	2815.247	2628753.641	1104517.696	2815.247	0.0	0.0
840	2628740.146	1104513.542	2813.299	2628739.481	1104513.543	2813.205	0.6716114948762295	0.0959444992680327
841	2628733.881	1104510.273	2812.402	2628733.921	1104510.227	2812.451	0.0782112524589878	0.0111730360655696
842	2628730.026	1104507.137	2811.928	2628730.026	1104507.137	2811.928	0.0	0.0
843	2628725.407	1104504.191	2811.285	2628725.273	1104504.235	2811.173	0.1800999722945346	0.0257285674706478
846	2628698.557	1104500.815	2807.821	2628698.557	1104500.815	2807.821	0.0	0.0
881	2628768.723	1104533.445	2812.847	2628769.262	1104533.4	2813.098	0.5962776198027089	0.0851825171146727
882	2628761.373	1104526.974	2812.477	2628761.373	1104526.974	2812.477	0.0	0.0
883	2628750.08	1104521.719	2811.362	2628749.99	1104521.543	2811.384	0.1988969581600161	0.0284138511657165
884	2628738.914	1104517.695	2810.068	2628738.914	1104517.695	2810.068	0.0	0.0
885	2628732.026	1104514.077	2809.345	2628731.696	1104514.047	2809.329	0.3317468915466098	0.0473924130780871
886	2628729.324	1104510.525	2809.349	2628729.324	1104510.525	2809.349	0.0	0.0
887	2628724.757	1104507.463	2808.719	2628724.623	1104507.394	2808.668	0.1591163096836257	0.0227309013833751
888	2628702.711	1104507.218	2806.585	2628702.711	1104507.218	2806.585	0.0	0.0
890	2628698.198	1104503.165	2806.136	2628698.196	1104503.147	2806.197	0.0636317530539399	0.0090902504362771
891	2628694.473	1104501.604	2805.704	2628694.473	1104501.604	2805.704	0.0	0.0
925	2628766.232	1104537.692	2809.001	2628766.329	1104537.407	2809.429	0.5232762177835389	0.0747537453976484
926	2628760.927	1104531.942	2808.855	2628761.061	1104531.898	2808.979	0.1877977636193351	0.0268282519456193
927	2628752.81	1104526.778	2808.258	2628752.77	1104526.677	2808.172	0.1385532388933388	0.0197933198419055
928	2628738.85	1104521.916	2807.171	2628738.686	1104521.788	2807.168	0.2080600873909494	0.0297228696272784
929	2628733.45	1104517.817	2806.771	2628733.45	1104517.817	2806.771	0.0	0.0
930	2628727.056	1104514.097	2806.176	2628726.908	1104514.064	2806.089	0.1748199073812689	0.0249742724830384
931	2628724.712	1104510.972	2806.076	2628724.712	1104510.972	2806.076	0.0	0.0
932	2628719.905	1104508.09	2805.59	2628706.684	1104509.445	2804.712	13.31922482719579	1.9027464038851127
933	2628701.638	1104507.478	2804.531	2628701.638	1104507.478	2804.531	0.0	0.0
934	2628697.999	1104505.539	2804.246	2628697.954	1104505.516	2804.245	0.0505470077784159	0.0072210011112022
960	2628844.992	1104635.853	2810.151	2628844.992	1104635.853	2810.151	0.0	0.0
969	2628765.334	1104543.202	2804.935	2628765.324	1104543.306	2804.923	0.1051665346295786	0.0150237906613683
970	2628759.315	1104537.446	2805.073	2628759.225	1104537.496	2804.974	0.1428320691503703	0.0204045813071957
971	2628751.691	1104531.191	2804.944	2628751.691	1104531.191	2804.944	0.0	0.0
972	2628739.824	1104525.895	2804.457	2628739.378	1104525.812	2804.377	0.4606571393274635	0.0658081627610662
973	2628732.29	1104521.453	2803.992	2628732.275	1104521.359	2804.004	0.0959426912881259	0.0137060987554465
974	2628727.07	1104517.853	2803.608	2628727.07	1104517.853	2803.608	0.0	0.0
975	2628723.111	1104514.239	2803.4	2628723.105	1104514.152	2803.449	0.1000299955546875	0.0142899993649553
1004	2628837.759	1104641.179	2803.057	2628837.349	1104640.965	2802.904	0.4871396104689557	0.0695913729241365
1014	2628758.002	1104541.425	2801.205	2628757.909	1104541.44	2801.106	0.1366565035920444	0.0195223576560063
1015	2628751.913	1104535.673	2801.403	2628751.913	1104535.673	2801.403	0.0	0.0
1016	2628736.817	1104529.533	2801.262	2628736.817	1104529.533	2801.262	0.0	0.0
1017	2628732.417	1104525.419	2801.133	2628732.417	1104525.419	2801.133	0.0	0.0
1018	2628726.907	1104521.128	2800.915	2628726.182	1104521.142	2800.832	0.7298698515037575	0.1042671216433939
1019	2628721.747	1104517.55	2800.666	2628721.715	1104517.474	2800.727	0.1025719261087907	0.0146531323012558
1021	2628714.697	1104511.638	2800.778	2628714.697	1104511.638	2800.778	0.0	0.0
1058	2628757.813	1104546.781	2797.735	2628757.813	1104546.781	2797.735	0.0	0.0
1059	2628753.182	1104540.863	2798.147	2628753.182	1104540.863	2798.147	0.0	0.0
1060	2628731.104	1104532.865	2798.239	2628731.104	1104532.865	2798.239	0.0	0.0
1061	2628730.339	1104528.9	2798.231	2628730.339	1104528.9	2798.231	0.0	0.0
1062	2628726.789	1104524.963	2798.198	2628726.789	1104524.963	2798.198	0.0	0.0
1063	2628722.932	1104521.003	2798.345	2628722.765	1104520.953	2798.33	0.1749685685232011	0.0249955097890287
1064	2628718.507	1104517.808	2798.156	2628718.507	1104517.808	2798.156	0.0	0.0
1065	2628707.531	1104514.952	2798.188	2628707.531	1104514.952	2798.188	0.0	0.0
1066	2628705.801	1104512.01	2798.439	2628705.801	1104512.01	2798.439	0.0	0.0
1102	2628756.422	1104551.83	2793.942	2628756.495	1104552.007	2793.931	0.1917785181270532	0.0273969311610076
1103	2628750.807	1104544.401	2794.423	2628750.807	1104544.401	2794.423	0.0	0.0
1104	2628731.006	1104536.699	2795.352	2628730.959	1104536.642	2795.339	0.0750133323297095	0.0107161903328156
1105	2628728.237	1104532.521	2795.256	2628728.178	1104532.533	2795.219	0.0706682392924092	0.0100954627560584
1106	2628725.543	1104528.638	2795.601	2628725.511	1104528.545	2795.576	0.1014790620192807	0.0144970088598972
1107	2628722.318	1104524.679	2795.781	2628722.318	1104524.679	2795.781	0.0	0.0
1108	2628718.79	1104521.104	2795.859	2628718.79	1104521.104	2795.859	0.0	0.0
1109	2628713.364	1104517.784	2796.085	2628713.364	1104517.784	2796.085	0.0	0.0
1111	2628704.451	1104512.385	2796.235	2628704.472	1104512.435	2796.272	0.0656505903424256	0.0093786557632036
1147	2628747.894	1104549.419	2791.062	2628747.894	1104549.419	2791.062	0.0	0.0
1148	2628728.578	1104540.246	2792.495	2628728.565	1104540.186	2792.507	0.0625539768015061	0.0089362824002151
1149	2628727.914	1104536.29	2792.769	2628727.914	1104536.29	2792.769	0.0	0.0
1150	2628724.288	1104532.029	2792.894	2628724.288	1104532.029	2792.894	0.0	0.0
1151	2628720.129	1104527.95	2793.048	2628720.129	1104527.95	2793.048	0.0	0.0
1152	2628717.783	1104524.504	2793.387	2628717.939	1104524.51	2793.45	0.1683478541229325	0.0240496934461332
1153	2628711.062	1104520.975	2793.68	2628711.062	1104520.975	2793.68	0.0	0.0
1154	2628708.466	1104517.892	2793.858	2628708.421	1104517.869	2793.845	0.0521823724581451	0.0074546246368778
1155	2628705.061	1104515.32	2794.283	2628705.061	1104515.32	2794.283	0.0	0.0
1180	2628807.384	1104657.583	2779.987	2628807.503	1104657.8	2779.928	0.2544228762595205	0.0363461251799315
1191	2628747.778	1104554.286	2787.542	2628747.778	1104554.286	2787.542	0.0	0.0
1192	2628744.174	1104548.23	2788.114	2628744.174	1104548.23	2788.114	0.0	0.0
1193	2628725.368	1104539.637	2789.873	2628725.505	1104539.628	2789.948	0.1564448785673768	0.0223492683667681
1194	2628722.932	1104535.642	2790.429	2628722.932	1104535.642	2790.429	0.0	0.0
1195	2628719.722	1104531.405	2790.62	2628719.747	1104531.394	2790.67	0.0569736780807617	0.0081390968686802
1196	2628715.815	1104527.482	2790.828	2628715.815	1104527.482	2790.828	0.0	0.0
1197	2628712.148	1104523.967	2791.296	2628712.148	1104523.967	2791.296	0.0	0.0
1198	2628708.982	1104520.921	2791.588	2628708.982	1104520.921	2791.588	0.0	0.0
1199	2628705.266	1104518.206	2791.886	2628705.266	1104518.206	2791.886	0.0	0.0
1200	2628700.275	1104515.367	2792.4	2628700.275	1104515.367	2792.4	0.0	0.0
1224	2628801.849	1104662.31	2775.736	2628801.849	1104662.31	2775.736	0.0	0.0
1225	2628802.971	1104654.282	2775.607	2628802.971	1104654.282	2775.607	0.0	0.0
1235	2628747.699	1104559.039	2783.851	2628747.699	1104559.039	2783.851	0.0	0.0
1236	2628742.819	1104552.746	2784.846	2628742.819	1104552.746	2784.846	0.0	0.0
1237	2628724.538	1104543.399	2787.013	2628724.517	1104543.348	2787.025	0.0564446632144339	0.0080635233163477
1238	2628720.391	1104538.685	2787.63	2628720.444	1104538.586	2787.692	0.1282731463107283	0.0183247351872469
1239	2628717.937	1104534.544	2788.137	2628717.937	1104534.544	2788.137	0.0	0.0
1240	2628715.234	1104530.897	2788.336	2628715.427	1104530.936	2788.388	0.2036516633338182	0.029093094761974
1241	2628711.505	1104526.987	2788.925	2628711.572	1104526.965	2788.987	0.0938988819485245	0.0134141259926463
1242	2628708.097	1104523.844	2789.311	2628708.016	1104523.789	2789.286	0.1010494929797135	0.0144356418542447
1243	2628704.952	1104520.866	2789.666	2628704.952	1104520.866	2789.666	0.0	0.0
1244	2628700.251	1104517.973	2790.256	2628699.998	1104517.946	2790.253	0.2544543181266409	0.0363506168752344
1245	2628697.621	1104515.367	2790.801	2628697.578	1104515.361	2790.776	0.0500998998604777	0.0071571285514968
1268	2628795.302	1104664.882	2771.026	2628795.302	1104664.882	2771.026	0.0	0.0
1269	2628795.618	1104656.935	2770.117	2628795.618	1104656.935	2770.117	0.0	0.0
1270	2628797.682	1104650.237	2770.272	2628797.628	1104650.189	2770.174	0.12175385002432	0.0173934071463314
1279	2628746.125	1104563.199	2780.311	2628746.087	1104563.262	2780.213	0.1225438697921062	0.017506267113158
1280	2628726.42	1104551.82	2783.737	2628726.42	1104551.82	2783.737	0.0	0.0
1281	2628722.741	1104546.868	2784.396	2628722.741	1104546.868	2784.396	0.0	0.0
1282	2628719.258	1104542.102	2784.985	2628719.258	1104542.102	2784.985	0.0	0.0
1283	2628716.27	1104537.884	2785.595	2628716.238	1104537.921	2785.57	0.0549363268582514	0.0078480466940359
1284	2628714.01	1104534.059	2786.044	2628714.01	1104534.059	2786.044	0.0	0.0
1285	2628711.182	1104530.514	2786.449	2628711.178	1104530.462	2786.461	0.0535163525664919	0.0076451932237845
1286	2628707.755	1104526.678	2787.408	2628707.755	1104526.678	2787.408	0.0	0.0
1287	2628704.274	1104523.68	2787.562	2628704.274	1104523.68	2787.562	0.0	0.0
1288	2628700.355	1104520.596	2788.285	2628700.523	1104520.662	2788.312	0.1825075341884318	0.0260725048840617
1289	2628696.82	1104518.058	2788.904	2628696.82	1104518.058	2788.904	0.0	0.0
1290	2628690.537	1104515.779	2789.757	2628690.537	1104515.779	2789.757	0.0	0.0
1312	2628789.489	1104668.08	2766.34	2628789.489	1104668.08	2766.34	0.0	0.0
1313	2628789.301	1104660.251	2766.133	2628789.301	1104660.251	2766.133	0.0	0.0
1314	2628792.18	1104654.233	2766.398	2628792.18	1104654.233	2766.398	0.0	0.0
1315	2628790.783	1104644.943	2766.502	2628790.946	1104645.07	2766.614	0.2350361676024044	0.033576595371772
1323	2628742.097	1104566.938	2777.58	2628742.136	1104566.891	2777.69	0.1258173278689168	0.0179739039812738
1324	2628727.297	1104556.326	2780.498	2628727.297	1104556.326	2780.498	0.0	0.0
1325	2628720.814	1104550.078	2781.862	2628720.814	1104550.078	2781.862	0.0	0.0
1326	2628718.008	1104545.37	2782.595	2628718.008	1104545.37	2782.595	0.0	0.0
1327	2628715.365	1104541.095	2783.001	2628715.225	1104540.957	2783.036	0.1996722315352472	0.0285246045050353
1328	2628712.79	1104537.092	2783.519	2628712.663	1104537.013	2783.541	0.1511753946609055	0.0215964849515579
1329	2628710.365	1104533.528	2784.064	2628710.317	1104533.471	2784.112	0.0886397204613924	0.0126628172087703
1330	2628706.629	1104529.826	2784.873	2628706.64	1104529.739	2784.921	0.0999699953396098	0.0142814279056585
1331	2628703.474	1104526.597	2785.385	2628703.518	1104526.62	2785.422	0.06191930249962	0.0088456146428028
1332	2628700.946	1104523.447	2785.942	2628701.024	1104523.451	2785.992	0.0927361851318068	0.0132480264474009
1333	2628697.236	1104520.497	2786.643	2628697.236	1104520.497	2786.643	0.0	0.0
1356	2628783.627	1104671.141	2762.043	2628783.627	1104671.141	2762.043	0.0	0.0
1357	2628784.448	1104663.366	2761.801	2628784.037	1104662.909	2761.806	0.6146503069360397	0.0878071867051485
1358	2628785.526	1104656.749	2762.334	2628785.526	1104656.749	2762.334	0.0	0.0
1368	2628734.515	1104563.499	2775.883	2628734.556	1104563.453	2775.883	0.0616198019027714	0.008802828843253
1369	2628717.704	1104552.758	2779.764	2628717.7	1104552.706	2779.776	0.0535163525316867	0.0076451932188123
1370	2628717.502	1104549.092	2779.873	2628717.502	1104549.092	2779.873	0.0	0.0
1371	2628713.89	1104544.361	2780.559	2628713.89	1104544.361	2780.559	0.0	0.0
1372	2628712.219	1104540.289	2781.149	2628712.215	1104540.237	2781.186	0.0639452892421455	0.0091350413203065
1373	2628709.754	1104536.676	2781.865	2628709.75	1104536.624	2781.914	0.0715611625958543	0.0102230232279791
1374	2628705.604	1104532.317	2782.544	2628705.495	1104532.238	2782.555	0.1350666500602694	0.0192952357228956
1375	2628702.725	1104529.138	2783.378	2628702.725	1104529.138	2783.378	0.0	0.0
1376	2628699.81	1104526.118	2783.771	2628699.81	1104526.118	2783.771	0.0	0.0
1377	2628697.85	1104523.354	2784.569	2628697.614	1104523.31	2784.529	0.2433762519543153	0.0347680359934736
1378	2628691.33	1104520.319	2785.918	2628691.417	1104520.331	2785.931	0.0887806283602222	0.0126829469086031
1400	2628778.156	1104673.768	2758.093	2628778.134	1104673.83	2758.129	0.0749933331268012	0.0107133333038287
1401	2628778.213	1104666.172	2758.281	2628778.213	1104666.172	2758.281	0.0	0.0
1402	2628778.912	1104658.62	2758.563	2628778.912	1104658.62	2758.563	0.0	0.0
1412	2628734.444	1104567.808	2772.667	2628734.395	1104567.716	2772.703	0.1102769241563372	0.0157538463080481
1413	2628718.08	1104556.648	2776.614	2628717.879	1104556.505	2776.685	0.2566924229468241	0.0366703461352605
1414	2628715.22	1104551.927	2777.468	2628715.22	1104551.927	2777.468	0.0	0.0
1415	2628712.268	1104547.272	2778.322	2628712.268	1104547.272	2778.322	0.0	0.0
1416	2628710.257	1104543.439	2779.006	2628710.257	1104543.439	2779.006	0.0	0.0
1417	2628708.152	1104539.327	2779.444	2628708.156	1104539.266	2779.48	0.0709436396016824	0.0101348056573832
1418	2628705.942	1104535.679	2780.285	2628706.019	1104535.665	2780.323	0.0870000000374717	0.0124285714339245
1419	2628702.007	1104531.817	2781.005	2628701.822	1104531.768	2780.99	0.1919661429315144	0.027423734704502
1420	2628699.152	1104528.774	2781.974	2628699.23	1104528.907	2781.963	0.1545768417659425	0.0220824059665632
1421	2628697.245	1104525.956	2782.418	2628697.214	1104525.993	2782.393	0.0543599116839874	0.007765701669141
1422	2628692.226	1104522.743	2783.895	2628692.27	1104522.749	2783.92	0.0509607694273522	0.0072801099181931
1423	2628685.607	1104520.58	2785.281	2628667.734	1104519.933	2789.152	18.29883545443341	2.6141193506333447
1424	2628681.576	1104518.116	2786.481	2628681.679	1104518.222	2786.409	0.1644049879272967	0.0234864268467566
1443	2628774.813	1104686.306	2753.562	2628774.813	1104686.306	2753.562	0.0	0.0
1444	2628774.745	1104677.904	2753.941	2628774.745	1104677.904	2753.941	0.0	0.0
1445	2628775.082	1104670.636	2754.158	2628775.082	1104670.636	2754.158	0.0	0.0
1446	2628771.847	1104660.193	2754.674	2628771.847	1104660.193	2754.674	0.0	0.0
1456	2628739.047	1104575.37	2768.129	2628739.224	1104575.558	2768.156	0.2596189515297106	0.0370884216471015
1457	2628717.638	1104560.409	2773.833	2628717.638	1104560.409	2773.833	0.0	0.0
1458	2628715.348	1104555.685	2774.755	2628715.348	1104555.685	2774.755	0.0	0.0
1459	2628711.641	1104550.534	2775.903	2628711.637	1104550.482	2775.951	0.0708801805043172	0.0101257400720453
1460	2628708.705	1104546.216	2776.684	2628708.705	1104546.216	2776.684	0.0	0.0
1461	2628707.185	1104542.341	2777.289	2628707.185	1104542.341	2777.289	0.0	0.0
1462	2628705.343	1104538.626	2778.171	2628705.343	1104538.626	2778.171	0.0	0.0
1463	2628702.137	1104534.932	2778.901	2628701.836	1104534.848	2778.934	0.3142387627137802	0.0448912518162543
1464	2628698.411	1104531.419	2779.857	2628698.624	1104531.474	2779.787	0.2308549327783377	0.0329792761111911
1465	2628696.819	1104528.423	2780.525	2628696.831	1104528.483	2780.55	0.0660984114637983	0.009442630209114
1466	2628692.704	1104525.48	2781.722	2628692.787	1104525.553	2781.711	0.1110810516246195	0.0158687216606599
1467	2628685.587	1104522.109	2783.978	2628685.587	1104522.109	2783.978	0.0	0.0
1468	2628681.429	1104520.115	2784.663	2628681.506	1104520.101	2784.701	0.0870000000374717	0.0124285714339245
1487	2628773.64	1104693.527	2748.116	2628773.64	1104693.527	2748.116	0.0	0.0
1488	2628770.49	1104681.758	2749.974	2628770.49	1104681.758	2749.974	0.0	0.0
1489	2628771.39	1104674.298	2749.88	2628771.39	1104674.298	2749.88	0.0	0.0
1490	2628766.227	1104661.952	2751.734	2628766.227	1104661.952	2751.734	0.0	0.0
1500	2628737.101	1104578.913	2764.753	2628736.976	1104578.74	2764.812	0.2214384790031153	0.0316340684290164
1501	2628732.775	1104571.732	2766.546	2628715.023	1104563.135	2771.838	20.42173295771598	2.9173904225308545
1502	2628713.718	1104558.684	2772.237	2628713.793	1104558.766	2772.226	0.1116691544507124	0.0159527363501017
1503	2628710.335	1104553.832	2773.316	2628710.59	1104554.006	2773.283	0.310467389564806	0.0443524842235437
1504	2628706.653	1104548.705	2774.696	2628706.653	1104548.705	2774.696	0.0	0.0
1505	2628705.277	1104545.054	2775.426	2628705.261	1104544.96	2775.438	0.0961041102254444	0.0137291586036349
1506	2628703.821	1104541.461	2775.837	2628703.85	1104541.39	2775.886	0.0910109883755066	0.0130015697679295
1507	2628701.973	1104538.032	2776.647	2628702.024	1104538.029	2776.684	0.0630793151238897	0.0090113307319842
1508	2628698.237	1104534.477	2777.566	2628698.243	1104534.563	2777.505	0.1056077649455101	0.0150868235636443
1509	2628696.224	1104531.066	2778.496	2628696.178	1104531.026	2778.495	0.0609672043906072	0.0087096006272296
1512	2628681.19	1104521.711	2783.198	2628681.19	1104521.711	2783.198	0.0	0.0
1531	2628768.788	1104696.034	2744.565	2628768.788	1104696.034	2744.565	0.0	0.0
1532	2628767.227	1104685.651	2745.726	2628767.227	1104685.651	2745.726	0.0	0.0
1533	2628767.067	1104677.852	2746.228	2628767.067	1104677.852	2746.228	0.0	0.0
1534	2628766.724	1104670.186	2746.838	2628766.756	1104670.02	2746.826	0.1694815624112521	0.024211651773036
1545	2628731.015	1104575.634	2763.357	2628731.015	1104575.634	2763.357	0.0	0.0
1546	2628713.168	1104562.287	2769.673	2628713.327	1104562.459	2769.615	0.24130685858945	0.0344724083699214
1547	2628709.816	1104557.173	2771.021	2628709.83	1104557.12	2771.033	0.0561159512266747	0.0080165644609535
1548	2628706.185	1104552.12	2772.182	2628706.185	1104552.12	2772.182	0.0	0.0
1549	2628703.848	1104547.874	2773.166	2628703.903	1104547.923	2773.179	0.0747997323238218	0.0106856760462602
1550	2628703.181	1104544.212	2773.856	2628703.134	1104544.171	2773.892	0.072013887392744	0.0102876981989634
1551	2628701.027	1104540.855	2774.54	2628700.981	1104540.815	2774.552	0.0621288980134762	0.008875556859068
1552	2628698.268	1104537.165	2775.508	2628698.066	1104537.101	2775.469	0.2154553318468016	0.0307793331209716
1553	2628695.971	1104533.895	2776.447	2628696.036	1104533.969	2776.424	0.101143462448396	0.0144490660640565
1554	2628692.331	1104530.28	2777.612	2628692.331	1104530.28	2777.612	0.0	0.0
1555	2628688.513	1104527.325	2779.24	2628688.552	1104527.391	2779.229	0.0774467561664257	0.0110638223094893
1557	2628667.754	1104521.008	2785.709	2628669.752	1104521.129	2785.161	2.075319011308895	0.2964741444726993
1575	2628764.099	1104698.29	2740.489	2628764.13	1104698.236	2740.489	0.0622655602870614	0.0088950800410087
1576	2628765.272	1104691.692	2741.146	2628765.272	1104691.692	2741.146	0.0	0.0
1577	2628763.257	1104681.19	2742.656	2628763.257	1104681.19	2742.656	0.0	0.0
1578	2628762.498	1104673.111	2743.186	2628762.498	1104673.111	2743.186	0.0	0.0
1579	2628761.717	1104664.448	2742.48	2628761.574	1104664.372	2742.392	0.1843068095937282	0.0263295442276754
1589	2628729.833	1104578.683	2760.625	2628729.828	1104578.371	2760.758	0.3392020046339515	0.0484574292334216
1590	2628713.755	1104566.622	2766.565	2628713.846	1104566.685	2766.59	0.1134680572365767	0.0162097224623681
1591	2628709.3	1104560.497	2768.372	2628709.3	1104560.497	2768.372	0.0	0.0
1592	2628705.415	1104555.243	2770.078	2628705.92	1104555.504	2769.915	0.5913670601716109	0.0844810085959444
1593	2628703.818	1104551.027	2770.926	2628703.9	1104551.099	2770.952	0.1121784292061918	0.0160254898865988
1594	2628700.96	1104546.797	2772.038	2628701.006	1104546.838	2772.063	0.0664981203165432	0.0094997314737918
1595	2628699.683	1104543.167	2772.549	2628699.683	1104543.167	2772.549	0.0	0.0
1596	2628697.81	1104539.912	2773.469	2628697.81	1104539.912	2773.469	0.0	0.0
1597	2628695.251	1104536.252	2774.538	2628695.317	1104536.213	2774.6	0.0985951315281936	0.0140850187897419
1598	2628692.094	1104532.735	2775.758	2628692.094	1104532.735	2775.758	0.0	0.0
1599	2628688.027	1104529.353	2777.675	2628688.136	1104529.433	2777.664	0.1356539717416243	0.019379138820232
1600	2628681.101	1104526.326	2779.629	2628663.122	1104523.835	2785.534	19.087130402264474	2.7267329146092107
1620	2628761.665	1104695.156	2737.259	2628761.81	1104695.137	2737.335	0.1648089803374928	0.0235441400482132
1621	2628759.801	1104685.061	2738.564	2628759.801	1104685.061	2738.564	0.0	0.0
1622	2628758.158	1104675.159	2739.921	2628758.188	1104675.104	2739.994	0.0961977131148229	0.0137425304449747
1623	2628758.53	1104668.599	2739.761	2628758.53	1104668.599	2739.761	0.0	0.0
1634	2628715.141	1104571.165	2762.99	2628715.141	1104571.165	2762.99	0.0	0.0
1635	2628709.458	1104563.421	2765.828	2628709.551	1104563.406	2765.89	0.1127741104200476	0.0161105872028639
1636	2628705.509	1104558.613	2767.413	2628705.655	1104558.725	2767.427	0.1845426778866029	0.0263632396980861
1637	2628702.718	1104553.843	2768.61	2628702.832	1104553.861	2768.66	0.1257775815112268	0.0179682259301752
1638	2628699.382	1104549.376	2770.106	2628699.382	1104549.376	2770.106	0.0	0.0
1639	2628699.094	1104546.122	2770.289	2628699.187	1104546.22	2770.315	0.1375827023166821	0.019654671759526
1640	2628696.956	1104542.538	2771.327	2628697.016	1104542.526	2771.352	0.0660984115058962	0.009442630215128
1641	2628694.548	1104538.85	2772.617	2628694.548	1104538.85	2772.617	0.0	0.0
1642	2628692.434	1104536.114	2773.425	2628692.498	1104536.153	2773.426	0.0749533189498055	0.0107076169928293
1643	2628687.973	1104532.031	2775.494	2628687.906	1104531.94	2775.518	0.1155248892626493	0.0165035556089499
1644	2628685.784	1104529.489	2776.436	2628685.784	1104529.489	2776.436	0.0	0.0
1665	2628757.117	1104689.122	2734.642	2628757.213	1104689.271	2734.705	0.1881116688943041	0.0268730955563291
1666	2628754.697	1104678.447	2736.512	2628754.726	1104678.488	2736.537	0.0560981280970645	0.0080140182995806
1667	2628754.783	1104671.272	2737.239	2628754.858	1104671.37	2737.362	0.1742354729312783	0.0248907818473254
1678	2628722.849	1104580.553	2756.689	2628722.849	1104580.553	2756.689	0.0	0.0
1679	2628711.157	1104568.966	2761.918	2628711.199	1104568.954	2761.98	0.0758419408641538	0.0108345629805934
1680	2628705.601	1104562.322	2764.552	2628705.601	1104562.322	2764.552	0.0	0.0
1681	2628702.719	1104557.348	2766.444	2628702.719	1104557.348	2766.444	0.0	0.0
1682	2628699.459	1104552.505	2767.488	2628699.611	1104552.59	2767.527	0.1784656832688338	0.0254950976098334
1683	2628698.225	1104548.948	2768.306	2628698.225	1104548.948	2768.306	0.0	0.0
1684	2628696.617	1104545.243	2769.252	2628696.617	1104545.243	2769.252	0.0	0.0
1685	2628693.085	1104541.188	2770.551	2628693.182	1104541.224	2770.565	0.1044078541203444	0.0149154077314777
1686	2628691.421	1104538.004	2771.755	2628691.37	1104538.008	2771.742	0.0527825728567234	0.0075403675509604
1687	2628686.854	1104533.911	2773.921	2628686.854	1104533.911	2773.921	0.0	0.0
1689	2628683.434	1104528.79	2775.842	2628683.43	1104528.851	2775.805	0.0714562803133728	0.0102080400447675
1690	2628671.355	1104524.926	2780.39	2628670.511	1104524.791	2780.66	0.8963598608101971	0.128051408687171
1710	2628750.937	1104682.154	2733.015	2628751.101	1104682.298	2733.103	0.2353210571042188	0.0336172938720312
1711	2628750.849	1104673.77	2733.663	2628750.819	1104673.581	2733.674	0.1916820283506891	0.0273831469072413
1722	2628725.428	1104586.215	2752.302	2628725.428	1104586.215	2752.302	0.0	0.0
1723	2628715.653	1104575.732	2756.851	2628715.653	1104575.732	2756.851	0.0	0.0
1724	2628707.132	1104566.621	2761.236	2628707.132	1104566.621	2761.236	0.0	0.0
1725	2628703.542	1104561.191	2763.325	2628703.548	1104561.147	2763.349	0.0504777178579868	0.0072111025511409
1726	2628700.038	1104555.98	2765.281	2628700.113	1104555.949	2765.368	0.1189747870582164	0.0169963981511737
1727	2628696.987	1104551.356	2766.597	2628696.987	1104551.356	2766.597	0.0	0.0
1728	2628696.039	1104547.919	2767.382	2628696.039	1104547.919	2767.382	0.0	0.0
1729	2628693.817	1104544.228	2768.345	2628693.817	1104544.228	2768.345	0.0	0.0
1730	2628691.103	1104540.681	2769.901	2628691.221	1104540.768	2769.927	0.1488925784535889	0.0212703683505127
1731	2628688.983	1104537.536	2771.172	2628689.08	1104537.573	2771.161	0.1043982759140925	0.0149140394162989
1732	2628684.829	1104533.788	2773.234	2628684.829	1104533.788	2773.234	0.0	0.0
1733	2628681.865	1104530.519	2774.127	2628681.749	1104530.466	2774.15	0.1295916667752612	0.0185130952536087
1755	2628747.547	1104677.191	2731.38	2628747.547	1104677.191	2731.38	0.0	0.0
1767	2628719.788	1104582.139	2752.437	2628719.922	1104582.32	2752.415	0.2262763795271228	0.0323251970753032
1768	2628708.102	1104571.044	2757.766	2628708.148	1104571.084	2757.766	0.0609590027084242	0.0087084289583463
1769	2628704.403	1104565.196	2760.121	2628704.417	1104565.273	2760.097	0.0818596360028179	0.0116942337146882
1770	2628700.038	1104559.219	2762.43	2628700.038	1104559.219	2762.43	0.0	0.0
1771	2628697.123	1104554.636	2764.237	2628697.123	1104554.636	2764.237	0.0	0.0
1772	2628694.97	1104550.585	2765.371	2628695.033	1104550.624	2765.372	0.0741012817698452	0.0105858973956921
1773	2628692.91	1104546.762	2766.446	2628692.91	1104546.762	2766.446	0.0	0.0
1774	2628691.903	1104543.891	2767.378	2628691.903	1104543.891	2767.378	0.0	0.0
1775	2628689.28	1104540.345	2769.253	2628689.401	1104540.484	2769.304	0.1912145393462138	0.0273163627637448
1776	2628684.05	1104535.932	2771.482	2628684.05	1104535.932	2771.482	0.0	0.0
1779	2628669.618	1104526.944	2778.43	2628669.618	1104526.944	2778.43	0.0	0.0
1800	2628744.256	1104672.987	2728.662	2628744.256	1104672.987	2728.662	0.0	0.0
1811	2628717.677	1104585.362	2749.498	2628717.777	1104585.433	2749.5	0.122658060986488	0.0175225801409268
1812	2628710.729	1104576.538	2753.514	2628710.729	1104576.538	2753.514	0.0	0.0
1813	2628704.686	1104568.988	2757.056	2628704.779	1104569.086	2757.057	0.1351073646281674	0.0193010520897382
1814	2628700.663	1104562.97	2759.504	2628700.676	1104563.03	2759.443	0.0865447861025422	0.0123635408717917
1815	2628696.722	1104557.364	2761.673	2628696.797	1104557.445	2761.662	0.1109369188277509	0.0158481312611072
1816	2628695.085	1104553.668	2762.852	2628695.045	1104553.584	2762.888	0.0997597113483401	0.0142513873354771
1817	2628692.159	1104549.433	2764.598	2628692.076	1104549.36	2764.597	0.1105395856516041	0.0157913693788005
1818	2628690.75	1104546.112	2765.5	2628690.707	1104546.107	2765.475	0.0499899990431419	0.0071414284347345
1819	2628688.687	1104542.487	2767.186	2628689.178	1104542.671	2767.009	0.5534130464392306	0.0790590066341758
1820	2628682.761	1104537.988	2769.943	2628682.761	1104537.988	2769.943	0.0	0.0
1822	2628680.067	1104532.61	2771.995	2628680.228	1104532.686	2771.961	0.1812539657034164	0.0258934236719166
1823	2628659.786	1104526.122	2781.464	2628659.786	1104526.122	2781.464	0.0	0.0
1824	2628659.709	1104525.797	2781.682	2628659.709	1104525.797	2781.682	0.0	0.0
1825	2628669.618	1104526.944	2778.43	2628669.618	1104526.944	2778.43	0.0	0.0
1845	2628739.393	1104667.351	2727.056	2628739.393	1104667.351	2727.056	0.0	0.0
1855	2628718.516	1104590.253	2745.82	2628718.567	1104590.25	2745.869	0.0707884171166049	0.0101126310166578
1856	2628712.843	1104581.857	2749.23	2628712.745	1104581.708	2749.326	0.2025364163472459	0.0289337737638922
1857	2628705.311	1104572.853	2753.946	2628705.311	1104572.853	2753.946	0.0	0.0
1858	2628701.675	1104567.044	2756.314	2628701.675	1104567.044	2756.314	0.0	0.0
1859	2628698.028	1104561.305	2758.524	2628698.015	1104561.245	2758.573	0.0785493473787673	0.0112213353398239
1860	2628694.653	1104556.501	2760.63	2628694.648	1104556.432	2760.678	0.0842021376524217	0.0120288768074888
1861	2628693.248	1104552.685	2761.994	2628693.248	1104552.685	2761.994	0.0	0.0
1862	2628689.966	1104548.334	2763.87	2628689.966	1104548.334	2763.87	0.0	0.0
1863	2628688.552	1104545.188	2764.735	2628688.107	1104545.043	2764.888	0.492401259412056	0.0703430370588651
1864	2628684.361	1104540.973	2767.272	2628684.278	1104540.9	2767.283	0.1110810516245745	0.0158687216606535
1866	2628680.005	1104534.637	2770.436	2628680.109	1104534.647	2770.45	0.1054134719050007	0.0150590674150001
1867	2628665.465	1104528.884	2777.476	2628659.965	1104527.534	2780.199	6.283886456664476	0.8976980652377823
1868	2628667.242	1104528.405	2776.875	2628667.242	1104528.405	2776.875	0.0	0.0
1869	2628667.242	1104528.405	2776.875	2628667.242	1104528.405	2776.875	0.0	0.0
1870	2628667.242	1104528.405	2776.875	2628667.242	1104528.405	2776.875	0.0	0.0
1890	2628732.736	1104661.731	2725.047	2628731.359	1104660.045	2725.819	2.30969889803332	0.3299569854333314
1900	2628714.487	1104586.756	2745.611	2628714.443	1104586.62	2745.598	0.1435304845800459	0.0205043549400065
1901	2628705.983	1104577.243	2750.582	2628705.932	1104577.134	2750.63	0.1295607964792678	0.0185086852113239
1902	2628702.558	1104571.359	2753.014	2628702.558	1104571.359	2753.014	0.0	0.0
1903	2628698.838	1104565.477	2755.479	2628698.908	1104565.49	2755.492	0.0723740283351739	0.0103391469050248
1904	2628695.093	1104559.899	2758.103	2628695.089	1104559.848	2758.139	0.0625539766563161	0.0089362823794737
1905	2628692.603	1104555.332	2759.83	2628692.518	1104555.225	2759.865	0.1410638152049416	0.0201519736007059
1906	2628690.875	1104551.59	2761.141	2628690.82	1104551.542	2761.141	0.0730000002475532	0.0104285714639361
1907	2628686.487	1104546.861	2763.576	2628686.903	1104547.093	2763.411	0.5040882857351107	0.0720126122478729
1908	2628683.253	1104543.313	2765.186	2628683.211	1104543.324	2765.161	0.0500999001021387	0.0071571285860198
1909	2628680.901	1104539.453	2767.345	2628681.019	1104539.541	2767.31	0.1513043289104151	0.0216149041300593
1911	2628660.773	1104529.218	2778.528	2628675.714	1104533.414	2770.658	17.40048266581118	2.4857832379730254
1912	2628664.357	1104528.916	2776.961	2628664.357	1104528.916	2776.961	0.0	0.0
1913	2628667.242	1104528.405	2776.875	2628667.242	1104528.405	2776.875	0.0	0.0
1914	2628667.242	1104528.405	2776.875	2628667.242	1104528.405	2776.875	0.0	0.0
1915	2628667.242	1104528.405	2776.875	2628667.242	1104528.405	2776.875	0.0	0.0
1916	2628667.242	1104528.405	2776.875	2628667.242	1104528.405	2776.875	0.0	0.0
1944	2628712.945	1104590.867	2742.645	2628712.945	1104590.867	2742.645	0.0	0.0
1945	2628704.778	1104580.179	2748.374	2628704.719	1104580.079	2748.422	0.1256383699587849	0.0179483385655407
1946	2628702.176	1104574.606	2750.342	2628702.176	1104574.606	2750.342	0.0	0.0
1947	2628699.559	1104569.474	2752.346	2628699.559	1104569.474	2752.346	0.0	0.0
1948	2628695.92	1104563.456	2755.166	2628695.976	1104563.504	2755.155	0.0745721126181211	0.0106531589454458
1949	2628692.876	1104558.535	2757.191	2628692.912	1104558.567	2757.216	0.0542678541760709	0.0077525505965815
1950	2628690.442	1104554.163	2758.968	2628690.374	1104554.072	2759.028	0.1284717867808039	0.0183531123972577
1951	2628686.784	1104549.584	2761.327	2628686.784	1104549.584	2761.327	0.0	0.0
1952	2628682.709	1104546.065	2763.195	2628682.703	1104546.109	2763.17	0.0509607691714982	0.0072801098816426
1953	2628680.865	1104542.502	2765.018	2628680.719	1104542.408	2765.053	0.1771355414957573	0.0253050773565367
1956	2628672.658	1104532.656	2770.774	2628669.152	1104531.73	2772.754	4.131575002384004	0.590225000340572
1957	2628672.38	1104532.301	2771.026	2628672.38	1104532.301	2771.026	0.0	0.0
1958	2628664.326	1104528.728	2777.119	2628664.326	1104528.728	2777.119	0.0	0.0
1959	2628667.242	1104528.405	2776.875	2628667.242	1104528.405	2776.875	0.0	0.0
1960	2628667.242	1104528.405	2776.875	2628667.242	1104528.405	2776.875	0.0	0.0
1961	2628667.242	1104528.405	2776.875	2628667.242	1104528.405	2776.875	0.0	0.0
1962	2628667.242	1104528.405	2776.875	2628667.242	1104528.405	2776.875	0.0	0.0
1964	2628667.242	1104528.405	2776.875	2628667.242	1104528.405	2776.875	0.0	0.0
1981	2628720.02	1104638.977	2725.393	2628719.003	1104637.847	2725.976	1.6282131309298449	0.2326018758471207
1985	2628715.171	1104613.969	2733.193	2628714.711	1104613.713	2733.296	0.5364186797570999	0.0766312399652999
1987	2628710.951	1104597.271	2738.909	2628711.176	1104597.646	2738.852	0.4410204077386185	0.0630029153912312
1988	2628710.049	1104592.356	2740.619	2628710.031	1104592.34	2740.57	0.0545985347802198	0.0077997906828885
1989	2628710.762	1104588.947	2741.658	2628710.71	1104588.95	2741.621	0.0638905314961813	0.0091272187851687
1990	2628701.148	1104577.52	2748.393	2628701.043	1104577.379	2748.403	0.1760852066853359	0.0251550295264765
1991	2628698.98	1104572.715	2750.099	2628698.937	1104572.709	2750.074	0.0500999002601479	0.0071571286085925
1992	2628696.748	1104567.577	2751.816	2628696.748	1104567.577	2751.816	0.0	0.0
1993	2628693.212	1104562.07	2754.675	2628693.212	1104562.07	2754.675	0.0	0.0
1994	2628690.697	1104557.158	2756.621	2628690.702	1104557.114	2756.657	0.0570701322794582	0.0081528760399226
1995	2628687.616	1104553.052	2758.891	2628687.722	1104553.08	2758.88	0.1101862062151311	0.0157408866021615
1996	2628683.043	1104547.761	2762.067	2628683.038	1104547.692	2762.104	0.0784538079716004	0.0112076868530857
1997	2628680.842	1104544.37	2763.581	2628680.928	1104544.364	2763.595	0.0873384219133156	0.0124769174161879
1998	2628679.177	1104541.722	2765.031	2628679.199	1104541.79	2764.995	0.0800249960369	0.0114321422909857
1999	2628676.108	1104537.885	2767.082	2628676.252	1104537.945	2767.011	0.1713971994078394	0.0244853142011199
2000	2628672.718	1104534.466	2769.35	2628672.766	1104534.523	2769.314	0.0827586853372653	0.011822669333895
2001	2628671.251	1104532.655	2770.45	2628671.251	1104532.655	2770.45	0.0	0.0
2002	2628671.251	1104532.655	2770.45	2628671.251	1104532.655	2770.45	0.0	0.0
2003	2628664.326	1104528.728	2777.119	2628664.326	1104528.728	2777.119	0.0	0.0
2004	2628664.326	1104528.728	2777.119	2628664.326	1104528.728	2777.119	0.0	0.0
2005	2628667.242	1104528.405	2776.875	2628667.242	1104528.405	2776.875	0.0	0.0
2006	2628667.242	1104528.405	2776.875	2628667.242	1104528.405	2776.875	0.0	0.0
2007	2628667.242	1104528.405	2776.875	2628667.242	1104528.405	2776.875	0.0	0.0
2008	2628667.242	1104528.405	2776.875	2628667.242	1104528.405	2776.875	0.0	0.0
2009	2628667.242	1104528.405	2776.875	2628667.242	1104528.405	2776.875	0.0	0.0
2010	2628667.242	1104528.405	2776.875	2628667.242	1104528.405	2776.875	0.0	0.0
