ID	X_x	Y_x	Z_x	X_y	Y_y	Z_y	Distances	Velocity
32	2628831.139	1104494.383	2873.423	2628831.139	1104494.383	2873.423	0.0	0.0
33	2628829.388	1104492.677	2872.272	2628829.388	1104492.677	2872.272	0.0	0.0
34	2628819.183	1104484.722	2865.481	2628819.256	1104484.916	2865.519	0.2107344298898377	0.0301049185556911
35	2628797.404	1104479.672	2860.93	2628797.404	1104479.672	2860.93	0.0	0.0
36	2628792.13	1104478.626	2859.123	2628794.022	1104478.003	2860.185	2.257351766972358	0.322478823853194
37	2628778.729	1104477.969	2857.809	2628778.729	1104477.969	2857.809	0.0	0.0
78	2628829.388	1104492.677	2872.272	2628829.388	1104492.677	2872.272	0.0	0.0
79	2628819.165	1104484.576	2865.481	2628819.165	1104484.576	2865.481	0.0	0.0
80	2628797.404	1104479.672	2860.93	2628797.404	1104479.672	2860.93	0.0	0.0
81	2628794.022	1104478.003	2860.185	2628794.022	1104478.003	2860.185	0.0	0.0
108	2628948.442	1104647.991	2848.028	2628948.442	1104647.991	2848.028	0.0	0.0
123	2628829.388	1104492.677	2872.272	2628829.388	1104492.677	2872.272	0.0	0.0
124	2628829.388	1104492.677	2872.272	2628829.388	1104492.677	2872.272	0.0	0.0
125	2628797.404	1104479.672	2860.93	2628797.404	1104479.672	2860.93	0.0	0.0
126	2628792.13	1104478.626	2859.123	2628794.022	1104478.003	2860.185	2.257351766972358	0.322478823853194
127	2628771.838	1104477.648	2857.498	2628771.838	1104477.648	2857.498	0.0	0.0
153	2628927.005	1104642.997	2843.42	2628927.005	1104642.997	2843.42	0.0	0.0
154	2628947.137	1104636.746	2853.113	2628947.137	1104636.746	2853.113	0.0	0.0
168	2628829.388	1104492.677	2872.272	2628829.388	1104492.677	2872.272	0.0	0.0
169	2628819.165	1104484.576	2865.481	2628819.165	1104484.576	2865.481	0.0	0.0
170	2628797.404	1104479.672	2860.93	2628797.404	1104479.672	2860.93	0.0	0.0
171	2628792.13	1104478.626	2859.123	2628792.13	1104478.626	2859.123	0.0	0.0
198	2628921.356	1104638.439	2843.15	2628921.356	1104638.439	2843.15	0.0	0.0
199	2628947.137	1104636.746	2853.113	2628947.137	1104636.746	2853.113	0.0	0.0
213	2628829.388	1104492.677	2872.272	2628829.388	1104492.677	2872.272	0.0	0.0
214	2628819.165	1104484.576	2865.481	2628819.165	1104484.576	2865.481	0.0	0.0
215	2628797.404	1104479.672	2860.93	2628797.404	1104479.672	2860.93	0.0	0.0
216	2628797.053	1104478.796	2860.862	2628797.053	1104478.796	2860.862	0.0	0.0
217	2628790.344	1104473.872	2863.73	2628771.838	1104477.648	2857.498	19.888892276908347	2.841270325272621
243	2628948.442	1104647.991	2848.028	2628948.442	1104647.991	2848.028	0.0	0.0
244	2628947.137	1104636.746	2853.113	2628947.137	1104636.746	2853.113	0.0	0.0
245	2628945.756	1104620.98	2855.557	2628943.47	1104621.771	2853.648	3.081518781258725	0.4402169687512464
258	2628829.388	1104492.677	2872.272	2628829.388	1104492.677	2872.272	0.0	0.0
259	2628829.388	1104492.677	2872.272	2628829.388	1104492.677	2872.272	0.0	0.0
260	2628797.404	1104479.672	2860.93	2628797.404	1104479.672	2860.93	0.0	0.0
266	2628759.752	1104466.49	2856.638	2628759.815	1104466.529	2856.688	0.0893868000245339	0.0127695428606477
288	2628948.442	1104647.991	2848.028	2628948.442	1104647.991	2848.028	0.0	0.0
289	2628947.137	1104636.746	2853.113	2628947.137	1104636.746	2853.113	0.0	0.0
290	2628945.756	1104620.98	2855.557	2628945.756	1104620.98	2855.557	0.0	0.0
303	2628829.388	1104492.677	2872.272	2628829.388	1104492.677	2872.272	0.0	0.0
304	2628819.183	1104484.722	2865.481	2628819.183	1104484.722	2865.481	0.0	0.0
305	2628797.404	1104479.672	2860.93	2628797.404	1104479.672	2860.93	0.0	0.0
306	2628797.053	1104478.796	2860.862	2628797.053	1104478.796	2860.862	0.0	0.0
309	2628765.399	1104472.47	2856.3	2628765.399	1104472.47	2856.3	0.0	0.0
310	2628758.359	1104470.939	2853.308	2628758.359	1104470.939	2853.308	0.0	0.0
333	2628948.442	1104647.991	2848.028	2628948.442	1104647.991	2848.028	0.0	0.0
334	2628947.137	1104636.746	2853.113	2628947.137	1104636.746	2853.113	0.0	0.0
335	2628945.756	1104620.98	2855.557	2628945.756	1104620.98	2855.557	0.0	0.0
336	2628962.195	1104607.439	2869.093	2628962.195	1104607.439	2869.093	0.0	0.0
348	2628829.388	1104492.677	2872.272	2628829.388	1104492.677	2872.272	0.0	0.0
349	2628819.256	1104484.916	2865.519	2628819.256	1104484.916	2865.519	0.0	0.0
350	2628797.404	1104479.672	2860.93	2628797.404	1104479.672	2860.93	0.0	0.0
351	2628792.002	1104479.129	2858.866	2628792.002	1104479.129	2858.866	0.0	0.0
352	2628790.74	1104473.908	2863.381	2628790.74	1104473.908	2863.381	0.0	0.0
353	2628768.648	1104475.966	2854.617	2628768.648	1104475.966	2854.617	0.0	0.0
354	2628760.938	1104473.943	2851.346	2628760.885	1104473.895	2851.21	0.1536522047603683	0.0219503149657669
378	2628948.442	1104647.991	2848.028	2628948.442	1104647.991	2848.028	0.0	0.0
379	2628947.137	1104636.746	2853.113	2628947.137	1104636.746	2853.113	0.0	0.0
380	2628945.756	1104620.98	2855.557	2628945.756	1104620.98	2855.557	0.0	0.0
381	2628962.195	1104607.439	2869.093	2628962.195	1104607.439	2869.093	0.0	0.0
392	2628831.139	1104494.383	2873.423	2628831.139	1104494.383	2873.423	0.0	0.0
393	2628846.556	1104487.749	2876.895	2628846.556	1104487.749	2876.895	0.0	0.0
394	2628819.256	1104484.916	2865.519	2628819.256	1104484.916	2865.519	0.0	0.0
395	2628795.067	1104481.488	2858.851	2628795.067	1104481.488	2858.851	0.0	0.0
396	2628792.002	1104479.129	2858.866	2628792.002	1104479.129	2858.866	0.0	0.0
397	2628775.189	1104478.521	2853.854	2628775.131	1104478.438	2853.914	0.1176987678208617	0.0168141096886945
398	2628759.144	1104478.525	2847.583	2628759.144	1104478.525	2847.583	0.0	0.0
399	2628748.305	1104477.96	2843.395	2628748.111	1104478.016	2843.283	0.2309025769953844	0.032986082427912
423	2628920.966	1104638.032	2843.107	2628921.356	1104638.439	2843.15	0.565329992306953	0.0807614274724218
424	2628947.137	1104636.746	2853.113	2628947.137	1104636.746	2853.113	0.0	0.0
425	2628943.47	1104621.771	2853.648	2628943.47	1104621.771	2853.648	0.0	0.0
426	2628962.195	1104607.439	2869.093	2628962.195	1104607.439	2869.093	0.0	0.0
427	2628960.527	1104599.45	2870.784	2628960.527	1104599.45	2870.784	0.0	0.0
437	2628815.343	1104497.958	2866.126	2628815.357	1104497.758	2866.102	0.2019207767258819	0.0288458252465545
438	2628839.186	1104488.379	2873.672	2628838.947	1104488.508	2873.473	0.3366942233206053	0.0480991747600864
439	2628819.256	1104484.916	2865.519	2628819.256	1104484.916	2865.519	0.0	0.0
440	2628826.354	1104477.581	2868.061	2628826.14	1104477.751	2868.108	0.2773175072741329	0.0396167867534475
441	2628774.182	1104483.353	2850.078	2628774.182	1104483.353	2850.078	0.0	0.0
442	2628766.058	1104480.969	2846.91	2628766.217	1104480.914	2847.071	0.2328669147562808	0.0332667021080401
443	2628753.273	1104480.239	2842.403	2628753.333	1104480.243	2842.526	0.1369123807636637	0.0195589115376662
444	2628733.751	1104482.682	2835.629	2628726.922	1104484.753	2833.468	7.456152024008342	1.0651645748583347
468	2628948.442	1104647.991	2848.028	2628948.442	1104647.991	2848.028	0.0	0.0
469	2628946.727	1104636.238	2852.764	2628946.727	1104636.238	2852.764	0.0	0.0
470	2628945.756	1104620.98	2855.557	2628943.47	1104621.771	2853.648	3.081518781258725	0.4402169687512464
471	2628962.195	1104607.439	2869.093	2628962.195	1104607.439	2869.093	0.0	0.0
472	2628960.795	1104600.057	2870.582	2628960.795	1104600.057	2870.582	0.0	0.0
473	2628955.722	1104586.533	2873.485	2628955.722	1104586.533	2873.485	0.0	0.0
483	2628799.264	1104493.946	2855.225	2628799.264	1104493.946	2855.225	0.0	0.0
484	2628784.349	1104490.893	2850.305	2628784.562	1104490.706	2850.258	0.2873099371142421	0.041044276730606
485	2628777.921	1104487.354	2847.877	2628777.921	1104487.354	2847.877	0.0	0.0
486	2628766.954	1104484.961	2844.232	2628766.954	1104484.961	2844.232	0.0	0.0
487	2628755.949	1104483.506	2840.308	2628755.949	1104483.506	2840.308	0.0	0.0
488	2628738.653	1104484.369	2834.708	2628738.802	1104484.402	2834.746	0.1572704678753566	0.0224672096964795
489	2628723.178	1104486.087	2829.903	2628723.123	1104486.134	2829.78	0.1426989837701838	0.0203855691100262
513	2628948.442	1104647.991	2848.028	2628948.442	1104647.991	2848.028	0.0	0.0
514	2628946.727	1104636.238	2852.764	2628947.137	1104636.746	2853.113	0.7402465807225909	0.1057495115317986
515	2628945.756	1104620.98	2855.557	2628945.756	1104620.98	2855.557	0.0	0.0
516	2628962.195	1104607.439	2869.093	2628962.195	1104607.439	2869.093	0.0	0.0
517	2628960.795	1104600.057	2870.582	2628960.795	1104600.057	2870.582	0.0	0.0
518	2628955.722	1104586.533	2873.485	2628955.722	1104586.533	2873.485	0.0	0.0
523	2628868.43	1104525.191	2874.203	2628868.43	1104525.191	2874.203	0.0	0.0
527	2628794.605	1104500.229	2850.134	2628794.668	1104500.138	2850.135	0.1106842356121183	0.015812033658874
528	2628785.263	1104495.9	2846.823	2628785.269	1104495.89	2846.958	0.1355027675026272	0.019357538214661
529	2628776.377	1104492.396	2843.887	2628776.383	1104492.482	2843.887	0.0862090483789917	0.0123155783398559
530	2628771.095	1104488.796	2842.281	2628770.962	1104488.987	2842.12	0.2830035336412264	0.0404290762344609
531	2628757.832	1104487.129	2837.838	2628757.832	1104487.129	2837.838	0.0	0.0
532	2628737.473	1104488.344	2831.868	2628737.572	1104488.398	2831.882	0.1136353817540613	0.0162336259648659
533	2628728.817	1104487.429	2829.174	2628728.817	1104487.429	2829.174	0.0	0.0
558	2628948.442	1104647.991	2848.028	2628948.442	1104647.991	2848.028	0.0	0.0
559	2628947.137	1104636.746	2853.113	2628947.137	1104636.746	2853.113	0.0	0.0
560	2628945.756	1104620.98	2855.557	2628945.756	1104620.98	2855.557	0.0	0.0
561	2628962.195	1104607.439	2869.093	2628962.195	1104607.439	2869.093	0.0	0.0
566	2628883.315	1104543.96	2873.092	2628883.119	1104543.74	2873.015	0.3045406376598712	0.0435058053799816
567	2628865.535	1104533.559	2867.845	2628865.535	1104533.559	2867.845	0.0	0.0
571	2628789.782	1104506.202	2844.674	2628789.735	1104506.241	2844.551	0.1373280743837334	0.0196182963405333
572	2628782.266	1104501.499	2842.18	2628782.339	1104501.467	2842.352	0.1895705674813345	0.0270815096401906
573	2628774.232	1104497.625	2839.767	2628774.232	1104497.625	2839.767	0.0	0.0
574	2628766.971	1104493.994	2837.719	2628767.004	1104494.087	2837.634	0.1302420824441116	0.0186060117777302
575	2628756.588	1104491.646	2834.657	2628756.655	1104491.624	2834.731	0.1022203500718286	0.0146029071531183
576	2628741.471	1104490.905	2830.449	2628741.28	1104490.901	2830.397	0.197992424200877	0.0282846320286967
577	2628729.19	1104490.512	2826.865	2628729.19	1104490.512	2826.865	0.0	0.0
603	2628920.966	1104638.032	2843.107	2628921.356	1104638.439	2843.15	0.565329992306953	0.0807614274724218
604	2628947.137	1104636.746	2853.113	2628947.137	1104636.746	2853.113	0.0	0.0
605	2628945.756	1104620.98	2855.557	2628945.756	1104620.98	2855.557	0.0	0.0
606	2628962.195	1104607.439	2869.093	2628962.195	1104607.439	2869.093	0.0	0.0
607	2628960.975	1104600.087	2870.877	2628960.975	1104600.087	2870.877	0.0	0.0
610	2628876.19	1104552.329	2865.176	2628875.949	1104552.294	2864.904	0.3650890301781055	0.0521555757397293
611	2628871.36	1104542.744	2863.535	2628871.011	1104542.517	2863.2	0.5343734648448819	0.0763390664064117
615	2628789.107	1104511.94	2840.611	2628789.107	1104511.94	2840.611	0.0	0.0
616	2628779.319	1104507.145	2837.929	2628779.319	1104507.145	2837.929	0.0	0.0
617	2628770.194	1104502.817	2835.268	2628770.146	1104502.759	2835.304	0.0834505841250834	0.011921512017869
618	2628765.5	1104498.727	2833.815	2628765.5	1104498.727	2833.815	0.0	0.0
619	2628753.386	1104496.096	2830.667	2628753.386	1104496.096	2830.667	0.0	0.0
620	2628740.154	1104494.726	2827.338	2628740.661	1104494.587	2827.601	0.587825654201608	0.0839750934573725
621	2628731.666	1104493.167	2825.072	2628731.802	1104493.158	2825.171	0.1684577097699787	0.0240653871099969
648	2628948.442	1104647.991	2848.028	2628948.442	1104647.991	2848.028	0.0	0.0
649	2628946.727	1104636.238	2852.764	2628946.727	1104636.238	2852.764	0.0	0.0
650	2628945.756	1104620.98	2855.557	2628945.756	1104620.98	2855.557	0.0	0.0
651	2628962.195	1104607.439	2869.093	2628962.195	1104607.439	2869.093	0.0	0.0
652	2628960.795	1104600.057	2870.582	2628960.795	1104600.057	2870.582	0.0	0.0
653	2628955.722	1104586.533	2873.485	2628955.722	1104586.533	2873.485	0.0	0.0
656	2628859.059	1104541.499	2853.754	2628858.89	1104541.511	2853.519	0.289706748137474	0.0413866783053534
660	2628777.472	1104512.407	2833.715	2628777.472	1104512.407	2833.715	0.0	0.0
661	2628768.871	1104507.747	2831.622	2628768.676	1104507.674	2831.571	0.2143711732345237	0.0306244533192176
662	2628764.042	1104503.458	2830.289	2628764.042	1104503.458	2830.289	0.0	0.0
663	2628753.42	1104500.45	2827.612	2628753.541	1104500.476	2827.724	0.1669161468235203	0.0238451638319314
664	2628741.382	1104498.393	2824.81	2628741.382	1104498.393	2824.81	0.0	0.0
665	2628732.189	1104496.283	2822.704	2628732.267	1104496.286	2822.718	0.0793032157814074	0.0113290308259153
666	2628719.545	1104496.015	2819.74	2628719.606	1104496.036	2819.765	0.0691881495234974	0.0098840213604996
667	2628703.696	1104497.094	2816.407	2628703.696	1104497.094	2816.407	0.0	0.0
668	2628700.578	1104495.59	2815.531	2628700.474	1104495.597	2815.579	0.1147562637012755	0.016393751957325
693	2628948.442	1104647.991	2848.028	2628920.966	1104638.032	2843.107	29.636607396751156	4.233801056678736
694	2628946.727	1104636.238	2852.764	2628946.727	1104636.238	2852.764	0.0	0.0
695	2628943.47	1104621.771	2853.648	2628943.47	1104621.771	2853.648	0.0	0.0
696	2628962.272	1104607.842	2868.606	2628962.272	1104607.842	2868.606	0.0	0.0
697	2628960.696	1104600.861	2870.277	2628960.696	1104600.861	2870.277	0.0	0.0
698	2628880.619	1104572.074	2852.897	2628880.619	1104572.074	2852.897	0.0	0.0
704	2628778.701	1104517.479	2830.25	2628780.654	1104517.487	2830.557	1.976998229849462	0.2824283185499231
705	2628769.273	1104512.615	2828.195	2628769.273	1104512.615	2828.195	0.0	0.0
706	2628761.456	1104508.318	2826.248	2628761.456	1104508.318	2826.248	0.0	0.0
707	2628753.453	1104504.657	2824.508	2628753.453	1104504.657	2824.508	0.0	0.0
708	2628741.748	1104502.1	2822.234	2628741.748	1104502.1	2822.234	0.0	0.0
709	2628732.96	1104499.893	2820.415	2628732.96	1104499.893	2820.415	0.0	0.0
710	2628725.289	1104497.819	2818.586	2628725.259	1104497.891	2818.598	0.0789176786960795	0.0112739540994399
711	2628700.952	1104500.124	2813.887	2628701.016	1104500.051	2813.899	0.0978212655059479	0.0139744665008497
712	2628701.245	1104497.75	2813.872	2628701.245	1104497.75	2813.872	0.0	0.0
738	2628920.966	1104638.032	2843.107	2628920.966	1104638.032	2843.107	0.0	0.0
739	2628946.727	1104636.238	2852.764	2628946.727	1104636.238	2852.764	0.0	0.0
740	2628945.756	1104620.98	2855.557	2628945.756	1104620.98	2855.557	0.0	0.0
741	2628950.714	1104610.976	2859.982	2628950.714	1104610.976	2859.982	0.0	0.0
742	2628880.502	1104581.349	2846.542	2628880.502	1104581.349	2846.542	0.0	0.0
748	2628782.058	1104522.972	2827.144	2628782.058	1104522.972	2827.144	0.0	0.0
749	2628768.533	1104517.533	2824.288	2628768.533	1104517.533	2824.288	0.0	0.0
750	2628760.1	1104512.93	2822.821	2628760.1	1104512.93	2822.821	0.0	0.0
751	2628751.151	1104509.072	2820.995	2628752.211	1104509.044	2821.204	1.080770558497422	0.1543957940710602
752	2628741.981	1104505.851	2819.388	2628741.981	1104505.851	2819.388	0.0	0.0
753	2628733.21	1104503.14	2817.689	2628733.355	1104503.122	2817.777	0.1705667025028224	0.0243666717861174
754	2628728.245	1104500.521	2816.701	2628728.245	1104500.521	2816.701	0.0	0.0
755	2628702.048	1104502.385	2812.343	2628701.893	1104502.396	2812.316	0.1577181027503655	0.0225311575357665
756	2628699.613	1104500.411	2811.792	2628699.697	1104500.388	2811.842	0.1004241009245779	0.0143463001320825
757	2628699.324	1104498.24	2811.673	2628699.324	1104498.24	2811.673	0.0	0.0
783	2628948.442	1104647.991	2848.028	2628948.442	1104647.991	2848.028	0.0	0.0
784	2628946.055	1104635.362	2851.36	2628946.055	1104635.362	2851.36	0.0	0.0
785	2628936.774	1104619.64	2849.803	2628936.253	1104619.008	2849.977	0.8373416269175974	0.1196202324167996
786	2628922.333	1104602.84	2846.097	2628922.333	1104602.84	2846.097	0.0	0.0
793	2628769.662	1104522.552	2820.932	2628769.605	1104522.503	2821.077	0.1633248296861934	0.023332118526599
794	2628759.124	1104517.612	2819.253	2628759.124	1104517.612	2819.253	0.0	0.0
795	2628751.683	1104513.375	2817.983	2628751.683	1104513.375	2817.983	0.0	0.0
796	2628741.215	1104509.747	2816.272	2628741.968	1104509.792	2816.49	0.785212073284982	0.112173153326426
797	2628734.459	1104506.598	2815.186	2628734.459	1104506.598	2815.186	0.0	0.0
798	2628729.763	1104503.666	2814.505	2628729.72	1104503.626	2814.309	0.2046093838716726	0.0292299119816675
799	2628703.938	1104504.594	2810.724	2628707.092	1104504.064	2811.143	3.225550650763445	0.4607929501090635
800	2628699.883	1104502.823	2810.006	2628699.883	1104502.823	2810.006	0.0	0.0
828	2628887.956	1104625.224	2834.563	2628888.258	1104625.393	2834.824	0.4334581872379354	0.0619225981768479
837	2628769.656	1104527.628	2817.328	2628769.656	1104527.628	2817.328	0.0	0.0
838	2628759.381	1104522.256	2815.823	2628759.472	1104522.206	2815.873	0.1152432210908165	0.016463317298688
839	2628752.406	1104517.666	2814.864	2628752.8	1104517.622	2814.991	0.4162943668667768	0.0594706238381109
840	2628740.734	1104513.667	2813.356	2628740.836	1104513.66	2813.431	0.126799053587235	0.0181141505124621
841	2628733.842	1104510.319	2812.353	2628733.842	1104510.319	2812.353	0.0	0.0
842	2628730.047	1104507.17	2811.867	2628730.093	1104507.211	2811.88	0.0629761860200094	0.0089965980028584
843	2628725.512	1104504.314	2811.177	2628725.512	1104504.314	2811.177	0.0	0.0
846	2628698.546	1104500.773	2807.796	2628698.557	1104500.815	2807.821	0.0500999001021387	0.0071571285860198
881	2628769.779	1104533.157	2813.337	2628769.89	1104533.158	2813.46	0.1656834331120121	0.0236690618731445
882	2628761.337	1104527.089	2812.489	2628761.337	1104527.089	2812.489	0.0	0.0
883	2628750.326	1104521.902	2811.378	2628753.894	1104522.174	2811.951	3.62393943104034	0.5177056330057629
884	2628739.01	1104517.731	2810.143	2628739.375	1104517.759	2810.246	0.3802867341526189	0.0543266763075169
885	2628732.109	1104514.166	2809.42	2628732.123	1104514.113	2809.444	0.0598414572579577	0.0085487796082796
886	2628728.91	1104510.519	2809.173	2628728.91	1104510.519	2809.173	0.0	0.0
887	2628724.595	1104507.595	2808.571	2628724.651	1104507.548	2808.62	0.0880113628283499	0.0125730518326214
889	2628699.363	1104505.355	2806.243	2628699.363	1104505.355	2806.243	0.0	0.0
890	2628698.165	1104503.167	2806.001	2628698.165	1104503.167	2806.001	0.0	0.0
891	2628694.566	1104501.685	2805.62	2628694.564	1104501.667	2805.669	0.0522398316128775	0.0074628330875539
925	2628766.329	1104537.407	2809.429	2628766.329	1104537.407	2809.429	0.0	0.0
926	2628760.897	1104532.013	2808.867	2628760.897	1104532.013	2808.867	0.0	0.0
927	2628752.81	1104526.778	2808.258	2628752.81	1104526.778	2808.258	0.0	0.0
928	2628738.596	1104521.742	2807.167	2628738.85	1104521.916	2807.171	0.3079090775792059	0.0439870110827437
929	2628733.294	1104517.793	2806.696	2628733.593	1104517.764	2806.846	0.3357707548257278	0.0479672506893896
930	2628727.201	1104514.191	2806.203	2628727.201	1104514.191	2806.203	0.0	0.0
931	2628724.762	1104511.064	2806.077	2628724.762	1104511.064	2806.077	0.0	0.0
932	2628720.003	1104508.144	2805.653	2628720.003	1104508.144	2805.653	0.0	0.0
934	2628698.045	1104505.579	2804.21	2628698.045	1104505.579	2804.21	0.0	0.0
960	2628844.988	1104635.655	2810.175	2628844.992	1104635.853	2810.151	0.1994893479499047	0.0284984782785578
969	2628765.508	1104542.903	2805.377	2628765.465	1104542.898	2805.278	0.1080509139450494	0.0154358448492927
970	2628758.973	1104536.871	2805.165	2628758.973	1104536.871	2805.165	0.0	0.0
971	2628751.664	1104531.037	2804.931	2628751.664	1104531.037	2804.931	0.0	0.0
972	2628739.378	1104525.812	2804.377	2628739.498	1104525.916	2804.379	0.1588080603662248	0.0226868657666035
973	2628732.117	1104521.43	2803.88	2628732.117	1104521.43	2803.88	0.0	0.0
974	2628726.97	1104517.782	2803.644	2628727.07	1104517.853	2803.608	0.1278162741005098	0.0182594677286442
975	2628723.187	1104514.337	2803.414	2628723.187	1104514.337	2803.414	0.0	0.0
976	2628721.18	1104511.233	2803.416	2628721.18	1104511.233	2803.416	0.0	0.0
977	2628704.616	1104509.711	2802.596	2628715.723	1104508.61	2802.958	11.167304688527542	1.5953292412182205
1004	2628838.361	1104641.32	2803.395	2628838.207	1104641.443	2803.222	0.2622479742655514	0.0374639963236502
1014	2628758.405	1104541.7	2801.517	2628758.405	1104541.7	2801.517	0.0	0.0
1015	2628751.979	1104535.764	2801.429	2628752.06	1104535.819	2801.467	0.1050238069746734	0.0150034009963819
1016	2628736.672	1104529.534	2801.114	2628736.781	1104529.631	2801.213	0.1763264020230595	0.0251894860032942
1017	2628732.417	1104525.419	2801.133	2628732.493	1104525.405	2801.207	0.1069953269143932	0.0152850467020561
1018	2628726.907	1104521.128	2800.915	2628726.907	1104521.128	2800.915	0.0	0.0
1019	2628721.83	1104517.657	2800.827	2628721.85	1104517.69	2800.778	0.062369864552944	0.0089099806504205
1021	2628714.516	1104511.754	2800.581	2628714.556	1104511.708	2800.63	0.0782112523220483	0.0111730360460069
1048	2628830.467	1104646.367	2797.085	2628831.058	1104646.899	2796.997	0.8000306243517917	0.1142900891931131
1058	2628757.888	1104546.49	2797.845	2628757.883	1104546.551	2797.845	0.0612045749702725	0.0087435107100389
1059	2628753.097	1104540.722	2797.986	2628753.097	1104540.722	2797.986	0.0	0.0
1060	2628731.104	1104532.865	2798.239	2628731.119	1104532.96	2798.228	0.096803925533019	0.0138291322190027
1061	2628730.405	1104528.973	2798.208	2628730.529	1104529.034	2798.283	0.157232312433595	0.022461758919085
1062	2628726.698	1104524.883	2798.136	2628726.789	1104524.963	2798.198	0.136106575941871	0.0194437965631244
1063	2628723.43	1104521.195	2798.34	2628723.4	1104521.136	2798.327	0.0674536880412791	0.0096362411487541
1064	2628718.643	1104517.912	2798.207	2628718.748	1104517.939	2798.257	0.1193901168280156	0.0170557309754308
1065	2628707.611	1104515.007	2798.312	2628707.611	1104515.007	2798.312	0.0	0.0
1066	2628706.3	1104512.22	2798.409	2628709.54	1104511.988	2798.378	3.248443473647621	0.4640633533782316
1102	2628756.649	1104551.511	2794.225	2628756.671	1104551.613	2794.323	0.1431502706446157	0.0204500386635165
1103	2628750.899	1104544.741	2794.449	2628750.899	1104544.741	2794.449	0.0	0.0
1104	2628731.117	1104536.779	2795.269	2628731.117	1104536.779	2795.269	0.0	0.0
1105	2628728.391	1104532.623	2795.319	2628728.391	1104532.623	2795.319	0.0	0.0
1106	2628725.511	1104528.545	2795.576	2628725.543	1104528.638	2795.601	0.1014790620192807	0.0144970088598972
1107	2628722.141	1104524.735	2795.656	2628722.197	1104524.67	2795.706	0.0993025682455169	0.0141860811779309
1108	2628718.724	1104521.144	2795.785	2628718.724	1104521.144	2795.785	0.0	0.0
1111	2628704.472	1104512.435	2796.272	2628704.526	1104512.483	2796.322	0.0878635305218915	0.0125519329316987
1147	2628747.827	1104549.215	2791.158	2628747.827	1104549.215	2791.158	0.0	0.0
1148	2628728.717	1104540.384	2792.485	2628728.717	1104540.384	2792.485	0.0	0.0
1149	2628727.738	1104536.346	2792.608	2628727.898	1104536.421	2792.672	0.1879388200335532	0.0268484028619361
1150	2628724.111	1104531.954	2792.83	2628724.111	1104531.954	2792.83	0.0	0.0
1151	2628720.184	1104528.016	2793.086	2628721.36	1104528.12	2793.077	1.1806239875412838	0.1686605696487548
1152	2628717.764	1104524.47	2793.35	2628717.764	1104524.47	2793.35	0.0	0.0
1153	2628711.062	1104520.975	2793.68	2628711.062	1104520.975	2793.68	0.0	0.0
1155	2628704.57	1104515.214	2794.24	2628704.609	1104515.281	2794.204	0.0854751427706034	0.0122107346815147
1180	2628807.844	1104657.777	2780.214	2628807.944	1104657.882	2780.362	0.2071931466404133	0.0295990209486304
1191	2628746.94	1104553.813	2787.652	2628747.942	1104554.171	2787.63	1.0642612459960703	0.1520373208565815
1192	2628744.075	1104548.272	2787.966	2628744.152	1104548.275	2788.077	0.1351258670076872	0.0193036952868124
1193	2628725.277	1104539.687	2789.811	2628725.277	1104539.687	2789.811	0.0	0.0
1194	2628722.593	1104535.457	2790.266	2628722.634	1104535.558	2790.242	0.1116154112180817	0.0159450587454402
1195	2628719.652	1104531.358	2790.509	2628719.684	1104531.451	2790.473	0.1047329937746752	0.014961856253525
1196	2628715.924	1104527.561	2790.866	2628715.924	1104527.561	2790.866	0.0	0.0
1197	2628712.188	1104524.034	2791.26	2628712.399	1104524.089	2791.287	0.219715725532464	0.031387960790352
1198	2628708.982	1104520.921	2791.588	2628708.976	1104520.965	2791.551	0.0578013840678014	0.0082573405811144
1199	2628704.741	1104518.007	2791.952	2628704.741	1104518.007	2791.952	0.0	0.0
1224	2628801.332	1104661.419	2775.605	2628801.351	1104661.565	2775.593	0.1477193283893415	0.0211027611984773
1225	2628803.06	1104654.181	2775.595	2628803.06	1104654.181	2775.595	0.0	0.0
1235	2628746.416	1104558.405	2784.053	2628746.668	1104558.544	2784.02	0.2896791326989288	0.0413827332427041
1236	2628741.311	1104552.188	2784.849	2628741.524	1104552.278	2784.889	0.2346678503085032	0.0335239786155004
1237	2628724.538	1104543.399	2787.013	2628724.538	1104543.399	2787.013	0.0	0.0
1238	2628720.376	1104538.704	2787.533	2628720.391	1104538.685	2787.63	0.0999749967965044	0.0142821423995006
1239	2628717.76	1104534.6	2788.025	2628717.922	1104534.693	2788.064	0.1908245266749964	0.0272606466678566
1240	2628715.234	1104530.897	2788.336	2628715.427	1104530.936	2788.388	0.2036516633338182	0.029093094761974
1241	2628711.574	1104527.112	2788.901	2628711.532	1104527.124	2788.864	0.0572450870733914	0.008177869581913
1242	2628708.152	1104523.893	2789.312	2628708.152	1104523.893	2789.312	0.0	0.0
1243	2628704.946	1104520.78	2789.69	2628704.946	1104520.78	2789.69	0.0	0.0
1244	2628700.284	1104517.953	2790.293	2628700.251	1104517.973	2790.256	0.0534602655152658	0.0076371807878951
1245	2628673.826	1104516.294	2793.401	2628673.826	1104516.294	2793.401	0.0	0.0
1268	2628795.305	1104664.882	2770.806	2628795.33	1104664.889	2770.892	0.0898331786984729	0.0128333112426389
1269	2628795.797	1104656.931	2770.302	2628795.956	1104657.007	2770.415	0.2093466024985101	0.0299066574997871
1270	2628797.955	1104650.218	2770.483	2628798.144	1104650.448	2770.462	0.2984325717953022	0.042633224542186
1279	2628746.352	1104563.14	2780.472	2628746.194	1104563.211	2780.385	0.1938401401747427	0.0276914485963918
1280	2628740.953	1104556.586	2781.484	2628740.953	1104556.586	2781.484	0.0	0.0
1281	2628722.547	1104546.795	2784.357	2628722.547	1104546.795	2784.357	0.0	0.0
1282	2628719.235	1104542.164	2785.046	2628719.235	1104542.164	2785.046	0.0	0.0
1283	2628716.141	1104537.884	2785.532	2628716.238	1104537.921	2785.57	0.1105531546987084	0.0157933078141012
1284	2628713.941	1104534.046	2785.969	2628713.941	1104534.046	2785.969	0.0	0.0
1285	2628711.116	1104530.423	2786.424	2628711.178	1104530.462	2786.461	0.0820609529441649	0.0117229932777378
1286	2628707.361	1104526.705	2787.244	2628707.286	1104526.736	2787.17	0.1098271370172657	0.0156895910024665
1287	2628704.451	1104523.625	2787.638	2628704.451	1104523.625	2787.638	0.0	0.0
1288	2628700.418	1104520.635	2788.274	2628700.481	1104520.674	2788.275	0.0741012821657509	0.0105858974522501
1289	2628696.63	1104518.054	2788.791	2628696.685	1104518.085	2788.78	0.0640858800040915	0.0091551257148702
1312	2628789.362	1104668.097	2766.204	2628789.362	1104668.097	2766.204	0.0	0.0
1313	2628789.394	1104660.235	2766.268	2628789.301	1104660.251	2766.133	0.1647118695531972	0.0235302670790281
1314	2628792.038	1104654.157	2766.274	2628792.015	1104653.942	2766.285	0.2165063508028821	0.030929478686126
1315	2628791.099	1104645.172	2766.702	2628791.099	1104645.172	2766.702	0.0	0.0
1323	2628742.158	1104567.072	2777.581	2628742.136	1104566.891	2777.69	0.2124288114785519	0.0303469730683645
1324	2628727.297	1104556.326	2780.498	2628727.158	1104556.301	2780.447	0.1501565848906256	0.0214509406986608
1325	2628720.776	1104550.141	2781.801	2628720.776	1104550.141	2781.801	0.0	0.0
1326	2628717.927	1104545.428	2782.448	2628718.011	1104545.518	2782.486	0.1288409870320113	0.0184058552902873
1327	2628715.436	1104541.125	2783.014	2628715.58	1104541.219	2783.041	0.1740718241584886	0.0248674034512126
1328	2628712.79	1104537.092	2783.519	2628712.891	1104537.18	2783.52	0.1339626812059723	0.0191375258865674
1329	2628710.317	1104533.471	2784.112	2628710.317	1104533.471	2784.112	0.0	0.0
1330	2628706.51	1104529.721	2784.871	2628706.51	1104529.721	2784.871	0.0	0.0
1331	2628703.409	1104526.411	2785.445	2628703.432	1104526.496	2785.433	0.0888706925579376	0.0126958132225625
1332	2628701.02	1104523.399	2786.041	2628701.162	1104523.459	2786.079	0.1587702743103708	0.0226814677586244
1333	2628697.423	1104520.58	2786.646	2628697.423	1104520.58	2786.646	0.0	0.0
1334	2628691.084	1104518.027	2787.802	2628691.084	1104518.027	2787.802	0.0	0.0
1356	2628783.682	1104670.895	2761.897	2628783.591	1104671.092	2761.92	0.2182177810676686	0.0311739687239526
1357	2628784.51	1104663.569	2762.046	2628784.51	1104663.569	2762.046	0.0	0.0
1358	2628785.328	1104656.59	2762.063	2628785.528	1104656.62	2762.139	0.21604629108115	0.0308637558687357
1368	2628734.503	1104563.439	2775.833	2628734.503	1104563.439	2775.833	0.0	0.0
1369	2628717.397	1104552.684	2779.625	2628717.397	1104552.684	2779.625	0.0	0.0
1370	2628717.427	1104549.106	2779.763	2628717.427	1104549.106	2779.763	0.0	0.0
1371	2628713.89	1104544.361	2780.559	2628713.868	1104544.406	2780.534	0.0559821400854139	0.0079974485836305
1372	2628712.124	1104540.286	2781.124	2628712.219	1104540.289	2781.149	0.0982802118388554	0.0140400302626936
1373	2628709.539	1104536.552	2781.776	2628709.64	1104536.527	2781.875	0.1436210292655577	0.0205172898950796
1374	2628705.921	1104532.53	2782.537	2628706.01	1104532.576	2782.55	0.1010247491019612	0.0144321070145658
1375	2628702.674	1104529.142	2783.328	2628702.72	1104529.182	2783.329	0.0609672043906072	0.0087096006272296
1376	2628699.96	1104526.056	2783.895	2628700.006	1104526.096	2783.896	0.0609672042378492	0.008709600605407
1377	2628697.607	1104523.223	2784.602	2628697.653	1104523.264	2784.591	0.0625939294630732	0.0089419899232961
1379	2628670.373	1104518.111	2789.951	2628685.543	1104518.137	2787.058	15.44341364458465	2.2062019492263785
1399	2628777.755	1104681.319	2757.546	2628777.755	1104681.319	2757.546	0.0	0.0
1400	2628777.966	1104673.73	2757.895	2628777.909	1104673.5	2757.796	0.2568073207579195	0.0366867601082742
1401	2628778.193	1104665.975	2758.133	2628778.193	1104665.975	2758.133	0.0	0.0
1402	2628778.694	1104658.558	2758.364	2628778.812	1104658.532	2758.463	0.1562081942560008	0.0223154563222858
1412	2628734.069	1104567.609	2772.564	2628734.152	1104567.681	2772.565	0.1098817544566175	0.0156973934938025
1413	2628718.156	1104556.747	2776.603	2628718.156	1104556.747	2776.603	0.0	0.0
1414	2628715.17	1104551.948	2777.382	2628715.17	1104551.948	2777.382	0.0	0.0
1415	2628712.212	1104547.336	2778.321	2628712.212	1104547.336	2778.321	0.0	0.0
1416	2628710.174	1104543.349	2778.907	2628710.174	1104543.349	2778.907	0.0	0.0
1417	2628708.066	1104539.332	2779.382	2628708.132	1104539.406	2779.358	0.1020196060449316	0.0145742294349902
1418	2628706.019	1104535.665	2780.323	2628706.087	1104535.66	2780.36	0.0775757693946826	0.0110822527706689
1419	2628702.449	1104531.978	2781.109	2628702.583	1104532.047	2781.099	0.1510529709720019	0.0215789958531431
1420	2628699.063	1104528.728	2781.96	2628699.152	1104528.774	2781.974	0.1011582915658838	0.0144511845094119
1421	2628697.312	1104525.934	2782.48	2628697.312	1104525.934	2782.48	0.0	0.0
1422	2628692.125	1104522.767	2783.821	2628692.223	1104522.804	2783.822	0.1047568615704821	0.0149652659386403
1443	2628774.661	1104686.283	2753.218	2628774.661	1104686.283	2753.218	0.0	0.0
1444	2628774.45	1104677.787	2753.399	2628774.496	1104677.879	2753.645	0.2666383317445038	0.0380911902492148
1445	2628774.675	1104670.196	2753.932	2628774.622	1104670.295	2753.882	0.1229227398367702	0.0175603914052528
1446	2628772.405	1104660.796	2754.781	2628772.44	1104660.828	2754.867	0.0982089609121222	0.0140298515588746
1456	2628738.698	1104574.918	2768.025	2628738.81	1104575.049	2768.052	0.1744534323476995	0.0249219189068142
1457	2628717.279	1104560.338	2773.803	2628717.374	1104560.34	2773.841	0.1023376761062828	0.0146196680151832
1458	2628715.067	1104555.73	2774.63	2628715.104	1104555.632	2774.642	0.105437185093567	0.0150624550133667
1459	2628711.39	1104550.507	2775.802	2628711.527	1104550.498	2775.852	0.1461163916279419	0.0208737702325631
1460	2628708.705	1104546.216	2776.684	2628708.705	1104546.216	2776.684	0.0	0.0
1461	2628707.183	1104542.437	2777.252	2628707.183	1104542.437	2777.252	0.0	0.0
1462	2628705.101	1104538.608	2778.033	2628705.115	1104538.685	2778.009	0.0818596360824574	0.0116942337260653
1463	2628701.806	1104534.902	2778.885	2628701.806	1104534.902	2778.885	0.0	0.0
1464	2628699.104	1104531.554	2779.854	2628699.104	1104531.554	2779.854	0.0	0.0
1465	2628696.819	1104528.423	2780.525	2628696.831	1104528.483	2780.55	0.0660984114637983	0.009442630209114
1466	2628692.477	1104525.33	2781.779	2628692.541	1104525.387	2781.78	0.0857088095522807	0.0122441156503258
1468	2628670.66	1104519.719	2787.356	2628670.706	1104519.76	2787.345	0.0625939291209407	0.0089419898744201
1487	2628773.449	1104693.099	2747.941	2628773.463	1104693.306	2747.93	0.2077642896872169	0.0296806128124595
1488	2628770.377	1104681.542	2749.507	2628770.377	1104681.542	2749.507	0.0	0.0
1489	2628771.287	1104674.418	2749.695	2628771.287	1104674.418	2749.695	0.0	0.0
1490	2628766.241	1104661.9	2751.746	2628766.227	1104661.952	2751.734	0.0551724570214856	0.0078817795744979
1500	2628736.92	1104578.787	2764.738	2628736.87	1104578.695	2764.761	0.1072054101780354	0.0153150585968622
1501	2628732.813	1104571.99	2766.266	2628715.586	1104563.592	2771.456	19.85527720781584	2.8364681725451204
1502	2628713.749	1104558.743	2772.201	2628713.59	1104558.571	2772.223	0.2352636818599649	0.0336090974085664
1503	2628710.349	1104553.779	2773.341	2628710.404	1104553.827	2773.354	0.0741484997406484	0.0105926428200926
1504	2628706.53	1104548.774	2774.585	2628706.632	1104548.767	2774.671	0.133600150020888	0.0190857357172697
1505	2628705.148	1104545.054	2775.351	2628705.148	1104545.054	2775.351	0.0	0.0
1506	2628703.821	1104541.461	2775.837	2628703.821	1104541.461	2775.837	0.0	0.0
1507	2628701.702	1104537.86	2776.631	2628701.75	1104537.804	2776.692	0.0957131130327798	0.0136733018618256
1508	2628698.265	1104534.275	2777.7	2628698.421	1104534.412	2777.715	0.2081585934229116	0.0297369419175588
1509	2628696.178	1104531.026	2778.495	2628696.267	1104531.072	2778.533	0.1071494284352138	0.0153070612050305
1510	2628693.074	1104527.913	2779.643	2628693.074	1104527.913	2779.643	0.0	0.0
1511	2628684.876	1104524.57	2781.91	2628684.777	1104524.516	2781.957	0.1221720102093401	0.01745314431562
1512	2628681.66	1104522.105	2782.998	2628681.559	1104522.016	2783.045	0.1425868157918845	0.0203695451131263
1531	2628768.67	1104695.828	2743.927	2628768.748	1104696.074	2743.868	0.2647281625634609	0.0378183089376372
1532	2628767.072	1104685.61	2745.479	2628767.018	1104685.709	2745.454	0.1155075754501391	0.0165010822071627
1533	2628766.923	1104677.724	2746.018	2628766.923	1104677.724	2746.018	0.0	0.0
1534	2628766.534	1104669.775	2746.712	2628766.646	1104669.906	2746.738	0.1743014631547385	0.0249002090221055
1535	2628765.902	1104661.638	2746.499	2628765.717	1104661.556	2746.325	0.2668801225981189	0.0381257317997312
1545	2628731.015	1104575.634	2763.357	2628731.015	1104575.634	2763.357	0.0	0.0
1546	2628713.043	1104562.322	2769.501	2628713.187	1104562.416	2769.564	0.1831420212999107	0.0261631458999872
1547	2628709.773	1104557.167	2770.959	2628709.755	1104557.021	2770.971	0.1475940377893078	0.0210848625413296
1548	2628706.128	1104552.038	2772.181	2628706.113	1104551.943	2772.205	0.0991261822052963	0.0141608831721851
1549	2628703.848	1104547.874	2773.166	2628703.848	1104547.874	2773.166	0.0	0.0
1550	2628703.2	1104544.341	2773.662	2628703.206	1104544.297	2773.698	0.0571664236641611	0.008166631952023
1551	2628700.926	1104540.766	2774.551	2628700.981	1104540.815	2774.552	0.0736681749939593	0.010524024999137
1552	2628697.994	1104536.958	2775.614	2628698.108	1104536.976	2775.604	0.1158447237074048	0.0165492462439149
1553	2628695.81	1104533.706	2776.481	2628695.874	1104533.745	2776.482	0.0749533186733411	0.0107076169533344
1554	2628692.581	1104530.385	2777.591	2628692.748	1104530.434	2777.605	0.174602405797972	0.0249432008282817
1555	2628688.392	1104527.316	2779.19	2628688.513	1104527.325	2779.24	0.1312326177107368	0.0187475168158195
1556	2628681.949	1104524.273	2781.187	2628682.004	1104524.322	2781.187	0.0736613874899205	0.0105230553557029
1557	2628666.858	1104521.085	2785.795	2628667.704	1104521.125	2785.525	0.888940942829774	0.1269915632613963
1575	2628764.13	1104698.236	2740.489	2628764.13	1104698.236	2740.489	0.0	0.0
1576	2628764.962	1104691.289	2740.946	2628764.962	1104691.289	2740.946	0.0	0.0
1577	2628762.999	1104681.009	2742.31	2628763.01	1104681.069	2742.395	0.104623133089488	0.0149461618699268
1578	2628762.519	1104673.014	2743.125	2628762.433	1104672.873	2742.989	0.2139462548375564	0.0305637506910794
1579	2628762.048	1104664.874	2743.133	2628761.987	1104664.87	2743.132	0.0611391852224147	0.0087341693174878
1589	2628729.975	1104579.436	2760.164	2628729.977	1104579.341	2760.188	0.0980051018780895	0.014000728839727
1590	2628713.436	1104566.375	2766.523	2628713.436	1104566.375	2766.523	0.0	0.0
1591	2628709.151	1104560.446	2768.321	2628709.151	1104560.446	2768.321	0.0	0.0
1592	2628705.295	1104555.087	2769.905	2628705.271	1104555.132	2769.979	0.0898721312804989	0.0128388758972141
1593	2628701.487	1104550.08	2771.541	2628703.688	1104551.009	2770.851	2.486672877460692	0.3552389824943845
1594	2628700.829	1104546.729	2771.841	2628700.855	1104546.753	2771.902	0.0705195008670402	0.0100742144095771
1595	2628699.822	1104543.305	2772.515	2628699.679	1104543.228	2772.525	0.1627206196282775	0.0232458028040396
1596	2628697.707	1104539.772	2773.419	2628697.707	1104539.772	2773.419	0.0	0.0
1597	2628695.087	1104536.124	2774.535	2628695.184	1104536.161	2774.573	0.1105531546987084	0.0157933078141012
1598	2628692.099	1104532.691	2775.794	2628692.004	1104532.689	2775.744	0.1073731807799616	0.0153390258257088
1599	2628687.637	1104529.432	2777.475	2628687.696	1104529.419	2777.512	0.0708449009328941	0.0101207001332705
1600	2628663.217	1104523.837	2785.584	2628663.164	1104523.823	2785.571	0.0563382643630363	0.0080483234804337
1620	2628761.26	1104694.491	2737.045	2628761.324	1104694.547	2737.082	0.0927415766660975	0.0132487966665853
1621	2628759.711	1104684.981	2738.44	2628759.731	1104685.031	2738.477	0.0653375849369059	0.0093339407052722
1622	2628758.056	1104675.166	2739.785	2628758.056	1104675.166	2739.785	0.0	0.0
1623	2628758.541	1104668.512	2739.798	2628758.714	1104668.777	2739.789	0.3165991154898251	0.045228445069975
1634	2628723.39	1104575.988	2759.726	2628715.288	1104571.407	2762.92	9.840203300711147	1.405743328673021
1635	2628709.242	1104563.895	2765.57	2628709.187	1104563.847	2765.556	0.0743303438293842	0.0106186205470548
1636	2628705.309	1104558.584	2767.3	2628705.309	1104558.584	2767.3	0.0	0.0
1637	2628702.658	1104553.951	2768.524	2628702.658	1104553.951	2768.524	0.0	0.0
1638	2628699.409	1104549.383	2770.045	2628699.409	1104549.383	2770.045	0.0	0.0
1639	2628699.188	1104546.107	2770.351	2628699.188	1104546.107	2770.351	0.0	0.0
1640	2628697.012	1104542.474	2771.388	2628696.859	1104542.389	2771.41	0.1764029477450567	0.0252004211064366
1641	2628694.431	1104538.78	2772.591	2628694.431	1104538.78	2772.591	0.0	0.0
1642	2628692.312	1104535.732	2773.569	2628692.312	1104535.732	2773.569	0.0	0.0
1643	2628687.815	1104531.989	2775.455	2628687.815	1104531.989	2775.455	0.0	0.0
1644	2628685.57	1104529.27	2776.445	2628685.679	1104529.349	2776.447	0.1346328341201756	0.0192332620171679
1645	2628679.843	1104526.092	2778.647	2628679.843	1104526.092	2778.647	0.0	0.0
1665	2628754.37	1104685.734	2735.623	2628754.37	1104685.734	2735.623	0.0	0.0
1666	2628754.468	1104678.212	2736.337	2628754.468	1104678.212	2736.337	0.0	0.0
1667	2628753.779	1104670.1	2737.271	2628753.763	1104670.136	2737.369	0.1056219674045694	0.015088852486367
1678	2628722.455	1104579.982	2756.731	2628722.545	1104580.045	2756.806	0.1330187954919923	0.0190026850702846
1679	2628711.064	1104568.981	2761.843	2628711.064	1104568.981	2761.843	0.0	0.0
1680	2628705.452	1104562.159	2764.538	2628705.456	1104562.211	2764.489	0.0715611625695142	0.0102230232242163
1681	2628702.283	1104557.143	2766.291	2628702.283	1104557.143	2766.291	0.0	0.0
1682	2628699.563	1104552.628	2767.441	2628699.445	1104552.445	2767.524	0.2330278954215608	0.0332896993459372
1683	2628698.225	1104548.948	2768.306	2628698.225	1104548.948	2768.306	0.0	0.0
1684	2628696.52	1104545.206	2769.202	2628696.458	1104545.184	2769.177	0.0703775532030014	0.0100539361718573
1685	2628694.275	1104541.594	2770.299	2628694.27	1104541.638	2770.275	0.0503686410218229	0.0071955201459747
1686	2628691.477	1104538.053	2771.744	2628691.536	1104538.04	2771.781	0.0708449009326566	0.0101207001332366
1687	2628686.871	1104534.023	2773.836	2628686.871	1104534.023	2773.836	0.0	0.0
1689	2628683.113	1104528.638	2775.8	2628683.113	1104528.638	2775.8	0.0	0.0
1690	2628670.511	1104524.791	2780.66	2628670.106	1104524.713	2780.788	0.4318483528171458	0.0616926218310208
1710	2628750.837	1104681.563	2733.036	2628750.775	1104681.524	2732.913	0.1431572561839963	0.0204510365977137
1711	2628750.758	1104673.836	2733.65	2628750.758	1104673.836	2733.65	0.0	0.0
1722	2628725.178	1104586.093	2752.262	2628725.178	1104586.093	2752.262	0.0	0.0
1723	2628711.536	1104573.133	2758.684	2628711.536	1104573.133	2758.684	0.0	0.0
1724	2628707.274	1104566.76	2761.042	2628707.319	1104566.782	2761.055	0.0517493960162549	0.0073927708594649
1725	2628703.253	1104560.968	2763.162	2628703.374	1104561.107	2763.2	0.1881648212198619	0.0268806887456945
1726	2628699.73	1104555.871	2765.094	2628699.773	1104555.877	2765.119	0.0500999002601479	0.0071571286085925
1727	2628696.877	1104551.372	2766.535	2628696.839	1104551.323	2766.522	0.0633561359807747	0.0090508765686821
1728	2628695.84	1104547.89	2767.282	2628695.897	1104547.972	2767.27	0.1005832989675705	0.0143690427096529
1729	2628693.872	1104544.277	2768.383	2628693.872	1104544.277	2768.383	0.0	0.0
1730	2628690.945	1104540.51	2769.898	2628690.945	1104540.51	2769.898	0.0	0.0
1731	2628687.962	1104537.083	2771.475	2628687.962	1104537.083	2771.475	0.0	0.0
1732	2628684.419	1104533.607	2773.228	2628684.431	1104533.65	2773.204	0.0506853033604914	0.0072407576229273
1733	2628682.252	1104530.614	2774.206	2628682.298	1104530.654	2774.194	0.0621288983582501	0.0088755569083214
1755	2628747.689	1104677.046	2730.392	2628747.51	1104677.333	2730.928	0.6338028084568662	0.0905432583509808
1767	2628718.776	1104581.739	2752.362	2628719.07	1104581.866	2752.366	0.3202826873635208	0.0457546696233601
1768	2628708.102	1104571.044	2757.766	2628708.001	1104570.956	2757.764	0.1339738778862968	0.0191391254123281
1769	2628703.847	1104564.791	2760.21	2628704.05	1104564.968	2760.152	0.2755031759295416	0.039357596561363
1770	2628699.9	1104559.211	2762.343	2628699.878	1104559.143	2762.355	0.0724706836638497	0.0103529548091213
1771	2628696.928	1104554.546	2764.137	2628696.928	1104554.546	2764.137	0.0	0.0
1772	2628694.77	1104550.443	2765.332	2628694.83	1104550.43	2765.369	0.0716798438031574	0.0102399776861653
1773	2628692.805	1104546.622	2766.53	2628692.914	1104546.701	2766.507	0.1365686637619447	0.0195098091088492
1774	2628691.563	1104543.481	2767.458	2628691.668	1104543.621	2767.399	0.1846780984107738	0.0263825854872534
1775	2628684.914	1104538.647	2770.816	2628688.401	1104539.884	2769.301	3.998069909504961	0.5711528442149945
1776	2628683.836	1104535.825	2771.455	2628683.936	1104535.896	2771.444	0.1231340733432332	0.0175905819061761
1777	2628661.187	1104527.872	2781.817	2628682.299	1104533.109	2772.6	23.624051346201565	3.374864478028795
1778	2628660.489	1104526.176	2782.255	2628678.602	1104529.92	2774.401	20.09436789241789	2.870623984631127
1779	2628669.618	1104526.944	2778.43	2628669.618	1104526.944	2778.43	0.0	0.0
1800	2628744.241	1104672.824	2728.319	2628744.283	1104672.813	2728.393	0.0857962702583857	0.0122566100369122
1811	2628717.785	1104585.537	2749.402	2628717.575	1104585.369	2749.411	0.2690817719683607	0.0384402531383372
1812	2628710.573	1104576.514	2753.438	2628710.573	1104576.514	2753.438	0.0	0.0
1813	2628704.53	1104568.851	2757.029	2628704.576	1104568.892	2757.029	0.0616198020576901	0.0088028288653843
1814	2628700.51	1104562.885	2759.453	2628700.547	1104562.918	2759.466	0.051254268157784	0.0073220383082548
1815	2628696.71	1104557.434	2761.612	2628696.71	1104557.434	2761.612	0.0	0.0
1816	2628695.078	1104553.677	2762.803	2628695.078	1104553.677	2762.803	0.0	0.0
1817	2628692.159	1104549.32	2764.659	2628692.1	1104549.333	2764.634	0.0653834840626954	0.0093404977232422
1818	2628690.684	1104545.909	2765.547	2628690.731	1104545.966	2765.56	0.0750133323297095	0.0107161903328156
1819	2628687.597	1104542.021	2767.464	2628688.164	1104542.305	2767.203	0.6857594328712119	0.0979656332673159
1820	2628682.773	1104537.917	2770.004	2628682.761	1104537.988	2769.943	0.0943716059094954	0.0134816579870707
1822	2628661.354	1104527.925	2780.597	2628679.768	1104532.544	2772.003	20.83908330546245	2.9770119007803504
1823	2628659.736	1104526.143	2781.426	2628659.736	1104526.143	2781.426	0.0	0.0
1824	2628659.623	1104525.899	2781.559	2628659.709	1104525.797	2781.682	0.181463494765399	0.025923356395057
1825	2628669.618	1104526.944	2778.43	2628669.618	1104526.944	2778.43	0.0	0.0
1855	2628718.437	1104590.345	2745.697	2628718.359	1104590.212	2745.683	0.1548192492479351	0.0221170356068478
1856	2628713.389	1104582.35	2748.994	2628713.274	1104582.314	2748.98	0.121313642885197	0.017330520412171
1857	2628705.324	1104573.008	2753.763	2628705.324	1104573.008	2753.763	0.0	0.0
1858	2628701.597	1104567.023	2756.216	2628701.597	1104567.023	2756.216	0.0	0.0
1859	2628698.031	1104561.339	2758.475	2628698.031	1104561.339	2758.475	0.0	0.0
1860	2628694.492	1104556.425	2760.591	2628694.469	1104556.34	2760.615	0.0912688336493786	0.013038404807054
1861	2628693.116	1104552.634	2761.882	2628693.069	1104552.576	2761.869	0.0757759856584443	0.0108251408083491
1862	2628689.898	1104548.339	2763.784	2628689.912	1104548.286	2763.82	0.0655820095916978	0.0093688585130996
1863	2628687.324	1104544.557	2765.414	2628687.596	1104544.712	2765.259	0.3493336513190126	0.0499048073312875
1865	2628681.416	1104537.466	2768.886	2628681.47	1104537.497	2768.874	0.0634113554331224	0.0090587650618746
1866	2628679.193	1104534.414	2770.461	2628679.345	1104534.482	2770.427	0.1699529348592424	0.0242789906941774
1867	2628673.178	1104530.733	2773.574	2628673.224	1104530.773	2773.563	0.0619435227542392	0.008849074679177
1868	2628667.242	1104528.405	2776.875	2628667.242	1104528.405	2776.875	0.0	0.0
1869	2628667.242	1104528.405	2776.875	2628667.242	1104528.405	2776.875	0.0	0.0
1870	2628667.242	1104528.405	2776.875	2628667.242	1104528.405	2776.875	0.0	0.0
1900	2628714.232	1104587.033	2745.315	2628714.271	1104586.97	2745.328	0.0752263254237938	0.0107466179176848
1901	2628705.886	1104577.207	2750.568	2628705.955	1104577.332	2750.521	0.1503163331727781	0.0214737618818254
1902	2628702.325	1104571.107	2752.973	2628702.371	1104571.147	2752.974	0.0609672040392639	0.0087096005770377
1903	2628698.65	1104565.265	2755.549	2628698.735	1104565.372	2755.514	0.1410638153815487	0.0201519736259355
1904	2628694.88	1104559.697	2758.087	2628694.88	1104559.697	2758.087	0.0	0.0
1905	2628692.471	1104555.281	2759.73	2628692.546	1104555.362	2759.707	0.1127608089224766	0.0161086869889252
1906	2628690.742	1104551.521	2761.054	2628690.742	1104551.521	2761.054	0.0	0.0
1907	2628687.366	1104547.237	2763.198	2628687.366	1104547.237	2763.198	0.0	0.0
1909	2628680.909	1104539.574	2767.284	2628680.968	1104539.544	2767.309	0.0707530917270262	0.0101075845324323
1910	2628679.203	1104536.662	2768.537	2628679.039	1104536.568	2768.62	0.2064485410917458	0.0294926487273922
1911	2628659.79	1104528.978	2779.04	2628658.927	1104528.713	2779.492	1.009602892114455	0.1442289845877793
1912	2628664.357	1104528.916	2776.961	2628664.357	1104528.916	2776.961	0.0	0.0
1913	2628667.242	1104528.405	2776.875	2628667.242	1104528.405	2776.875	0.0	0.0
1914	2628667.242	1104528.405	2776.875	2628667.242	1104528.405	2776.875	0.0	0.0
1915	2628667.242	1104528.405	2776.875	2628667.242	1104528.405	2776.875	0.0	0.0
1916	2628667.242	1104528.405	2776.875	2628667.242	1104528.405	2776.875	0.0	0.0
1944	2628712.981	1104590.623	2742.608	2628712.981	1104590.623	2742.608	0.0	0.0
1945	2628704.4	1104579.832	2748.43	2628704.501	1104579.92	2748.431	0.1339626815570536	0.0191375259367219
1946	2628702.015	1104574.417	2750.388	2628702.031	1104574.511	2750.327	0.1131945228453346	0.016170646120762
1947	2628699.411	1104569.199	2752.356	2628699.411	1104569.199	2752.356	0.0	0.0
1948	2628695.756	1104563.441	2755.103	2628695.706	1104563.349	2755.151	0.1151868050638604	0.0164552578662657
1949	2628692.842	1104558.537	2757.141	2628692.842	1104558.537	2757.141	0.0	0.0
1950	2628690.374	1104554.168	2758.918	2628690.374	1104554.168	2758.918	0.0	0.0
1951	2628686.822	1104549.634	2761.291	2628686.894	1104549.681	2761.329	0.0940053187747298	0.0134293312535328
1952	2628682.998	1104545.559	2763.649	2628683.006	1104545.663	2763.601	0.1148216007947461	0.0164030858278208
1954	2628678.751	1104538.801	2766.899	2628678.797	1104538.841	2766.9	0.0609672040392639	0.0087096005770377
1955	2628675.763	1104535.633	2768.868	2628675.304	1104535.429	2769.13	0.5665165485481792	0.0809309355068827
1956	2628670.439	1104532.071	2772.051	2628672.808	1104532.689	2770.752	2.7715493865309098	0.3959356266472728
1957	2628672.676	1104532.203	2771.103	2628672.332	1104532.243	2771.074	0.3475298548774954	0.0496471221253564
1958	2628664.326	1104528.728	2777.119	2628664.326	1104528.728	2777.119	0.0	0.0
1959	2628667.242	1104528.405	2776.875	2628667.242	1104528.405	2776.875	0.0	0.0
1960	2628667.242	1104528.405	2776.875	2628667.242	1104528.405	2776.875	0.0	0.0
1961	2628667.242	1104528.405	2776.875	2628667.242	1104528.405	2776.875	0.0	0.0
1962	2628667.242	1104528.405	2776.875	2628667.242	1104528.405	2776.875	0.0	0.0
1988	2628710.895	1104593.148	2740.803	2628710.725	1104592.917	2740.752	0.2913108306290435	0.0416158329470062
1989	2628710.647	1104588.765	2741.546	2628710.653	1104588.851	2741.558	0.0870402207167206	0.0124343172452458
1990	2628700.701	1104577.064	2748.459	2628700.714	1104577.011	2748.496	0.0659317830389357	0.0094188261484193
1991	2628698.59	1104572.195	2750.178	2628698.712	1104572.334	2750.168	0.1852160899714487	0.0264594414244926
1992	2628696.752	1104567.516	2751.864	2628696.83	1104567.649	2751.841	0.1558909875853646	0.0222701410836235
1993	2628692.935	1104561.812	2754.683	2628692.935	1104561.812	2754.683	0.0	0.0
1994	2628690.585	1104557.157	2756.534	2628690.596	1104557.069	2756.619	0.1228413610992972	0.0175487658713281
1995	2628687.145	1104552.641	2759.079	2628687.145	1104552.641	2759.079	0.0	0.0
1996	2628682.851	1104547.722	2762.016	2628682.929	1104547.725	2762.041	0.0819634066720404	0.0117090580960057
1998	2628678.739	1104541.162	2765.207	2628678.837	1104541.312	2765.123	0.1978888575085326	0.0282698367869332
2000	2628672.729	1104534.604	2769.241	2628672.675	1104534.573	2769.252	0.0632297398212341	0.009032819974462
2001	2628671.251	1104532.655	2770.45	2628671.251	1104532.655	2770.45	0.0	0.0
2002	2628671.251	1104532.655	2770.45	2628671.251	1104532.655	2770.45	0.0	0.0
2003	2628664.326	1104528.728	2777.119	2628664.326	1104528.728	2777.119	0.0	0.0
2004	2628664.326	1104528.728	2777.119	2628664.326	1104528.728	2777.119	0.0	0.0
2005	2628667.242	1104528.405	2776.875	2628667.242	1104528.405	2776.875	0.0	0.0
2006	2628667.242	1104528.405	2776.875	2628667.242	1104528.405	2776.875	0.0	0.0
2007	2628667.242	1104528.405	2776.875	2628667.242	1104528.405	2776.875	0.0	0.0
2008	2628667.242	1104528.405	2776.875	2628667.242	1104528.405	2776.875	0.0	0.0
2009	2628667.242	1104528.405	2776.875	2628667.242	1104528.405	2776.875	0.0	0.0
