ID	X_x	Y_x	Z_x	X_y	Y_y	Z_y	Distances	Velocity
32	2628831.139	1104494.383	2873.423	2628831.139	1104494.383	2873.423	0.0	0.0
33	2628829.388	1104492.677	2872.272	2628829.388	1104492.677	2872.272	0.0	0.0
34	2628819.183	1104484.722	2865.481	2628819.183	1104484.722	2865.481	0.0	0.0
35	2628797.404	1104479.672	2860.93	2628797.404	1104479.672	2860.93	0.0	0.0
36	2628793.656	1104477.603	2860.338	2628793.656	1104477.603	2860.338	0.0	0.0
37	2628778.729	1104477.969	2857.809	2628778.729	1104477.969	2857.809	0.0	0.0
77	2628831.139	1104494.383	2873.423	2628831.139	1104494.383	2873.423	0.0	0.0
78	2628829.388	1104492.677	2872.272	2628829.388	1104492.677	2872.272	0.0	0.0
79	2628827.808	1104481.184	2867.149	2628827.505	1104480.952	2867.328	0.4215139382185955	0.0602162768883707
80	2628797.404	1104479.672	2860.93	2628797.404	1104479.672	2860.93	0.0	0.0
108	2628948.442	1104647.991	2848.028	2628948.442	1104647.991	2848.028	0.0	0.0
123	2628829.388	1104492.677	2872.272	2628829.388	1104492.677	2872.272	0.0	0.0
124	2628829.388	1104492.677	2872.272	2628829.388	1104492.677	2872.272	0.0	0.0
125	2628797.404	1104479.672	2860.93	2628797.404	1104479.672	2860.93	0.0	0.0
126	2628793.808	1104477.784	2860.242	2628793.808	1104477.784	2860.242	0.0	0.0
127	2628771.838	1104477.648	2857.498	2628771.838	1104477.648	2857.498	0.0	0.0
153	2628927.105	1104643.475	2843.472	2628927.105	1104643.475	2843.472	0.0	0.0
154	2628945.379	1104631.561	2851.988	2628945.379	1104631.561	2851.988	0.0	0.0
167	2628831.139	1104494.383	2873.423	2628831.139	1104494.383	2873.423	0.0	0.0
168	2628829.388	1104492.677	2872.272	2628829.388	1104492.677	2872.272	0.0	0.0
169	2628828.004	1104481.241	2867.042	2628828.004	1104481.241	2867.042	0.0	0.0
170	2628797.404	1104479.672	2860.93	2628797.404	1104479.672	2860.93	0.0	0.0
171	2628793.396	1104477.456	2860.334	2628793.521	1104477.291	2860.506	0.2691356535509597	0.0384479505072799
198	2628920.175	1104638.0	2842.523	2628920.28	1104638.27	2842.537	0.2900362046471741	0.0414337435210248
199	2628947.137	1104636.746	2853.113	2628946.727	1104636.238	2852.764	0.7402465807225909	0.1057495115317986
200	2628945.756	1104620.98	2855.557	2628945.756	1104620.98	2855.557	0.0	0.0
213	2628829.388	1104492.677	2872.272	2628829.388	1104492.677	2872.272	0.0	0.0
214	2628819.165	1104484.576	2865.481	2628819.165	1104484.576	2865.481	0.0	0.0
215	2628797.404	1104479.672	2860.93	2628797.404	1104479.672	2860.93	0.0	0.0
216	2628797.053	1104478.796	2860.862	2628797.053	1104478.796	2860.862	0.0	0.0
217	2628771.838	1104477.648	2857.498	2628771.838	1104477.648	2857.498	0.0	0.0
243	2628948.442	1104647.991	2848.028	2628948.442	1104647.991	2848.028	0.0	0.0
244	2628947.137	1104636.746	2853.113	2628947.137	1104636.746	2853.113	0.0	0.0
245	2628945.756	1104620.98	2855.557	2628945.756	1104620.98	2855.557	0.0	0.0
258	2628829.388	1104492.677	2872.272	2628829.388	1104492.677	2872.272	0.0	0.0
259	2628829.388	1104492.677	2872.272	2628829.388	1104492.677	2872.272	0.0	0.0
260	2628797.404	1104479.672	2860.93	2628797.404	1104479.672	2860.93	0.0	0.0
266	2628759.815	1104466.529	2856.688	2628759.752	1104466.49	2856.638	0.0893868000245339	0.0127695428606477
288	2628948.442	1104647.991	2848.028	2628948.442	1104647.991	2848.028	0.0	0.0
289	2628947.137	1104636.746	2853.113	2628947.137	1104636.746	2853.113	0.0	0.0
290	2628945.756	1104620.98	2855.557	2628945.756	1104620.98	2855.557	0.0	0.0
303	2628829.388	1104492.677	2872.272	2628829.388	1104492.677	2872.272	0.0	0.0
304	2628819.165	1104484.576	2865.481	2628819.165	1104484.576	2865.481	0.0	0.0
305	2628797.404	1104479.672	2860.93	2628797.404	1104479.672	2860.93	0.0	0.0
306	2628797.053	1104478.796	2860.862	2628797.053	1104478.796	2860.862	0.0	0.0
309	2628765.161	1104472.504	2856.126	2628765.161	1104472.504	2856.126	0.0	0.0
310	2628758.352	1104470.853	2853.405	2628758.352	1104470.853	2853.405	0.0	0.0
333	2628948.442	1104647.991	2848.028	2628948.442	1104647.991	2848.028	0.0	0.0
334	2628947.137	1104636.746	2853.113	2628947.137	1104636.746	2853.113	0.0	0.0
335	2628945.756	1104620.98	2855.557	2628945.756	1104620.98	2855.557	0.0	0.0
336	2628962.195	1104607.439	2869.093	2628962.195	1104607.439	2869.093	0.0	0.0
347	2628831.139	1104494.383	2873.423	2628831.139	1104494.383	2873.423	0.0	0.0
348	2628829.388	1104492.677	2872.272	2628829.388	1104492.677	2872.272	0.0	0.0
349	2628819.256	1104484.916	2865.519	2628819.256	1104484.916	2865.519	0.0	0.0
350	2628797.404	1104479.672	2860.93	2628797.404	1104479.672	2860.93	0.0	0.0
351	2628792.002	1104479.129	2858.866	2628792.002	1104479.129	2858.866	0.0	0.0
352	2628790.786	1104473.931	2863.284	2628790.786	1104473.931	2863.284	0.0	0.0
353	2628768.648	1104475.966	2854.617	2628768.568	1104475.634	2854.371	0.420880030376729	0.060125718625247
354	2628760.886	1104473.896	2851.113	2628760.675	1104473.953	2850.963	0.2650848921699212	0.0378692703099887
378	2628948.442	1104647.991	2848.028	2628948.442	1104647.991	2848.028	0.0	0.0
379	2628947.137	1104636.746	2853.113	2628947.137	1104636.746	2853.113	0.0	0.0
380	2628945.756	1104620.98	2855.557	2628945.756	1104620.98	2855.557	0.0	0.0
381	2628962.195	1104607.439	2869.093	2628962.195	1104607.439	2869.093	0.0	0.0
392	2628831.139	1104494.383	2873.423	2628831.139	1104494.383	2873.423	0.0	0.0
393	2628846.556	1104487.749	2876.895	2628846.556	1104487.749	2876.895	0.0	0.0
394	2628819.256	1104484.916	2865.519	2628819.256	1104484.916	2865.519	0.0	0.0
395	2628795.067	1104481.488	2858.851	2628795.067	1104481.488	2858.851	0.0	0.0
396	2628792.005	1104478.921	2858.927	2628792.005	1104478.921	2858.927	0.0	0.0
397	2628775.368	1104478.353	2853.905	2628775.369	1104478.258	2854.002	0.1357755500632249	0.0193965071518892
398	2628759.144	1104478.525	2847.583	2628759.144	1104478.525	2847.583	0.0	0.0
399	2628747.771	1104478.057	2843.046	2628747.935	1104478.072	2843.134	0.1867217179532582	0.0266745311361797
423	2628920.966	1104638.032	2843.107	2628948.442	1104647.991	2848.028	29.636607396751156	4.233801056678736
424	2628947.137	1104636.746	2853.113	2628947.137	1104636.746	2853.113	0.0	0.0
425	2628943.47	1104621.771	2853.648	2628943.47	1104621.771	2853.648	0.0	0.0
426	2628962.195	1104607.439	2869.093	2628962.195	1104607.439	2869.093	0.0	0.0
427	2628960.527	1104599.45	2870.784	2628960.527	1104599.45	2870.784	0.0	0.0
437	2628815.357	1104497.758	2866.102	2628815.357	1104497.758	2866.102	0.0	0.0
438	2628838.981	1104488.376	2873.461	2628839.186	1104488.379	2873.672	0.2942023113960955	0.0420289016280136
439	2628819.256	1104484.916	2865.519	2628819.256	1104484.916	2865.519	0.0	0.0
440	2628826.047	1104477.947	2868.254	2628826.047	1104477.947	2868.254	0.0	0.0
441	2628780.46	1104481.839	2852.209	2628780.634	1104481.862	2852.273	0.1868180934553286	0.0266882990650469
442	2628766.058	1104480.969	2846.91	2628765.957	1104480.993	2846.787	0.1609534095655399	0.0229933442236485
443	2628753.372	1104480.31	2842.514	2628753.372	1104480.31	2842.514	0.0	0.0
444	2628726.717	1104484.767	2833.331	2628733.594	1104482.641	2835.565	7.53682698473375	1.0766895692476786
468	2628948.442	1104647.991	2848.028	2628948.442	1104647.991	2848.028	0.0	0.0
469	2628946.727	1104636.238	2852.764	2628946.727	1104636.238	2852.764	0.0	0.0
470	2628945.756	1104620.98	2855.557	2628945.756	1104620.98	2855.557	0.0	0.0
471	2628962.195	1104607.439	2869.093	2628962.195	1104607.439	2869.093	0.0	0.0
472	2628960.795	1104600.057	2870.582	2628960.795	1104600.057	2870.582	0.0	0.0
473	2628955.722	1104586.533	2873.485	2628955.722	1104586.533	2873.485	0.0	0.0
483	2628798.455	1104494.079	2854.885	2628798.448	1104494.089	2854.836	0.050497524724026	0.0072139321034322
484	2628784.566	1104490.645	2850.27	2628784.566	1104490.645	2850.27	0.0	0.0
485	2628777.898	1104487.365	2847.767	2628777.898	1104487.365	2847.767	0.0	0.0
486	2628766.954	1104484.961	2844.232	2628766.87	1104484.967	2844.072	0.1808092917047778	0.0258298988149682
487	2628755.399	1104483.508	2840.081	2628755.793	1104483.465	2840.16	0.4041361155240813	0.0577337307891544
488	2628738.418	1104484.437	2834.546	2628738.327	1104484.487	2834.435	0.1519934209343982	0.0217133458477711
489	2628723.123	1104486.134	2829.78	2628723.123	1104486.134	2829.78	0.0	0.0
513	2628948.442	1104647.991	2848.028	2628948.442	1104647.991	2848.028	0.0	0.0
514	2628946.727	1104636.238	2852.764	2628946.727	1104636.238	2852.764	0.0	0.0
515	2628945.756	1104620.98	2855.557	2628945.756	1104620.98	2855.557	0.0	0.0
516	2628962.195	1104607.439	2869.093	2628962.195	1104607.439	2869.093	0.0	0.0
517	2628960.795	1104600.057	2870.582	2628960.795	1104600.057	2870.582	0.0	0.0
518	2628955.722	1104586.533	2873.485	2628955.722	1104586.533	2873.485	0.0	0.0
523	2628868.504	1104524.995	2874.203	2628868.504	1104524.995	2874.203	0.0	0.0
527	2628794.711	1104499.996	2850.135	2628794.711	1104499.996	2850.135	0.0	0.0
528	2628785.269	1104495.89	2846.958	2628785.269	1104495.89	2846.958	0.0	0.0
529	2628776.377	1104492.396	2843.887	2628776.418	1104492.384	2843.985	0.1069065012681758	0.0152723573240251
530	2628770.962	1104488.987	2842.12	2628771.095	1104488.796	2842.281	0.2830035336412264	0.0404290762344609
531	2628757.324	1104487.12	2837.587	2628757.666	1104487.097	2837.774	0.3904638269088789	0.0557805467012684
532	2628737.288	1104488.391	2831.743	2628737.292	1104488.443	2831.707	0.0633719179787607	0.0090531311398229
533	2628718.271	1104490.329	2826.123	2628728.229	1104487.53	2828.946	10.722196323145338	1.5317423318779055
558	2628948.442	1104647.991	2848.028	2628948.442	1104647.991	2848.028	0.0	0.0
559	2628947.137	1104636.746	2853.113	2628947.137	1104636.746	2853.113	0.0	0.0
560	2628945.756	1104620.98	2855.557	2628945.756	1104620.98	2855.557	0.0	0.0
561	2628962.195	1104607.439	2869.093	2628962.195	1104607.439	2869.093	0.0	0.0
566	2628883.406	1104543.555	2873.324	2628883.119	1104543.74	2873.015	0.4605160149519359	0.0657880021359908
567	2628865.564	1104533.521	2868.09	2628865.564	1104533.521	2868.09	0.0	0.0
571	2628789.782	1104506.202	2844.674	2628789.735	1104506.241	2844.551	0.1373280743837334	0.0196182963405333
572	2628782.096	1104501.511	2842.019	2628782.266	1104501.499	2842.18	0.2344461558047012	0.0334923079721001
573	2628774.232	1104497.625	2839.767	2628774.232	1104497.625	2839.767	0.0	0.0
574	2628766.946	1104493.987	2837.621	2628766.946	1104493.987	2837.621	0.0	0.0
575	2628756.588	1104491.646	2834.657	2628756.049	1104491.691	2834.405	0.596699254128649	0.085242750589807
576	2628741.168	1104490.883	2830.298	2628741.168	1104490.883	2830.298	0.0	0.0
577	2628729.223	1104490.492	2826.902	2628729.223	1104490.492	2826.902	0.0	0.0
603	2628948.442	1104647.991	2848.028	2628921.356	1104638.439	2843.15	29.132232732488752	4.161747533212679
604	2628947.137	1104636.746	2853.113	2628947.137	1104636.746	2853.113	0.0	0.0
605	2628945.756	1104620.98	2855.557	2628945.756	1104620.98	2855.557	0.0	0.0
606	2628962.195	1104607.439	2869.093	2628962.195	1104607.439	2869.093	0.0	0.0
607	2628960.527	1104599.45	2870.784	2628960.527	1104599.45	2870.784	0.0	0.0
610	2628875.901	1104552.107	2864.915	2628875.402	1104551.812	2864.566	0.6766291453925617	0.0966613064846516
611	2628871.011	1104542.517	2863.2	2628870.459	1104542.26	2863.07	0.6226178604469815	0.088945408635283
615	2628789.124	1104511.792	2840.562	2628789.124	1104511.792	2840.562	0.0	0.0
616	2628779.175	1104507.017	2837.731	2628779.175	1104507.017	2837.731	0.0	0.0
617	2628770.124	1104502.77	2835.059	2628770.124	1104502.77	2835.059	0.0	0.0
618	2628765.5	1104498.727	2833.815	2628765.153	1104498.698	2833.749	0.3544093678765898	0.0506299096966556
619	2628753.151	1104496.164	2830.445	2628753.017	1104496.095	2830.418	0.1531208674200728	0.0218744096314389
620	2628741.183	1104494.543	2827.815	2628741.183	1104494.543	2827.815	0.0	0.0
621	2628731.721	1104493.102	2825.158	2628731.721	1104493.102	2825.158	0.0	0.0
622	2628711.366	1104495.109	2820.278	2628711.366	1104495.109	2820.278	0.0	0.0
648	2628948.442	1104647.991	2848.028	2628948.442	1104647.991	2848.028	0.0	0.0
649	2628946.727	1104636.238	2852.764	2628946.727	1104636.238	2852.764	0.0	0.0
650	2628945.756	1104620.98	2855.557	2628945.756	1104620.98	2855.557	0.0	0.0
651	2628962.195	1104607.439	2869.093	2628962.195	1104607.439	2869.093	0.0	0.0
652	2628960.795	1104600.057	2870.582	2628960.795	1104600.057	2870.582	0.0	0.0
653	2628955.722	1104586.533	2873.485	2628955.722	1104586.533	2873.485	0.0	0.0
656	2628858.216	1104541.471	2853.205	2628858.216	1104541.471	2853.205	0.0	0.0
660	2628777.472	1104512.407	2833.715	2628777.472	1104512.407	2833.715	0.0	0.0
661	2628768.571	1104507.629	2831.472	2628768.571	1104507.629	2831.472	0.0	0.0
662	2628763.898	1104503.364	2830.177	2628763.898	1104503.364	2830.177	0.0	0.0
663	2628753.42	1104500.45	2827.612	2628753.42	1104500.45	2827.612	0.0	0.0
664	2628741.061	1104498.354	2824.659	2628741.061	1104498.354	2824.659	0.0	0.0
665	2628732.189	1104496.283	2822.704	2628732.267	1104496.286	2822.718	0.0793032157814074	0.0113290308259153
666	2628719.708	1104496.029	2819.864	2628719.708	1104496.029	2819.864	0.0	0.0
667	2628703.683	1104497.034	2816.456	2628703.606	1104497.031	2816.393	0.0995339138566716	0.014219130550953
693	2628948.442	1104647.991	2848.028	2628948.442	1104647.991	2848.028	0.0	0.0
694	2628946.727	1104636.238	2852.764	2628946.727	1104636.238	2852.764	0.0	0.0
695	2628945.756	1104620.98	2855.557	2628945.756	1104620.98	2855.557	0.0	0.0
696	2628962.195	1104607.439	2869.093	2628962.195	1104607.439	2869.093	0.0	0.0
697	2628960.696	1104600.861	2870.277	2628960.372	1104600.493	2870.052	0.5394673298975399	0.0770667614139342
698	2628880.627	1104572.516	2852.507	2628880.627	1104572.516	2852.507	0.0	0.0
704	2628778.826	1104517.635	2830.142	2628778.504	1104517.709	2829.979	0.3684141688461323	0.0526305955494474
705	2628769.154	1104512.623	2828.059	2628769.154	1104512.623	2828.059	0.0	0.0
706	2628761.251	1104508.22	2826.196	2628761.251	1104508.22	2826.196	0.0	0.0
707	2628753.453	1104504.657	2824.508	2628752.74	1104504.696	2824.316	0.7394281574246057	0.1056325939178008
708	2628741.748	1104502.1	2822.234	2628741.748	1104502.1	2822.234	0.0	0.0
709	2628732.893	1104499.915	2820.328	2628732.96	1104499.893	2820.415	0.1119910709790723	0.0159987244255817
710	2628725.32	1104497.783	2818.623	2628725.32	1104497.783	2818.623	0.0	0.0
711	2628701.016	1104500.051	2813.899	2628701.088	1104499.968	2813.925	0.1129114697501063	0.0161302099643009
712	2628701.191	1104497.702	2813.822	2628701.191	1104497.702	2813.822	0.0	0.0
738	2628948.442	1104647.991	2848.028	2628948.442	1104647.991	2848.028	0.0	0.0
739	2628946.727	1104636.238	2852.764	2628946.727	1104636.238	2852.764	0.0	0.0
740	2628945.756	1104620.98	2855.557	2628945.756	1104620.98	2855.557	0.0	0.0
741	2628950.714	1104610.976	2859.982	2628950.714	1104610.976	2859.982	0.0	0.0
742	2628880.502	1104581.349	2846.542	2628880.502	1104581.349	2846.542	0.0	0.0
748	2628781.842	1104523.09	2827.007	2628781.595	1104523.116	2826.833	0.3032507213160156	0.0433215316165736
749	2628768.48	1104517.503	2824.19	2628768.481	1104517.407	2824.299	0.1452515061072277	0.0207502151581753
750	2628760.121	1104512.964	2822.724	2628759.966	1104512.844	2822.734	0.1962778640280707	0.0280396948611529
751	2628751.151	1104509.072	2820.995	2628751.151	1104509.072	2820.995	0.0	0.0
752	2628742.367	1104505.816	2819.503	2628742.367	1104505.816	2819.503	0.0	0.0
753	2628732.817	1104503.071	2817.635	2628732.91	1104503.056	2817.734	0.1366565039089448	0.0195223577012778
754	2628728.18	1104500.431	2816.59	2628728.18	1104500.431	2816.59	0.0	0.0
755	2628701.364	1104502.483	2812.212	2628701.364	1104502.483	2812.212	0.0	0.0
783	2628948.442	1104647.991	2848.028	2628948.442	1104647.991	2848.028	0.0	0.0
784	2628946.055	1104635.362	2851.36	2628946.055	1104635.362	2851.36	0.0	0.0
785	2628935.839	1104618.481	2849.909	2628935.839	1104618.481	2849.909	0.0	0.0
786	2628873.27	1104588.842	2838.39	2628873.117	1104588.61	2838.351	0.2806314307180575	0.0400902043882939
793	2628769.529	1104522.404	2821.076	2628769.529	1104522.404	2821.076	0.0	0.0
794	2628759.087	1104517.58	2819.24	2628759.087	1104517.58	2819.24	0.0	0.0
795	2628751.683	1104513.375	2817.983	2628751.683	1104513.375	2817.983	0.0	0.0
796	2628741.732	1104509.86	2816.377	2628741.732	1104509.86	2816.377	0.0	0.0
797	2628734.574	1104506.651	2815.261	2628734.574	1104506.651	2815.261	0.0	0.0
798	2628729.766	1104503.57	2814.456	2628729.766	1104503.57	2814.456	0.0	0.0
799	2628724.074	1104501.225	2813.483	2628707.903	1104503.897	2811.177	16.55169057839716	2.3645272254853085
800	2628699.883	1104502.823	2810.006	2628699.883	1104502.823	2810.006	0.0	0.0
828	2628887.956	1104625.224	2834.563	2628888.508	1104625.419	2835.059	0.7672972045966298	0.1096138863709471
837	2628769.656	1104527.628	2817.328	2628769.421	1104527.454	2817.202	0.3183975502086097	0.0454853643155156
838	2628759.472	1104522.206	2815.873	2628759.472	1104522.206	2815.873	0.0	0.0
839	2628752.8	1104517.622	2814.991	2628752.8	1104517.622	2814.991	0.0	0.0
840	2628740.675	1104513.567	2813.392	2628740.146	1104513.542	2813.299	0.5376941506253924	0.0768134500893417
841	2628733.686	1104510.182	2812.338	2628733.881	1104510.273	2812.402	0.2245038973766693	0.0320719853395241
842	2628730.093	1104507.211	2811.88	2628730.026	1104507.137	2811.928	0.1107655178422854	0.0158236454060407
843	2628725.36	1104504.246	2811.187	2628725.36	1104504.246	2811.187	0.0	0.0
844	2628699.835	1104505.282	2808.24	2628699.835	1104505.282	2808.24	0.0	0.0
846	2628698.557	1104500.815	2807.821	2628698.557	1104500.815	2807.821	0.0	0.0
881	2628769.435	1104533.293	2813.21	2628769.02	1104533.269	2813.083	0.4346607873155176	0.062094398187931
882	2628761.265	1104527.172	2812.464	2628761.337	1104527.089	2812.489	0.1126854026602961	0.0160979146657565
883	2628752.814	1104521.909	2811.789	2628752.814	1104521.909	2811.789	0.0	0.0
884	2628738.914	1104517.695	2810.068	2628738.961	1104517.639	2810.118	0.088572004803106	0.0126531435433008
885	2628732.109	1104514.166	2809.42	2628732.026	1104514.077	2809.345	0.1429510405785176	0.0204215772255025
886	2628729.038	1104510.501	2809.223	2628729.093	1104510.55	2809.224	0.0736681748011669	0.0105240249715952
887	2628724.665	1104507.495	2808.632	2628724.551	1104507.46	2808.557	0.1408758319374249	0.0201251188482035
890	2628698.173	1104503.158	2806.05	2628698.173	1104503.158	2806.05	0.0	0.0
891	2628694.51	1104501.636	2805.668	2628694.51	1104501.636	2805.668	0.0	0.0
916	2628854.241	1104630.783	2817.383	2628854.241	1104630.783	2817.383	0.0	0.0
925	2628766.313	1104537.426	2809.38	2628766.313	1104537.426	2809.38	0.0	0.0
926	2628760.897	1104532.013	2808.867	2628760.897	1104532.013	2808.867	0.0	0.0
927	2628752.77	1104526.677	2808.172	2628752.77	1104526.677	2808.172	0.0	0.0
928	2628738.85	1104521.916	2807.171	2628738.85	1104521.916	2807.171	0.0	0.0
929	2628733.45	1104517.817	2806.771	2628733.45	1104517.817	2806.771	0.0	0.0
930	2628726.981	1104514.128	2806.114	2628726.981	1104514.128	2806.114	0.0	0.0
931	2628724.712	1104510.972	2806.076	2628724.561	1104511.034	2806.013	0.1749685682361156	0.0249955097480165
933	2628701.638	1104507.478	2804.531	2628701.638	1104507.478	2804.531	0.0	0.0
934	2628698.045	1104505.579	2804.21	2628698.045	1104505.579	2804.21	0.0	0.0
960	2628844.992	1104635.853	2810.151	2628844.85	1104635.76	2809.966	0.2510736943110488	0.0358676706158641
969	2628765.363	1104543.0	2805.045	2628764.827	1104542.855	2804.903	0.5731361093507783	0.0818765870501111
970	2628759.113	1104537.026	2805.155	2628759.273	1104537.215	2805.157	0.2476388500470233	0.0353769785781461
971	2628751.691	1104531.191	2804.944	2628751.691	1104531.191	2804.944	0.0	0.0
972	2628739.234	1104525.83	2804.29	2628739.378	1104525.812	2804.377	0.1692010637194349	0.0241715805313478
973	2628732.117	1104521.43	2803.88	2628732.29	1104521.453	2803.992	0.2073692358700246	0.0296241765528606
974	2628727.07	1104517.853	2803.608	2628727.07	1104517.853	2803.608	0.0	0.0
975	2628723.124	1104514.298	2803.376	2628723.124	1104514.298	2803.376	0.0	0.0
977	2628715.723	1104508.61	2802.958	2628704.616	1104509.711	2802.596	11.167304688527542	1.5953292412182205
1004	2628837.526	1104640.667	2803.04	2628837.759	1104641.179	2803.057	0.5627805967784226	0.0803972281112032
1014	2628758.241	1104541.555	2801.416	2628758.192	1104541.463	2801.415	0.1042401074509172	0.0148914439215596
1015	2628751.913	1104535.673	2801.403	2628751.913	1104535.673	2801.403	0.0	0.0
1016	2628736.815	1104529.628	2801.263	2628736.775	1104529.527	2801.201	0.1250799744477864	0.0178685677782552
1017	2628732.445	1104525.46	2801.158	2628732.445	1104525.46	2801.158	0.0	0.0
1018	2628726.08	1104521.054	2800.83	2628726.179	1104521.107	2800.868	0.11854956766554	0.0169356525236485
1019	2628721.801	1104517.598	2800.765	2628721.832	1104517.657	2800.68	0.1080138879251996	0.0154305554178856
1021	2628714.518	1104511.659	2800.617	2628714.518	1104511.659	2800.617	0.0	0.0
1048	2628830.293	1104646.536	2796.68	2628830.101	1104646.35	2796.518	0.3125763908223308	0.0446537701174758
1058	2628757.883	1104546.551	2797.845	2628757.779	1104546.654	2797.722	0.1911910039371328	0.0273130005624475
1059	2628753.195	1104540.906	2798.037	2628753.13	1104540.72	2798.085	0.2027929978769172	0.028970428268131
1060	2628731.104	1104532.865	2798.239	2628731.104	1104532.865	2798.239	0.0	0.0
1061	2628730.405	1104528.973	2798.208	2628730.405	1104528.973	2798.208	0.0	0.0
1062	2628726.789	1104524.963	2798.198	2628726.789	1104524.963	2798.198	0.0	0.0
1063	2628723.181	1104521.09	2798.3	2628723.181	1104521.09	2798.3	0.0	0.0
1064	2628718.561	1104517.839	2798.194	2628718.561	1104517.839	2798.194	0.0	0.0
1065	2628707.633	1104514.945	2798.287	2628707.56	1104515.011	2798.262	0.10153816997977	0.0145054528542528
1066	2628706.226	1104512.155	2798.42	2628706.086	1104512.13	2798.382	0.1472039398695172	0.0210291342670738
1102	2628756.59	1104551.67	2794.212	2628756.598	1104551.774	2794.164	0.1148216008271903	0.0164030858324557
1103	2628750.842	1104544.641	2794.35	2628750.915	1104544.593	2794.425	0.1151433887582081	0.0164490555368868
1104	2628743.886	1104538.929	2794.831	2628743.886	1104538.929	2794.831	0.0	0.0
1105	2628728.284	1104532.578	2795.257	2628728.33	1104532.618	2795.27	0.0623297682588632	0.008904252608409
1106	2628725.543	1104528.638	2795.601	2628725.509	1104528.641	2795.552	0.0597159945001424	0.0085308563571632
1107	2628722.197	1104524.67	2795.706	2628722.197	1104524.67	2795.706	0.0	0.0
1108	2628718.729	1104521.1	2795.822	2628718.729	1104521.1	2795.822	0.0	0.0
1111	2628704.472	1104512.435	2796.272	2628704.526	1104512.483	2796.322	0.0878635305218915	0.0125519329316987
1147	2628747.98	1104549.43	2791.161	2628747.887	1104549.315	2791.111	0.1561217472840037	0.0223031067548576
1148	2628728.578	1104540.246	2792.495	2628728.763	1104540.312	2792.547	0.2031871054765076	0.0290267293537868
1149	2628727.848	1104536.329	2792.683	2628727.848	1104536.329	2792.683	0.0	0.0
1150	2628724.288	1104532.029	2792.894	2628724.236	1104532.015	2792.856	0.065909028366902	0.009415575480986
1151	2628721.246	1104528.084	2793.026	2628720.184	1104528.016	2793.086	1.0658649069285775	0.152266415275511
1152	2628717.764	1104524.47	2793.35	2628717.764	1104524.47	2793.35	0.0	0.0
1153	2628711.062	1104520.975	2793.68	2628711.062	1104520.975	2793.68	0.0	0.0
1154	2628708.496	1104517.951	2793.822	2628708.466	1104517.892	2793.858	0.0753458689973298	0.0107636955710471
1155	2628704.669	1104515.268	2794.229	2628704.669	1104515.268	2794.229	0.0	0.0
1180	2628807.77	1104657.842	2780.225	2628807.77	1104657.842	2780.225	0.0	0.0
1191	2628746.798	1104553.884	2787.602	2628747.765	1104554.097	2787.542	0.9919969759737468	0.1417138537105352
1192	2628744.152	1104548.275	2788.077	2628744.152	1104548.275	2788.077	0.0	0.0
1193	2628725.277	1104539.687	2789.811	2628725.277	1104539.687	2789.811	0.0	0.0
1194	2628722.737	1104535.551	2790.329	2628722.85	1104535.587	2790.416	0.1470850093727815	0.0210121441961116
1195	2628719.697	1104531.398	2790.559	2628719.652	1104531.358	2790.509	0.0782623794565589	0.0111803399223655
1196	2628715.783	1104527.519	2790.803	2628715.924	1104527.561	2790.866	0.1600437442531131	0.022863392036159
1197	2628712.188	1104524.034	2791.26	2628712.188	1104524.034	2791.26	0.0	0.0
1198	2628708.982	1104520.921	2791.588	2628708.976	1104520.965	2791.551	0.0578013840678014	0.0082573405811144
1199	2628704.741	1104518.007	2791.952	2628704.741	1104518.007	2791.952	0.0	0.0
1224	2628801.874	1104662.023	2775.674	2628801.819	1104662.105	2775.662	0.0994635609499048	0.0142090801357006
1225	2628803.06	1104654.181	2775.595	2628802.971	1104654.282	2775.607	0.1351517664888283	0.0193073952126897
1235	2628746.668	1104558.544	2784.02	2628746.629	1104558.591	2783.958	0.0870287308423711	0.0124326758346244
1236	2628741.711	1104552.361	2784.855	2628741.711	1104552.361	2784.855	0.0	0.0
1237	2628724.538	1104543.399	2787.013	2628724.538	1104543.399	2787.013	0.0	0.0
1238	2628720.391	1104538.685	2787.63	2628720.391	1104538.685	2787.63	0.0	0.0
1239	2628717.907	1104534.598	2788.076	2628717.907	1104534.598	2788.076	0.0	0.0
1240	2628715.333	1104530.951	2788.338	2628715.427	1104530.936	2788.388	0.1075220907748879	0.0153602986821268
1241	2628711.473	1104527.024	2788.9	2628711.473	1104527.024	2788.9	0.0	0.0
1242	2628708.097	1104523.844	2789.311	2628708.097	1104523.844	2789.311	0.0	0.0
1243	2628704.952	1104520.866	2789.666	2628704.952	1104520.866	2789.666	0.0	0.0
1244	2628700.401	1104518.024	2790.27	2628700.201	1104517.994	2790.219	0.2085689336314858	0.0297955619473551
1268	2628795.33	1104664.889	2770.892	2628795.33	1104664.889	2770.892	0.0	0.0
1269	2628795.705	1104656.834	2770.191	2628795.677	1104656.94	2770.215	0.1122319026734463	0.0160331289533494
1270	2628797.855	1104650.26	2770.372	2628798.038	1104650.533	2770.327	0.3317272977842997	0.0473896139691856
1279	2628746.194	1104563.211	2780.385	2628746.194	1104563.211	2780.385	0.0	0.0
1280	2628726.372	1104551.858	2783.638	2628726.377	1104551.814	2783.687	0.0660454388916338	0.0094350626988048
1281	2628722.741	1104546.868	2784.396	2628722.547	1104546.795	2784.357	0.2109170454595288	0.0301310064942184
1282	2628719.258	1104542.102	2784.985	2628719.258	1104542.102	2784.985	0.0	0.0
1283	2628716.141	1104537.884	2785.532	2628716.141	1104537.884	2785.532	0.0	0.0
1284	2628713.941	1104534.046	2785.969	2628713.941	1104534.046	2785.969	0.0	0.0
1285	2628711.116	1104530.423	2786.424	2628711.178	1104530.462	2786.461	0.0820609529441649	0.0117229932777378
1286	2628707.469	1104526.654	2787.307	2628707.322	1104526.638	2787.28	0.1503130066457897	0.0214732866636842
1287	2628704.359	1104523.674	2787.6	2628704.359	1104523.674	2787.6	0.0	0.0
1288	2628700.418	1104520.635	2788.274	2628700.418	1104520.635	2788.274	0.0	0.0
1289	2628671.83	1104518.092	2792.292	2628671.83	1104518.092	2792.292	0.0	0.0
1290	2628691.032	1104515.79	2789.69	2628690.885	1104515.791	2789.712	0.1486405062616384	0.0212343580373769
1312	2628789.362	1104668.097	2766.204	2628789.362	1104668.097	2766.204	0.0	0.0
1313	2628789.301	1104660.251	2766.133	2628789.301	1104660.251	2766.133	0.0	0.0
1314	2628792.038	1104654.157	2766.274	2628792.038	1104654.157	2766.274	0.0	0.0
1315	2628790.946	1104645.07	2766.614	2628790.783	1104644.943	2766.502	0.2350361676024044	0.033576595371772
1323	2628742.136	1104566.891	2777.69	2628742.136	1104566.891	2777.69	0.0	0.0
1324	2628727.297	1104556.326	2780.498	2628727.297	1104556.326	2780.498	0.0	0.0
1325	2628720.776	1104550.141	2781.801	2628720.776	1104550.141	2781.801	0.0	0.0
1326	2628717.777	1104545.265	2782.518	2628717.815	1104545.314	2782.482	0.0717007672527174	0.0102429667503882
1327	2628715.436	1104541.125	2783.014	2628715.436	1104541.125	2783.014	0.0	0.0
1328	2628712.82	1104537.038	2783.568	2628712.79	1104537.092	2783.519	0.0788479548761494	0.0112639935537356
1329	2628710.317	1104533.471	2784.112	2628710.365	1104533.528	2784.064	0.0886397204613924	0.0126628172087703
1330	2628706.51	1104529.721	2784.871	2628706.557	1104529.779	2784.835	0.082879430779218	0.0118399186827454
1331	2628703.474	1104526.597	2785.385	2628703.47	1104526.545	2785.433	0.0708801806748213	0.010125740096403
1332	2628701.043	1104523.371	2786.077	2628701.043	1104523.371	2786.077	0.0	0.0
1333	2628697.327	1104520.56	2786.62	2628697.236	1104520.497	2786.643	0.1130442391855722	0.0161491770265103
1356	2628783.591	1104671.092	2761.92	2628783.554	1104671.19	2761.896	0.1074662737813893	0.0153523248259127
1357	2628784.446	1104663.496	2761.923	2628784.446	1104663.496	2761.923	0.0	0.0
1358	2628785.429	1104656.695	2762.186	2628785.429	1104656.695	2762.186	0.0	0.0
1368	2628734.443	1104563.435	2775.796	2628734.443	1104563.435	2775.796	0.0	0.0
1369	2628717.497	1104552.625	2779.675	2628717.497	1104552.625	2779.675	0.0	0.0
1370	2628717.427	1104549.106	2779.763	2628717.427	1104549.106	2779.763	0.0	0.0
1371	2628713.89	1104544.361	2780.559	2628713.89	1104544.361	2780.559	0.0	0.0
1372	2628712.124	1104540.286	2781.124	2628712.124	1104540.286	2781.124	0.0	0.0
1373	2628709.699	1104536.627	2781.864	2628709.699	1104536.627	2781.864	0.0	0.0
1374	2628705.866	1104532.482	2782.536	2628705.866	1104532.482	2782.536	0.0	0.0
1375	2628702.674	1104529.142	2783.328	2628702.725	1104529.138	2783.378	0.0715332090528279	0.0102190298646897
1376	2628699.863	1104526.02	2783.821	2628699.806	1104526.067	2783.771	0.0892076230223413	0.0127439461460487
1377	2628697.666	1104523.306	2784.542	2628697.717	1104523.303	2784.592	0.0714842639879209	0.0102120377125601
1379	2628670.482	1104518.19	2789.916	2628685.589	1104518.177	2787.047	15.377021135751354	2.1967173051073363
1400	2628778.099	1104673.668	2758.006	2628778.054	1104673.775	2757.994	0.116696186569248	0.0166708837956068
1401	2628778.142	1104666.109	2758.121	2628778.142	1104666.109	2758.121	0.0	0.0
1402	2628778.812	1104658.532	2758.463	2628778.912	1104658.62	2758.563	0.1665653026822198	0.0237950432403171
1412	2628734.19	1104567.618	2772.639	2628734.19	1104567.618	2772.639	0.0	0.0
1413	2628718.08	1104556.648	2776.614	2628718.08	1104556.648	2776.614	0.0	0.0
1414	2628715.167	1104551.896	2777.382	2628715.167	1104551.896	2777.382	0.0	0.0
1415	2628712.234	1104547.257	2778.248	2628712.212	1104547.336	2778.321	0.1097907099945069	0.0156843871420724
1416	2628710.174	1104543.349	2778.907	2628710.174	1104543.349	2778.907	0.0	0.0
1417	2628707.908	1104539.291	2779.392	2628707.908	1104539.291	2779.392	0.0	0.0
1418	2628706.032	1104535.612	2780.347	2628706.019	1104535.665	2780.323	0.0596154343663646	0.0085164906237663
1419	2628702.104	1104531.853	2781.043	2628702.007	1104531.817	2781.005	0.1102225018391172	0.0157460716913024
1420	2628699.011	1104528.731	2781.947	2628699.152	1104528.774	2781.974	0.1498632708742348	0.0214090386963192
1421	2628697.206	1104525.889	2782.429	2628697.214	1104525.993	2782.393	0.1103449138680369	0.0157635591240052
1422	2628692.125	1104522.767	2783.821	2628692.125	1104522.767	2783.821	0.0	0.0
1423	2628685.516	1104520.517	2785.268	2628685.516	1104520.517	2785.268	0.0	0.0
1424	2628681.576	1104518.116	2786.481	2628681.576	1104518.116	2786.481	0.0	0.0
1443	2628774.755	1104686.172	2753.353	2628774.792	1104686.221	2753.439	0.1056692953950679	0.0150956136278668
1444	2628774.682	1104677.831	2753.708	2628774.598	1104677.871	2753.732	0.0960832970353275	0.013726185290761
1445	2628774.742	1104670.434	2754.019	2628774.89	1104670.58	2754.046	0.2096401680655118	0.0299485954379302
1446	2628771.743	1104660.217	2754.807	2628771.743	1104660.217	2754.807	0.0	0.0
1456	2628738.923	1104575.18	2768.09	2628738.882	1104575.339	2768.005	0.1848972687023228	0.0264138955289032
1457	2628717.374	1104560.34	2773.841	2628717.374	1104560.34	2773.841	0.0	0.0
1458	2628715.21	1104555.677	2774.668	2628715.21	1104555.677	2774.668	0.0	0.0
1459	2628711.527	1104550.498	2775.852	2628711.633	1104550.526	2775.854	0.109654001477757	0.0156648573539652
1460	2628708.705	1104546.216	2776.684	2628708.718	1104546.276	2776.672	0.0625539767047321	0.0089362823863903
1461	2628707.088	1104542.305	2777.238	2628707.185	1104542.341	2777.289	0.1153516363941786	0.0164788051991683
1462	2628705.105	1104538.547	2778.07	2628705.202	1104538.583	2778.12	0.1149130106591424	0.0164161443798774
1463	2628701.756	1104534.81	2778.92	2628701.836	1104534.848	2778.934	0.0896660471278621	0.0128094353039803
1464	2628698.752	1104531.457	2779.837	2628698.411	1104531.419	2779.857	0.3436931771300872	0.0490990253042981
1465	2628696.819	1104528.423	2780.525	2628696.78	1104528.486	2780.5	0.0781984656932165	0.0111712093847452
1466	2628692.543	1104525.404	2781.732	2628692.668	1104525.465	2781.794	0.1522826319656863	0.0217546617093837
1467	2628685.31	1104522.223	2783.865	2628685.314	1104522.162	2783.901	0.0709436395754272	0.0101348056536324
1468	2628681.429	1104520.115	2784.663	2628681.506	1104520.101	2784.701	0.0870000000374717	0.0124285714339245
1487	2628773.449	1104693.099	2747.941	2628773.554	1104693.386	2748.041	0.3215493741287271	0.0459356248755324
1488	2628770.429	1104681.556	2749.618	2628770.402	1104681.695	2749.74	0.1869063936929783	0.0267009133847111
1489	2628771.223	1104674.232	2749.694	2628771.329	1104674.406	2749.769	0.2171105706574799	0.0310157958082114
1490	2628766.227	1104661.952	2751.734	2628766.227	1104661.952	2751.734	0.0	0.0
1500	2628736.92	1104578.787	2764.738	2628736.87	1104578.695	2764.761	0.1072054101780354	0.0153150585968622
1501	2628715.491	1104563.477	2771.503	2628715.491	1104563.477	2771.503	0.0	0.0
1502	2628713.59	1104558.571	2772.223	2628713.59	1104558.571	2772.223	0.0	0.0
1503	2628710.404	1104553.827	2773.354	2628710.404	1104553.827	2773.354	0.0	0.0
1504	2628706.522	1104548.67	2774.621	2628706.522	1104548.67	2774.621	0.0	0.0
1505	2628705.369	1104545.134	2775.354	2628705.369	1104545.134	2775.354	0.0	0.0
1506	2628703.821	1104541.461	2775.837	2628703.821	1104541.461	2775.837	0.0	0.0
1507	2628701.957	1104537.938	2776.695	2628701.957	1104537.938	2776.695	0.0	0.0
1508	2628698.384	1104534.492	2777.641	2628698.421	1104534.525	2777.629	0.0510098028718931	0.0072871146959847
1509	2628696.178	1104531.026	2778.495	2628696.178	1104531.026	2778.495	0.0	0.0
1510	2628693.074	1104527.913	2779.643	2628693.074	1104527.913	2779.643	0.0	0.0
1511	2628684.727	1104524.537	2781.932	2628684.876	1104524.57	2781.91	0.1541881969079665	0.0220268852725666
1512	2628681.491	1104521.925	2783.105	2628673.218	1104521.34	2785.317	8.583571401269756	1.2262244858956797
1531	2628768.833	1104695.842	2744.125	2628768.833	1104695.842	2744.125	0.0	0.0
1532	2628767.083	1104685.506	2745.406	2628767.137	1104685.701	2745.627	0.2996364462728543	0.0428052066104077
1533	2628766.995	1104677.788	2746.105	2628766.995	1104677.788	2746.105	0.0	0.0
1534	2628766.534	1104669.775	2746.712	2628766.646	1104669.906	2746.738	0.1743014631547385	0.0249002090221055
1545	2628730.978	1104575.715	2763.283	2628731.175	1104575.823	2763.31	0.2262785890915333	0.0323255127273619
1546	2628713.187	1104562.416	2769.564	2628713.117	1104562.291	2769.624	0.1553222455945191	0.0221888922277884
1547	2628709.758	1104557.073	2770.971	2628709.758	1104557.073	2770.971	0.0	0.0
1548	2628706.113	1104551.943	2772.205	2628706.02	1104551.846	2772.167	0.1396495613675306	0.0199499373382186
1549	2628703.848	1104547.874	2773.166	2628703.848	1104547.874	2773.166	0.0	0.0
1550	2628703.13	1104544.215	2773.746	2628703.13	1104544.215	2773.746	0.0	0.0
1551	2628701.027	1104540.855	2774.54	2628700.981	1104540.815	2774.552	0.0621288980134762	0.008875556859068
1552	2628698.265	1104537.113	2775.545	2628698.268	1104537.165	2775.508	0.0638905314964447	0.0091272187852063
1553	2628695.915	1104533.847	2776.446	2628695.975	1104533.834	2776.484	0.072201108077553	0.010314444011079
1554	2628692.433	1104530.369	2777.564	2628692.433	1104530.369	2777.564	0.0	0.0
1555	2628688.327	1104527.259	2779.189	2628688.513	1104527.325	2779.24	0.2038455294875421	0.0291207899267917
1557	2628667.244	1104521.016	2785.714	2628667.679	1104521.04	2785.622	0.4452695813184085	0.063609940188344
1575	2628764.13	1104698.236	2740.489	2628764.13	1104698.236	2740.489	0.0	0.0
1576	2628765.06	1104691.342	2741.045	2628765.198	1104691.61	2741.072	0.3026499628768729	0.0432357089824104
1577	2628763.11	1104681.157	2742.531	2628763.15	1104681.111	2742.52	0.0619435225813364	0.0088490746544766
1578	2628762.544	1104673.021	2743.198	2628762.544	1104673.021	2743.198	0.0	0.0
1579	2628761.917	1104664.625	2742.593	2628761.917	1104664.625	2742.593	0.0	0.0
1589	2628730.002	1104579.088	2760.359	2628729.979	1104579.003	2760.371	0.0888706925579376	0.0126958132225625
1590	2628713.441	1104566.314	2766.56	2628713.638	1104566.552	2766.538	0.3097369849242898	0.0442481407034699
1591	2628709.211	1104560.451	2768.358	2628709.211	1104560.451	2768.358	0.0	0.0
1592	2628705.309	1104555.198	2770.04	2628705.36	1104555.195	2770.078	0.063671029502258	0.0090958613574654
1593	2628703.711	1104550.982	2770.888	2628703.725	1104550.929	2770.925	0.0661362231064095	0.0094480318723442
1594	2628700.897	1104546.741	2771.952	2628700.897	1104546.741	2771.952	0.0	0.0
1595	2628699.683	1104543.167	2772.549	2628699.683	1104543.167	2772.549	0.0	0.0
1596	2628697.752	1104539.812	2773.468	2628697.815	1104539.851	2773.506	0.0832706431980001	0.0118958061711428
1597	2628695.251	1104536.252	2774.538	2628695.251	1104536.252	2774.538	0.0	0.0
1598	2628692.004	1104532.689	2775.744	2628692.004	1104532.689	2775.744	0.0	0.0
1599	2628687.876	1104529.416	2777.588	2628687.881	1104529.355	2777.612	0.0657419196349353	0.0093917028049907
1600	2628681.002	1104526.272	2779.664	2628681.599	1104526.371	2779.477	0.6333869276091679	0.0904838468013097
1620	2628761.376	1104694.691	2737.169	2628761.613	1104695.012	2737.173	0.3990313269286897	0.0570044752755271
1621	2628759.731	1104685.031	2738.477	2628759.72	1104685.118	2738.49	0.0886510011716378	0.0126644287388053
1622	2628758.158	1104675.159	2739.921	2628758.158	1104675.159	2739.921	0.0	0.0
1623	2628758.541	1104668.512	2739.798	2628758.541	1104668.512	2739.798	0.0	0.0
1634	2628715.128	1104571.218	2762.954	2628723.457	1104575.966	2759.788	10.096499442757851	1.4423570632511218
1635	2628709.292	1104563.632	2765.679	2628709.268	1104563.529	2765.691	0.1064377750812606	0.01520539644018
1636	2628705.398	1104558.63	2767.326	2628705.47	1104558.66	2767.339	0.079075913050317	0.0112965590071881
1637	2628702.752	1104553.953	2768.562	2628702.752	1104553.953	2768.562	0.0	0.0
1638	2628699.409	1104549.383	2770.045	2628699.409	1104549.383	2770.045	0.0	0.0
1639	2628699.117	1104546.077	2770.314	2628699.117	1104546.077	2770.314	0.0	0.0
1640	2628696.791	1104542.411	2771.373	2628696.791	1104542.411	2771.373	0.0	0.0
1641	2628694.431	1104538.78	2772.591	2628694.431	1104538.78	2772.591	0.0	0.0
1642	2628692.323	1104535.887	2773.472	2628692.323	1104535.887	2773.472	0.0	0.0
1644	2628685.721	1104529.45	2776.411	2628685.721	1104529.45	2776.411	0.0	0.0
1645	2628679.843	1104526.092	2778.647	2628679.889	1104526.133	2778.66	0.0629761860200094	0.0089965980028584
1665	2628754.424	1104685.669	2735.758	2628754.692	1104686.163	2735.69	0.5661130627204322	0.0808732946743474
1666	2628754.578	1104678.455	2736.413	2628754.578	1104678.455	2736.413	0.0	0.0
1667	2628753.807	1104670.175	2737.529	2628754.773	1104671.489	2737.129	1.6792117198445011	0.2398873885492144
1678	2628722.728	1104580.318	2756.785	2628722.88	1104580.499	2756.701	0.2508405867587905	0.03583436953697
1679	2628711.106	1104568.969	2761.881	2628711.106	1104568.969	2761.881	0.0	0.0
1680	2628705.452	1104562.159	2764.538	2628705.452	1104562.159	2764.538	0.0	0.0
1681	2628702.517	1104557.283	2766.356	2628702.576	1104557.271	2766.405	0.0776273147143021	0.0110896163877574
1682	2628699.459	1104552.505	2767.488	2628699.459	1104552.505	2767.488	0.0	0.0
1683	2628698.225	1104548.948	2768.306	2628698.225	1104548.948	2768.306	0.0	0.0
1684	2628696.52	1104545.206	2769.202	2628696.52	1104545.206	2769.202	0.0	0.0
1685	2628693.274	1104541.288	2770.53	2628693.182	1104541.224	2770.565	0.1174095397936662	0.0167727913990951
1686	2628691.524	1104538.11	2771.72	2628691.37	1104538.008	2771.742	0.186021504316644	0.0265745006166634
1687	2628686.707	1104533.912	2773.906	2628686.605	1104533.823	2773.966	0.1480709288706505	0.0211529898386643
1689	2628683.321	1104528.772	2775.803	2628683.434	1104528.79	2775.842	0.1208883781580919	0.0172697683082988
1690	2628670.263	1104524.72	2780.778	2628670.552	1104524.762	2780.684	0.3067914604531483	0.0438273514933069
1710	2628750.808	1104681.764	2732.975	2628750.808	1104681.764	2732.975	0.0	0.0
1711	2628750.849	1104673.77	2733.663	2628750.849	1104673.77	2733.663	0.0	0.0
1722	2628725.292	1104586.128	2752.288	2628725.241	1104586.019	2752.336	0.1295607964790993	0.0185086852112999
1723	2628715.666	1104575.662	2756.875	2628711.582	1104573.173	2758.684	5.113380291202467	0.7304828987432096
1724	2628707.319	1104566.782	2761.055	2628707.319	1104566.782	2761.055	0.0	0.0
1725	2628703.46	1104561.118	2763.262	2628703.46	1104561.118	2763.262	0.0	0.0
1726	2628699.895	1104555.903	2765.194	2628699.984	1104555.949	2765.256	0.1178176558729632	0.0168310936961376
1727	2628696.898	1104551.31	2766.559	2628696.898	1104551.31	2766.559	0.0	0.0
1728	2628695.891	1104547.886	2767.307	2628696.008	1104547.956	2767.357	0.1452205220662515	0.0207457888666073
1729	2628693.872	1104544.277	2768.383	2628693.872	1104544.277	2768.383	0.0	0.0
1730	2628691.016	1104540.539	2769.936	2628691.082	1104540.63	2769.925	0.1129513168342739	0.0161359024048962
1731	2628688.582	1104537.398	2771.289	2628688.769	1104537.464	2771.23	0.2068961090810996	0.0295565870115856
1732	2628684.528	1104533.687	2773.217	2628684.679	1104533.737	2773.207	0.1593769118349226	0.0227681302621318
1733	2628682.008	1104530.579	2774.141	2628682.008	1104530.579	2774.141	0.0	0.0
1755	2628747.51	1104677.333	2730.928	2628747.632	1104677.038	2731.357	0.5347429290797076	0.0763918470113868
1767	2628719.596	1104582.1	2752.386	2628719.705	1104582.179	2752.388	0.1346328341201756	0.0192332620171679
1768	2628708.001	1104570.956	2757.764	2628708.001	1104570.956	2757.764	0.0	0.0
1769	2628704.316	1104565.184	2760.095	2628704.316	1104565.184	2760.095	0.0	0.0
1770	2628699.977	1104559.197	2762.405	2628699.977	1104559.197	2762.405	0.0	0.0
1771	2628696.962	1104554.543	2764.174	2628697.052	1104554.606	2764.2	0.1128937555313776	0.0161276793616253
1772	2628694.83	1104550.43	2765.369	2628694.904	1104550.512	2765.358	0.1110000001401146	0.0158571428771592
1773	2628692.91	1104546.762	2766.446	2628692.966	1104546.698	2766.52	0.1127297653091622	0.0161042521870231
1774	2628691.746	1104543.755	2767.388	2628691.844	1104543.791	2767.426	0.1111035555283327	0.0158719365040475
1775	2628689.015	1104540.129	2769.249	2628689.015	1104540.129	2769.249	0.0	0.0
1776	2628683.991	1104535.944	2771.445	2628683.991	1104535.944	2771.445	0.0	0.0
1779	2628669.618	1104526.944	2778.43	2628669.618	1104526.944	2778.43	0.0	0.0
1800	2628744.234	1104672.885	2728.49	2628744.254	1104672.935	2728.576	0.1014692071785473	0.0144956010255067
1811	2628717.641	1104585.33	2749.436	2628717.677	1104585.362	2749.498	0.0785111458041759	0.0112158779720251
1812	2628710.699	1104576.592	2753.464	2628710.729	1104576.538	2753.514	0.0794732658705244	0.0113533236957892
1813	2628704.576	1104568.892	2757.029	2628704.686	1104568.988	2757.056	0.1484755874046856	0.0212107982006693
1814	2628700.676	1104563.03	2759.443	2628700.567	1104562.838	2759.551	0.2457824242136062	0.035111774887658
1815	2628696.71	1104557.434	2761.612	2628696.71	1104557.434	2761.612	0.0	0.0
1816	2628695.078	1104553.677	2762.803	2628695.078	1104553.677	2762.803	0.0	0.0
1817	2628692.1	1104549.333	2764.634	2628692.1	1104549.333	2764.634	0.0	0.0
1818	2628690.649	1104546.024	2765.498	2628690.754	1104546.051	2765.536	0.1148825487016625	0.016411792671666
1819	2628688.266	1104542.281	2767.241	2628688.37	1104542.291	2767.254	0.1052853268935114	0.0150407609847873
1820	2628682.773	1104537.917	2770.004	2628682.773	1104537.917	2770.004	0.0	0.0
1822	2628661.354	1104527.925	2780.597	2628661.309	1104527.92	2780.645	0.0659848467034935	0.0094264066719276
1823	2628659.736	1104526.143	2781.426	2628659.799	1104526.182	2781.415	0.074906608644412	0.0107009440920588
1824	2628659.623	1104525.899	2781.559	2628659.706	1104525.858	2781.621	0.1114181310953824	0.0159168758707689
1825	2628669.618	1104526.944	2778.43	2628669.618	1104526.944	2778.43	0.0	0.0
1855	2628718.516	1104590.253	2745.82	2628718.649	1104590.418	2745.785	0.2147999071540527	0.0306857010220075
1856	2628713.389	1104582.35	2748.994	2628712.745	1104581.708	2749.326	0.9680516514128908	0.1382930930589843
1857	2628705.339	1104572.99	2753.849	2628705.264	1104572.908	2753.86	0.1116691542797421	0.0159527363256774
1858	2628701.593	1104566.971	2756.264	2628701.593	1104566.971	2756.264	0.0	0.0
1859	2628698.028	1104561.305	2758.524	2628697.944	1104561.215	2758.535	0.123600161566971	0.0176571659381387
1860	2628694.532	1104556.379	2760.64	2628694.532	1104556.379	2760.64	0.0	0.0
1861	2628693.116	1104552.634	2761.882	2628693.197	1104552.689	2761.945	0.1164259422614455	0.0166322774659207
1862	2628689.912	1104548.286	2763.82	2628689.966	1104548.334	2763.87	0.0878635305216327	0.0125519329316618
1866	2628679.752	1104534.61	2770.396	2628679.488	1104534.429	2770.49	0.3336060551278382	0.0476580078754054
1867	2628669.778	1104529.931	2775.312	2628669.778	1104529.931	2775.312	0.0	0.0
1868	2628667.242	1104528.405	2776.875	2628667.242	1104528.405	2776.875	0.0	0.0
1869	2628667.242	1104528.405	2776.875	2628667.242	1104528.405	2776.875	0.0	0.0
1870	2628667.242	1104528.405	2776.875	2628667.242	1104528.405	2776.875	0.0	0.0
1890	2628733.446	1104661.561	2725.496	2628733.327	1104661.587	2725.421	0.1430454472931901	0.0204350638990271
1900	2628714.329	1104586.827	2745.45	2628714.419	1104586.873	2745.452	0.1010940158654487	0.0144420022664926
1901	2628706.068	1104577.35	2750.571	2628705.983	1104577.243	2750.582	0.137094857708118	0.0195849796725882
1902	2628702.413	1104571.248	2752.938	2628702.447	1104571.246	2753.0	0.0707389567241611	0.0101055652463087
1903	2628698.838	1104565.477	2755.479	2628698.838	1104565.477	2755.479	0.0	0.0
1904	2628695.002	1104559.836	2758.077	2628694.963	1104559.77	2758.113	0.0846935651252133	0.0120990807321733
1905	2628692.459	1104555.238	2759.779	2628692.521	1104555.26	2759.816	0.0754784741006631	0.0107826391572375
1906	2628690.778	1104551.554	2761.091	2628690.824	1104551.594	2761.092	0.0609672043906072	0.0087096006272296
1907	2628686.548	1104546.865	2763.602	2628686.548	1104546.865	2763.602	0.0	0.0
1908	2628683.341	1104543.211	2765.248	2628683.289	1104543.215	2765.248	0.0521536193973368	0.0074505170567624
1909	2628680.901	1104539.453	2767.345	2628680.901	1104539.453	2767.345	0.0	0.0
1911	2628659.636	1104528.893	2779.123	2628659.529	1104528.848	2779.17	0.1252317849422181	0.0178902549917454
1912	2628664.357	1104528.916	2776.961	2628664.357	1104528.916	2776.961	0.0	0.0
1913	2628667.242	1104528.405	2776.875	2628667.242	1104528.405	2776.875	0.0	0.0
1914	2628667.242	1104528.405	2776.875	2628667.242	1104528.405	2776.875	0.0	0.0
1915	2628667.242	1104528.405	2776.875	2628667.242	1104528.405	2776.875	0.0	0.0
1916	2628667.242	1104528.405	2776.875	2628667.242	1104528.405	2776.875	0.0	0.0
1944	2628712.944	1104590.721	2742.608	2628712.944	1104590.721	2742.608	0.0	0.0
1945	2628708.535	1104582.847	2746.023	2628708.898	1104583.178	2745.76	0.5572243712616395	0.0796034816088056
1946	2628702.136	1104574.539	2750.365	2628702.176	1104574.606	2750.342	0.0813510908163366	0.0116215844023338
1947	2628699.396	1104569.251	2752.38	2628699.412	1104569.363	2752.381	0.1131415042616477	0.0161630720373782
1948	2628695.804	1104563.403	2755.152	2628695.878	1104563.467	2755.141	0.0984530345138039	0.0140647192162577
1949	2628692.876	1104558.535	2757.191	2628692.876	1104558.535	2757.191	0.0	0.0
1950	2628690.387	1104554.115	2758.979	2628690.387	1104554.115	2758.979	0.0	0.0
1951	2628686.822	1104549.634	2761.291	2628686.73	1104549.553	2761.326	0.1274754879723816	0.0182107839960545
1952	2628682.941	1104545.945	2763.344	2628682.784	1104545.921	2763.305	0.1635420436384965	0.0233631490912137
1953	2628680.655	1104542.238	2765.174	2628680.711	1104542.304	2765.138	0.0937443334362045	0.0133920476337435
1954	2628678.797	1104538.841	2766.9	2628678.797	1104538.841	2766.9	0.0	0.0
1956	2628672.711	1104532.67	2770.751	2628669.593	1104531.805	2772.492	3.674401992371045	0.5249145703387208
1957	2628672.332	1104532.243	2771.074	2628672.676	1104532.203	2771.103	0.3475298548774954	0.0496471221253564
1958	2628664.326	1104528.728	2777.119	2628664.326	1104528.728	2777.119	0.0	0.0
1959	2628667.242	1104528.405	2776.875	2628667.242	1104528.405	2776.875	0.0	0.0
1960	2628667.242	1104528.405	2776.875	2628667.242	1104528.405	2776.875	0.0	0.0
1961	2628667.242	1104528.405	2776.875	2628667.242	1104528.405	2776.875	0.0	0.0
1962	2628667.242	1104528.405	2776.875	2628667.242	1104528.405	2776.875	0.0	0.0
1964	2628667.242	1104528.405	2776.875	2628667.242	1104528.405	2776.875	0.0	0.0
1988	2628710.559	1104592.885	2740.676	2628710.456	1104592.762	2740.674	0.1604431363480163	0.0229204480497166
1989	2628710.762	1104588.947	2741.658	2628710.762	1104588.947	2741.658	0.0	0.0
1990	2628700.82	1104577.169	2748.473	2628700.82	1104577.169	2748.473	0.0	0.0
1991	2628698.8	1104572.493	2750.157	2628698.856	1104572.541	2750.158	0.0737631346438316	0.0105375906634045
1992	2628696.792	1104567.599	2751.829	2628696.792	1104567.599	2751.829	0.0	0.0
1993	2628693.009	1104561.876	2754.672	2628693.079	1104561.906	2754.697	0.0801560975734946	0.0114508710819278
1994	2628690.651	1104557.118	2756.62	2628690.647	1104557.066	2756.656	0.063371918008153	0.0090531311440218
1995	2628687.199	1104552.672	2759.068	2628687.57	1104553.012	2758.902	0.5299028212003405	0.07570040302862
1996	2628682.897	1104547.649	2762.102	2628682.988	1104547.712	2762.079	0.1130442391854797	0.0161491770264971
1997	2628680.842	1104544.37	2763.581	2628680.942	1104544.424	2763.546	0.1189159363833047	0.0169879909119006
2000	2628672.671	1104534.521	2769.301	2628672.667	1104534.469	2769.35	0.0715611625955429	0.0102230232279347
2001	2628671.251	1104532.655	2770.45	2628671.251	1104532.655	2770.45	0.0	0.0
2002	2628671.251	1104532.655	2770.45	2628671.251	1104532.655	2770.45	0.0	0.0
2003	2628664.326	1104528.728	2777.119	2628664.326	1104528.728	2777.119	0.0	0.0
2004	2628664.326	1104528.728	2777.119	2628664.326	1104528.728	2777.119	0.0	0.0
2005	2628667.242	1104528.405	2776.875	2628667.242	1104528.405	2776.875	0.0	0.0
2006	2628667.242	1104528.405	2776.875	2628667.242	1104528.405	2776.875	0.0	0.0
2007	2628667.242	1104528.405	2776.875	2628667.242	1104528.405	2776.875	0.0	0.0
2008	2628667.242	1104528.405	2776.875	2628667.242	1104528.405	2776.875	0.0	0.0
2009	2628667.242	1104528.405	2776.875	2628667.242	1104528.405	2776.875	0.0	0.0
2010	2628667.242	1104528.405	2776.875	2628667.242	1104528.405	2776.875	0.0	0.0
