ID	X_x	Y_x	Z_x	X_y	Y_y	Z_y	Distances	Velocity
32	2628831.139	1104494.383	2873.423	2628830.732	1104494.22	2873.283	0.4602368956105205	0.06574812794436
33	2628829.388	1104492.677	2872.272	2628829.388	1104492.677	2872.272	0.0	0.0
34	2628819.165	1104484.576	2865.481	2628819.165	1104484.576	2865.481	0.0	0.0
35	2628797.404	1104479.672	2860.93	2628797.404	1104479.672	2860.93	0.0	0.0
36	2628793.808	1104477.784	2860.242	2628779.094	1104478.24	2857.717	14.936042213535028	2.1337203162192897
37	2628779.135	1104477.483	2858.045	2628779.135	1104477.483	2858.045	0.0	0.0
77	2628831.139	1104494.383	2873.423	2628830.732	1104494.22	2873.283	0.4602368956105205	0.06574812794436
78	2628829.388	1104492.677	2872.272	2628829.388	1104492.677	2872.272	0.0	0.0
79	2628819.165	1104484.576	2865.481	2628795.067	1104481.488	2858.851	25.18345186846045	3.597635981208636
80	2628797.404	1104479.672	2860.93	2628797.404	1104479.672	2860.93	0.0	0.0
81	2628793.555	1104477.983	2860.044	2628779.094	1104478.24	2857.717	14.64928322491082	2.092754746415832
108	2628948.442	1104647.991	2848.028	2628925.769	1104636.132	2844.901	25.77748899711424	3.682498428159177
123	2628829.388	1104492.677	2872.272	2628829.388	1104492.677	2872.272	0.0	0.0
124	2628829.388	1104492.677	2872.272	2628819.165	1104484.576	2865.481	14.705563946873642	2.100794849553377
125	2628797.404	1104479.672	2860.93	2628797.404	1104479.672	2860.93	0.0	0.0
126	2628793.555	1104477.983	2860.044	2628779.094	1104478.24	2857.717	14.64928322491082	2.092754746415832
154	2628946.727	1104636.238	2852.764	2628944.915	1104623.413	2854.099	13.020990515260683	1.8601415021800976
167	2628831.139	1104494.383	2873.423	2628830.732	1104494.22	2873.283	0.4602368956105205	0.06574812794436
168	2628829.388	1104492.677	2872.272	2628829.388	1104492.677	2872.272	0.0	0.0
169	2628819.165	1104484.576	2865.481	2628827.443	1104479.21	2869.241	10.557312157838682	1.5081874511198117
170	2628797.404	1104479.672	2860.93	2628797.404	1104479.672	2860.93	0.0	0.0
171	2628793.808	1104477.784	2860.242	2628779.094	1104478.24	2857.717	14.936042213535028	2.1337203162192897
198	2628920.28	1104638.27	2842.537	2628948.442	1104647.991	2848.028	30.294342145006983	4.327763163572426
199	2628947.137	1104636.746	2853.113	2628944.995	1104630.902	2852.202	6.290502444196831	0.8986432063138331
200	2628945.756	1104620.98	2855.557	2628945.756	1104620.98	2855.557	0.0	0.0
213	2628829.388	1104492.677	2872.272	2628829.388	1104492.677	2872.272	0.0	0.0
214	2628819.165	1104484.576	2865.481	2628827.443	1104479.21	2869.241	10.557312157838682	1.5081874511198117
215	2628797.404	1104479.672	2860.93	2628797.001	1104479.482	2861.022	0.4549428534714413	0.0649918362102059
216	2628797.053	1104478.796	2860.862	2628797.053	1104478.796	2860.862	0.0	0.0
217	2628771.838	1104477.648	2857.498	2628771.838	1104477.648	2857.498	0.0	0.0
243	2628948.442	1104647.991	2848.028	2628925.769	1104636.132	2844.901	25.77748899711424	3.682498428159177
244	2628947.137	1104636.746	2853.113	2628946.727	1104636.238	2852.764	0.7402465807225909	0.1057495115317986
245	2628945.756	1104620.98	2855.557	2628945.643	1104620.702	2855.543	0.3004147132534197	0.0429163876076313
258	2628829.388	1104492.677	2872.272	2628829.388	1104492.677	2872.272	0.0	0.0
259	2628829.388	1104492.677	2872.272	2628819.183	1104484.722	2865.481	14.613067131492064	2.08758101878458
260	2628797.404	1104479.672	2860.93	2628797.404	1104479.672	2860.93	0.0	0.0
288	2628948.442	1104647.991	2848.028	2628953.603	1104645.536	2850.668	6.295438507558814	0.8993483582226878
289	2628947.137	1104636.746	2853.113	2628946.727	1104636.238	2852.764	0.7402465807225909	0.1057495115317986
290	2628945.756	1104620.98	2855.557	2628945.643	1104620.702	2855.543	0.3004147132534197	0.0429163876076313
303	2628829.388	1104492.677	2872.272	2628829.388	1104492.677	2872.272	0.0	0.0
304	2628819.183	1104484.722	2865.481	2628819.165	1104484.576	2865.481	0.1471054045877788	0.0210150577982541
305	2628797.404	1104479.672	2860.93	2628797.404	1104479.672	2860.93	0.0	0.0
306	2628797.053	1104478.796	2860.862	2628797.116	1104478.982	2860.924	0.2059344556053298	0.0294192079436185
309	2628765.399	1104472.47	2856.3	2628763.879	1104472.496	2855.51	1.7132355354884068	0.2447479336412009
310	2628758.359	1104470.939	2853.308	2628758.594	1104470.594	2853.469	0.4474047383739463	0.0639149626248494
333	2628948.442	1104647.991	2848.028	2628948.442	1104647.991	2848.028	0.0	0.0
334	2628947.137	1104636.746	2853.113	2628945.379	1104631.561	2851.988	5.5893124801068526	0.7984732114438361
335	2628945.756	1104620.98	2855.557	2628945.643	1104620.702	2855.543	0.3004147132534197	0.0429163876076313
347	2628831.139	1104494.383	2873.423	2628831.139	1104494.383	2873.423	0.0	0.0
348	2628829.388	1104492.677	2872.272	2628829.388	1104492.677	2872.272	0.0	0.0
349	2628819.256	1104484.916	2865.519	2628819.256	1104484.916	2865.519	0.0	0.0
350	2628797.404	1104479.672	2860.93	2628797.404	1104479.672	2860.93	0.0	0.0
351	2628792.002	1104479.129	2858.866	2628792.005	1104478.921	2858.927	0.2167809953505139	0.0309687136215019
352	2628790.786	1104473.931	2863.284	2628790.786	1104473.931	2863.284	0.0	0.0
353	2628768.648	1104475.966	2854.617	2628768.607	1104475.571	2854.383	0.4609360042689088	0.0658480006098441
354	2628760.885	1104473.895	2851.21	2628759.9	1104474.163	2850.392	1.308118113819449	0.1868740162599213
378	2628920.966	1104638.032	2843.107	2628948.442	1104647.991	2848.028	29.636607396751156	4.233801056678736
379	2628947.137	1104636.746	2853.113	2628946.727	1104636.238	2852.764	0.7402465807225909	0.1057495115317986
380	2628945.756	1104620.98	2855.557	2628945.756	1104620.98	2855.557	0.0	0.0
381	2628962.195	1104607.439	2869.093	2628962.195	1104607.439	2869.093	0.0	0.0
392	2628831.139	1104494.383	2873.423	2628831.139	1104494.383	2873.423	0.0	0.0
393	2628846.556	1104487.749	2876.895	2628840.343	1104487.71	2874.528	6.648727622626025	0.9498182318037178
394	2628819.256	1104484.916	2865.519	2628819.256	1104484.916	2865.519	0.0	0.0
395	2628795.067	1104481.488	2858.851	2628795.067	1104481.488	2858.851	0.0	0.0
396	2628792.002	1104479.129	2858.866	2628794.022	1104478.003	2860.185	2.662336755543885	0.380333822220555
397	2628775.131	1104478.438	2853.914	2628773.815	1104478.449	2853.372	1.423285284222188	0.2033264691745983
398	2628759.144	1104478.525	2847.583	2628758.625	1104478.569	2847.088	0.7185554953158406	0.10265078504512
399	2628747.935	1104478.072	2843.134	2628747.915	1104478.038	2843.195	0.0726429624929351	0.0103775660704193
423	2628921.356	1104638.439	2843.15	2628948.442	1104647.991	2848.028	29.132232732488752	4.161747533212679
424	2628947.137	1104636.746	2853.113	2628946.727	1104636.238	2852.764	0.7402465807225909	0.1057495115317986
425	2628943.47	1104621.771	2853.648	2628945.756	1104620.98	2855.557	3.081518781258725	0.4402169687512464
426	2628962.195	1104607.439	2869.093	2628962.195	1104607.439	2869.093	0.0	0.0
427	2628960.527	1104599.45	2870.784	2628960.975	1104600.087	2870.877	0.7842971378395143	0.1120424482627877
437	2628815.357	1104497.758	2866.102	2628827.429	1104496.326	2871.058	13.128051797732756	1.8754359711046795
438	2628839.186	1104488.379	2873.672	2628839.605	1104487.822	2873.944	0.7481938250435975	0.1068848321490853
439	2628819.256	1104484.916	2865.519	2628819.165	1104484.576	2865.481	0.3540127117204624	0.0505732445314946
440	2628826.156	1104477.767	2868.267	2628826.156	1104477.767	2868.267	0.0	0.0
441	2628780.634	1104481.862	2852.273	2628773.459	1104483.316	2849.629	7.783667323596741	1.1119524747995344
442	2628766.217	1104480.914	2847.071	2628765.712	1104480.906	2846.588	0.6988404684615261	0.0998343526373608
443	2628753.372	1104480.31	2842.514	2628752.009	1104480.62	2841.728	1.603641169261501	0.2290915956087858
444	2628733.662	1104482.636	2835.627	2628733.164	1104482.619	2835.218	0.6446502929008234	0.0920928989858319
468	2628948.442	1104647.991	2848.028	2628948.442	1104647.991	2848.028	0.0	0.0
469	2628946.727	1104636.238	2852.764	2628946.369	1104635.563	2852.171	0.9671804380539526	0.1381686340077075
470	2628945.756	1104620.98	2855.557	2628945.756	1104620.98	2855.557	0.0	0.0
471	2628962.195	1104607.439	2869.093	2628962.195	1104607.439	2869.093	0.0	0.0
472	2628960.795	1104600.057	2870.582	2628960.975	1104600.087	2870.877	0.3468789415085168	0.0495541345012166
473	2628955.722	1104586.533	2873.485	2628955.722	1104586.533	2873.485	0.0	0.0
483	2628799.264	1104493.946	2855.225	2628790.76	1104495.223	2852.038	9.170916748244718	1.3101309640349597
484	2628784.562	1104490.706	2850.258	2628783.773	1104490.387	2850.051	0.8758601485037993	0.1251228783576856
485	2628777.898	1104487.365	2847.767	2628775.094	1104487.676	2846.619	3.045823533957943	0.4351176477082776
486	2628766.954	1104484.961	2844.232	2628765.976	1104484.942	2843.498	1.2229476686381722	0.1747068098054531
487	2628755.912	1104483.456	2840.296	2628752.367	1104484.172	2838.968	3.852695809364272	0.5503851156234675
488	2628738.566	1104484.47	2834.597	2628738.241	1104484.362	2834.421	0.3850519447072265	0.0550074206724609
489	2628723.123	1104486.134	2829.78	2628723.049	1104486.07	2829.816	0.1042497002631107	0.0148928143233015
513	2628948.442	1104647.991	2848.028	2628948.442	1104647.991	2848.028	0.0	0.0
514	2628946.727	1104636.238	2852.764	2628946.727	1104636.238	2852.764	0.0	0.0
515	2628945.756	1104620.98	2855.557	2628945.756	1104620.98	2855.557	0.0	0.0
516	2628962.195	1104607.439	2869.093	2628962.195	1104607.439	2869.093	0.0	0.0
517	2628960.795	1104600.057	2870.582	2628960.527	1104599.45	2870.784	0.6935971454502002	0.0990853064928857
518	2628955.722	1104586.533	2873.485	2628955.722	1104586.533	2873.485	0.0	0.0
523	2628868.43	1104525.191	2874.203	2628868.977	1104524.634	2874.587	0.8700080458253874	0.124286863689341
527	2628794.668	1104500.138	2850.135	2628794.224	1104499.666	2849.896	0.6906815475907879	0.0986687925129697
528	2628785.269	1104495.89	2846.958	2628783.81	1104495.616	2846.571	1.5341205948033751	0.2191600849719107
529	2628776.377	1104492.396	2843.887	2628776.268	1104492.204	2843.934	0.2257299270164809	0.0322471324309258
530	2628770.962	1104488.987	2842.12	2628769.789	1104488.59	2841.762	1.289070207471856	0.1841528867816937
531	2628757.832	1104487.129	2837.838	2628752.33	1104488.175	2836.18	5.840811929746709	0.8344017042495299
532	2628737.572	1104488.398	2831.882	2628735.641	1104488.615	2831.038	2.118533927332081	0.302647703904583
533	2628728.421	1104487.439	2829.071	2628727.524	1104487.413	2828.705	0.969144467966365	0.1384492097094807
558	2628948.442	1104647.991	2848.028	2628948.442	1104647.991	2848.028	0.0	0.0
559	2628947.137	1104636.746	2853.113	2628946.727	1104636.238	2852.764	0.7402465807225909	0.1057495115317986
560	2628945.756	1104620.98	2855.557	2628945.756	1104620.98	2855.557	0.0	0.0
561	2628962.195	1104607.439	2869.093	2628962.195	1104607.439	2869.093	0.0	0.0
566	2628883.315	1104543.96	2873.092	2628882.39	1104543.087	2873.187	1.2754524685340147	0.1822074955048592
567	2628865.479	1104533.657	2868.028	2628865.712	1104533.312	2868.323	0.5102342599083646	0.0728906085583378
571	2628789.721	1104506.147	2844.477	2628789.777	1104506.246	2844.625	0.1866574401705059	0.0266653485957865
572	2628782.266	1104501.499	2842.18	2628782.003	1104501.526	2841.871	0.4066681692683696	0.0580954527526242
573	2628774.232	1104497.625	2839.767	2628773.316	1104497.662	2839.12	1.1220668427131186	0.1602952632447312
574	2628767.004	1104494.087	2837.634	2628765.563	1104494.003	2836.882	1.62758747854504	0.2325124969350057
575	2628756.588	1104491.646	2834.657	2628752.224	1104492.226	2833.086	4.6742846512175324	0.6677549501739332
576	2628741.168	1104490.883	2830.298	2628740.658	1104491.065	2829.815	0.7256121555332189	0.1036588793618884
577	2628729.19	1104490.512	2826.865	2628727.823	1104490.707	2826.457	1.4398534648250825	0.2056933521178689
603	2628921.356	1104638.439	2843.15	2628948.442	1104647.991	2848.028	29.132232732488752	4.161747533212679
604	2628947.137	1104636.746	2853.113	2628946.727	1104636.238	2852.764	0.7402465807225909	0.1057495115317986
605	2628945.756	1104620.98	2855.557	2628945.756	1104620.98	2855.557	0.0	0.0
606	2628962.195	1104607.439	2869.093	2628962.195	1104607.439	2869.093	0.0	0.0
607	2628960.975	1104600.087	2870.877	2628960.527	1104599.45	2870.784	0.7842971378395143	0.1120424482627877
610	2628875.901	1104552.107	2864.915	2628875.864	1104551.702	2865.06	0.4317626663150172	0.0616803809021453
611	2628871.011	1104542.517	2863.2	2628869.946	1104542.069	2862.94	1.184284171963229	0.1691834531376042
615	2628789.107	1104511.94	2840.611	2628789.266	1104511.524	2840.233	0.584141250014661	0.0834487500020944
616	2628779.347	1104507.056	2837.978	2628779.151	1104507.157	2837.621	0.4196021925066389	0.0599431703580912
617	2628770.147	1104502.759	2835.206	2628769.775	1104502.769	2834.602	0.7094363960082046	0.1013480565726006
618	2628765.5	1104498.727	2833.815	2628763.42	1104499.024	2832.872	2.3030106383433218	0.3290015197633317
619	2628753.386	1104496.096	2830.667	2628752.967	1104496.229	2830.296	0.5752312577037317	0.0821758939576759
620	2628741.183	1104494.543	2827.815	2628740.945	1104494.464	2827.739	0.2620324411111501	0.0374332058730214
621	2628731.802	1104493.158	2825.171	2628730.986	1104493.091	2825.014	0.8336630015668545	0.1190947145095506
648	2628948.442	1104647.991	2848.028	2628948.442	1104647.991	2848.028	0.0	0.0
649	2628946.727	1104636.238	2852.764	2628946.727	1104636.238	2852.764	0.0	0.0
650	2628945.756	1104620.98	2855.557	2628945.756	1104620.98	2855.557	0.0	0.0
651	2628962.195	1104607.439	2869.093	2628962.195	1104607.439	2869.093	0.0	0.0
652	2628960.795	1104600.057	2870.582	2628960.795	1104600.057	2870.582	0.0	0.0
653	2628955.722	1104586.533	2873.485	2628955.722	1104586.533	2873.485	0.0	0.0
656	2628858.89	1104541.511	2853.519	2628858.429	1104541.786	2853.074	0.6972596361423451	0.0996085194489064
660	2628777.472	1104512.407	2833.715	2628777.785	1104512.827	2833.732	0.5240782386097438	0.0748683198013919
661	2628768.571	1104507.629	2831.472	2628768.486	1104507.409	2831.531	0.2431172556223499	0.0347310365174785
662	2628763.898	1104503.364	2830.177	2628763.445	1104503.517	2829.866	0.5703849578766566	0.0814835654109509
663	2628753.541	1104500.476	2827.724	2628753.145	1104500.564	2827.353	0.5497281147464392	0.0785325878209198
664	2628741.382	1104498.393	2824.81	2628740.251	1104498.34	2824.282	1.2493014048262228	0.1784716292608889
665	2628732.452	1104496.239	2822.83	2628732.267	1104496.286	2822.718	0.221309737749199	0.0316156768213141
666	2628719.606	1104496.036	2819.765	2628719.789	1104496.067	2819.865	0.2108316861809648	0.0301188123115664
667	2628703.696	1104497.094	2816.407	2628703.338	1104496.876	2816.206	0.4648537404961458	0.0664076772137351
668	2628700.337	1104495.606	2815.528	2628700.113	1104495.44	2815.293	0.3646326918388197	0.0520903845484028
693	2628948.442	1104647.991	2848.028	2628948.442	1104647.991	2848.028	0.0	0.0
694	2628946.727	1104636.238	2852.764	2628946.727	1104636.238	2852.764	0.0	0.0
695	2628945.756	1104620.98	2855.557	2628945.643	1104620.702	2855.543	0.3004147132534197	0.0429163876076313
696	2628962.272	1104607.842	2868.606	2628962.195	1104607.439	2869.093	0.6367943152643925	0.0909706164663417
697	2628960.738	1104601.239	2870.291	2628960.609	1104600.019	2870.005	1.2596971857794783	0.1799567408256397
698	2628880.695	1104572.32	2852.947	2628880.534	1104572.48	2852.115	0.8624065166292249	0.1232009309470321
704	2628781.014	1104517.575	2830.61	2628777.574	1104517.946	2829.479	3.6401101631197994	0.5200157375885427
705	2628769.273	1104512.615	2828.195	2628769.08	1104512.446	2828.155	0.2596343582552291	0.0370906226078898
706	2628761.456	1104508.318	2826.248	2628761.267	1104508.314	2826.099	0.2407031364908697	0.0343861623558385
707	2628753.631	1104504.619	2824.645	2628751.92	1104504.657	2823.902	1.8657475714653768	0.2665353673521967
708	2628741.748	1104502.1	2822.234	2628741.791	1104501.992	2822.332	0.1520427571673414	0.0217203938810487
709	2628732.96	1104499.893	2820.415	2628732.468	1104499.77	2820.286	0.5232915058176634	0.0747559294025233
710	2628725.289	1104497.819	2818.586	2628725.347	1104497.53	2818.622	0.2969528581261102	0.0424218368751586
711	2628701.016	1104500.051	2813.899	2628701.088	1104499.968	2813.925	0.1129114697501063	0.0161302099643009
712	2628701.241	1104497.699	2813.92	2628701.187	1104497.763	2813.724	0.2131384526593853	0.0304483503799121
738	2628948.442	1104647.991	2848.028	2628948.442	1104647.991	2848.028	0.0	0.0
739	2628946.727	1104636.238	2852.764	2628946.369	1104635.563	2852.171	0.9671804380539526	0.1381686340077075
740	2628945.756	1104620.98	2855.557	2628945.643	1104620.702	2855.543	0.3004147132534197	0.0429163876076313
741	2628950.714	1104610.976	2859.982	2628950.714	1104610.976	2859.982	0.0	0.0
742	2628880.502	1104581.349	2846.542	2628880.453	1104580.631	2847.333	1.0693951560529034	0.1527707365789861
748	2628781.792	1104522.981	2827.006	2628779.73	1104523.554	2826.015	2.3584431304923545	0.3369204472131935
749	2628768.533	1104517.533	2824.288	2628768.533	1104517.533	2824.288	0.0	0.0
750	2628760.121	1104512.964	2822.724	2628759.868	1104512.773	2822.573	0.3511281816738887	0.0501611688105555
751	2628751.151	1104509.072	2820.995	2628751.044	1104509.253	2820.799	0.2874473864939801	0.0410639123562828
752	2628742.367	1104505.816	2819.503	2628742.865	1104505.912	2819.632	0.5233173034772148	0.0747596147824592
753	2628733.154	1104503.092	2817.75	2628732.509	1104502.997	2817.594	0.6703625884688851	0.0957660840669835
754	2628728.245	1104500.521	2816.701	2628726.015	1104500.446	2816.061	2.3212335082687776	0.3316047868955397
755	2628701.364	1104502.483	2812.212	2628701.264	1104502.508	2812.064	0.1803579774060763	0.0257654253437251
756	2628699.613	1104500.411	2811.792	2628699.553	1104500.293	2811.828	0.1371860051560142	0.0195980007365734
757	2628699.324	1104498.24	2811.673	2628694.409	1104499.288	2810.805	5.099897351934113	0.7285567645620162
783	2628948.442	1104647.991	2848.028	2628948.442	1104647.991	2848.028	0.0	0.0
784	2628946.055	1104635.362	2851.36	2628946.462	1104635.446	2851.732	0.5577535295506644	0.0796790756500949
785	2628935.839	1104618.481	2849.909	2628925.667	1104614.416	2846.478	11.478918503269352	1.6398455004670505
786	2628922.237	1104602.561	2846.059	2628873.057	1104588.572	2838.142	51.74015278309644	7.391450397585205
793	2628769.605	1104522.503	2821.077	2628769.595	1104522.512	2821.212	0.1356687141417429	0.0193812448773918
794	2628762.179	1104517.564	2819.696	2628758.893	1104517.637	2819.14	3.333505812055768	0.4762151160079668
795	2628751.683	1104513.375	2817.983	2628751.457	1104513.486	2817.919	0.2597941495177799	0.0371134499311114
796	2628741.732	1104509.86	2816.377	2628742.522	1104509.936	2816.632	0.8336072216825869	0.1190867459546552
797	2628734.574	1104506.651	2815.261	2628735.002	1104506.751	2815.462	0.4833063209135058	0.0690437601305008
798	2628729.766	1104503.57	2814.456	2628729.744	1104503.485	2814.407	0.1005484957044095	0.0143640708149156
799	2628703.321	1104504.67	2810.63	2628701.311	1104504.805	2810.152	2.0704610595478576	0.2957801513639796
800	2628699.883	1104502.823	2810.006	2628699.871	1104502.763	2809.908	0.1155335449521062	0.0165047921360151
828	2628888.258	1104625.393	2834.824	2628888.201	1104624.661	2834.809	0.7343691168440656	0.1049098738348665
837	2628769.656	1104527.628	2817.328	2628769.951	1104527.548	2817.479	0.3409193452532639	0.0487027636076091
838	2628759.544	1104522.253	2815.959	2628759.634	1104522.333	2816.071	0.1644506004401223	0.0234929429200174
839	2628752.8	1104517.622	2814.991	2628753.887	1104517.749	2815.262	1.1274480035265193	0.1610640005037884
840	2628740.675	1104513.567	2813.392	2628739.423	1104513.573	2813.131	1.2789296304548847	0.1827042329221264
841	2628733.881	1104510.273	2812.402	2628734.029	1104510.419	2812.465	0.2172302925435584	0.031032898934794
842	2628730.11	1104507.227	2811.966	2628730.024	1104507.12	2812.013	0.1450999652247072	0.0207285664606724
843	2628725.512	1104504.314	2811.177	2628725.155	1104504.164	2811.233	0.3912607828454482	0.0558943975493497
845	2628699.135	1104503.027	2807.956	2628699.135	1104502.976	2807.675	0.2855906160882943	0.0407986594411848
846	2628698.557	1104500.815	2807.821	2628698.507	1104500.819	2807.722	0.1109819804336383	0.0158545686333769
881	2628769.779	1104533.157	2813.337	2628768.686	1104533.543	2812.847	1.2584693082728644	0.1797813297532663
882	2628761.337	1104527.089	2812.489	2628761.441	1104527.099	2812.576	0.135959553026162	0.0194227932894517
883	2628753.894	1104522.174	2811.951	2628749.847	1104521.562	2811.175	4.165924747102704	0.5951321067289577
884	2628739.01	1104517.731	2810.143	2628738.401	1104517.634	2809.927	0.6534110495004956	0.0933444356429279
885	2628732.109	1104514.166	2809.42	2628731.567	1104514.047	2809.254	0.5792072171368274	0.0827438881624039
886	2628729.038	1104510.501	2809.223	2628729.324	1104510.525	2809.349	0.3134453698996422	0.0447779099856631
887	2628724.651	1104507.548	2808.62	2628724.486	1104507.274	2808.617	0.3198593440858375	0.0456941920122625
891	2628694.564	1104501.667	2805.669	2628691.868	1104502.064	2805.305	2.749276450281083	0.3927537786115833
916	2628854.241	1104630.783	2817.383	2628853.995	1104630.211	2817.353	0.6233778950923462	0.0890539850131923
925	2628766.451	1104537.778	2809.921	2628766.584	1104538.185	2809.765	0.4557126288323175	0.0651018041189025
926	2628761.01	1104532.048	2808.991	2628761.118	1104532.014	2809.176	0.216898593818807	0.0309855134026867
927	2628752.826	1104526.629	2808.258	2628753.397	1104526.773	2808.376	0.6005838825851483	0.085797697512164
928	2628738.85	1104521.916	2807.171	2628738.686	1104521.788	2807.168	0.2080600873909494	0.0297228696272784
929	2628733.45	1104517.817	2806.771	2628733.43	1104517.897	2806.722	0.0959218432509709	0.0137031204644244
930	2628727.201	1104514.191	2806.203	2628727.142	1104514.091	2806.239	0.1215606844579393	0.0173658120654199
931	2628724.762	1104511.064	2806.077	2628724.674	1104510.923	2806.076	0.1662107096891389	0.0237443870984484
932	2628706.723	1104509.529	2804.749	2628719.753	1104507.875	2805.478	13.154773163950084	1.8792533091357264
934	2628698.045	1104505.579	2804.21	2628697.912	1104505.528	2804.183	0.144979308782085	0.0207113298260121
960	2628844.992	1104635.853	2810.151	2628845.655	1104635.999	2810.515	0.7703122741252576	0.1100446105893225
969	2628765.465	1104542.898	2805.278	2628765.201	1104543.618	2804.678	0.9737022131750318	0.1391003161678617
970	2628759.134	1104536.964	2805.265	2628759.429	1104538.271	2804.527	1.529679051315567	0.2185255787593667
971	2628751.691	1104531.191	2804.944	2628751.723	1104531.284	2804.945	0.0983564943712533	0.0140509277673219
972	2628739.498	1104525.916	2804.379	2628739.216	1104525.719	2804.412	0.3455748834054744	0.0493678404864963
973	2628732.29	1104521.453	2803.992	2628732.635	1104521.464	2804.143	0.3767585431263753	0.0538226490180536
974	2628727.07	1104517.853	2803.608	2628727.402	1104517.917	2803.723	0.3571344284153624	0.0510192040593374
975	2628723.187	1104514.337	2803.414	2628723.192	1104514.181	2803.548	0.2057109622406624	0.0293872803200946
976	2628721.18	1104511.233	2803.416	2628721.18	1104511.233	2803.416	0.0	0.0
977	2628715.723	1104508.61	2802.958	2628715.723	1104508.61	2802.958	0.0	0.0
1004	2628838.057	1104641.15	2803.293	2628836.591	1104640.004	2802.354	2.0842727748375443	0.2977532535482206
1014	2628758.372	1104541.702	2801.455	2628756.931	1104541.472	2800.556	1.713937571880196	0.2448482245543137
1015	2628751.979	1104535.764	2801.429	2628751.849	1104535.487	2801.402	0.307177473086776	0.0438824961552537
1016	2628736.781	1104529.631	2801.213	2628745.476	1104530.542	2801.598	8.751066849065106	1.2501524070093009
1017	2628732.531	1104525.455	2801.22	2628732.332	1104525.312	2801.143	0.2568637772314517	0.0366948253187788
1018	2628726.179	1104521.107	2800.868	2628728.157	1104521.478	2801.078	2.023419136098756	0.2890598765855365
1019	2628721.85	1104517.69	2800.778	2628721.85	1104517.69	2800.778	0.0	0.0
1021	2628714.556	1104511.708	2800.63	2628714.697	1104511.638	2800.778	0.2160671194143738	0.0308667313449105
1048	2628830.426	1104646.621	2796.878	2628828.894	1104645.576	2795.572	2.268189807028432	0.3240271152897759
1058	2628757.888	1104546.49	2797.845	2628758.436	1104547.684	2797.745	1.317550758119597	0.1882215368742281
1059	2628753.193	1104540.855	2797.939	2628753.235	1104540.973	2797.989	0.1348628933232766	0.0192661276176109
1060	2628731.104	1104532.865	2798.239	2628731.157	1104533.009	2798.253	0.1540811476384974	0.0220115925197853
1061	2628730.529	1104529.034	2798.283	2628730.373	1104528.897	2798.28	0.2076391098805758	0.0296627299829394
1062	2628726.789	1104524.963	2798.198	2628726.766	1104524.878	2798.198	0.0880567998267218	0.0125795428323888
1063	2628723.4	1104521.136	2798.327	2628722.871	1104521.094	2798.186	0.5490774081074979	0.0784396297296425
1064	2628718.643	1104517.912	2798.207	2628718.421	1104517.797	2798.094	0.2743683655737152	0.039195480796245
1065	2628707.611	1104515.007	2798.312	2628711.141	1104514.947	2798.162	3.533694949845021	0.5048135642635744
1066	2628706.271	1104512.178	2798.433	2628706.238	1104512.102	2798.555	0.1474754218055688	0.0210679174007955
1102	2628756.55	1104551.569	2794.138	2628754.734	1104552.02	2793.639	1.9365582869634312	0.2766511838519187
1103	2628750.944	1104544.634	2794.437	2628750.899	1104544.741	2794.449	0.1166961865692948	0.0166708837956135
1104	2628731.117	1104536.779	2795.269	2628731.399	1104536.881	2795.407	0.3301090729748563	0.047158438996408
1105	2628728.391	1104532.623	2795.319	2628728.231	1104532.677	2795.183	0.2168225078239469	0.0309746439748495
1106	2628725.543	1104528.638	2795.601	2628725.369	1104528.599	2795.428	0.2484471775821755	0.0354924539403107
1107	2628722.141	1104524.735	2795.656	2628722.269	1104524.475	2795.804	0.3254043638483656	0.0464863376926236
1108	2628718.724	1104521.144	2795.785	2628718.741	1104521.012	2795.858	0.1517959156083185	0.0216851308011883
1109	2628713.455	1104517.848	2796.086	2628713.248	1104517.714	2796.046	0.2498099277345566	0.035687132533508
1147	2628747.887	1104549.315	2791.111	2628749.855	1104550.078	2790.711	2.148300025501608	0.3069000036430868
1148	2628728.606	1104540.288	2792.508	2628728.498	1104540.096	2792.506	0.2202997957707394	0.0314713993958199
1149	2628727.848	1104536.329	2792.683	2628728.03	1104536.36	2792.808	0.2229573947041052	0.0318510563863007
1150	2628724.111	1104531.954	2792.83	2628724.227	1104532.137	2792.783	0.2217070139908805	0.0316724305701257
1151	2628721.36	1104528.12	2793.077	2628720.188	1104527.903	2792.914	1.2030137154579246	0.1718591022082749
1152	2628717.783	1104524.504	2793.387	2628717.774	1104524.366	2793.423	0.1429020643754505	0.0204145806250643
1153	2628711.062	1104520.975	2793.68	2628710.807	1104520.897	2793.579	0.2851490837083957	0.0407355833869136
1180	2628807.944	1104657.882	2780.362	2628806.648	1104657.323	2779.341	1.7419925373294054	0.2488560767613436
1191	2628746.798	1104553.884	2787.602	2628747.658	1104554.684	2787.481	1.1807798268422556	0.1686828324060365
1192	2628744.152	1104548.275	2788.077	2628744.198	1104548.22	2788.212	0.1528594125364559	0.0218370589337794
1193	2628725.277	1104539.687	2789.811	2628725.562	1104539.711	2789.998	0.341716256686357	0.048816608098051
1194	2628722.737	1104535.551	2790.329	2628723.308	1104535.842	2790.52	0.6687323829285087	0.0955331975612155
1195	2628719.652	1104531.358	2790.509	2628720.009	1104531.559	2790.698	0.451188430895881	0.064455490127983
1196	2628715.924	1104527.561	2790.866	2628715.924	1104527.561	2790.866	0.0	0.0
1197	2628712.399	1104524.089	2791.287	2628712.246	1104524.117	2791.199	0.1787092614589708	0.0255298944941386
1198	2628708.982	1104520.921	2791.588	2628709.095	1104521.052	2791.541	0.1792735341156941	0.0256105048736705
1199	2628704.741	1104518.007	2791.952	2628702.501	1104518.043	2791.984	2.240517797055168	0.3200739710078811
1200	2628700.404	1104515.367	2792.463	2628700.172	1104515.374	2792.35	0.2581511188108581	0.036878731258694
1224	2628801.874	1104662.023	2775.674	2628801.884	1104662.698	2775.652	0.6754324541119595	0.0964903505874228
1225	2628803.18	1104654.319	2775.72	2628802.885	1104654.287	2775.606	0.3178757622462778	0.0454108231780396
1235	2628746.668	1104558.544	2784.02	2628747.61	1104559.349	2783.643	1.2951903333217265	0.1850271904745323
1236	2628741.524	1104552.278	2784.889	2628742.887	1104553.131	2784.897	1.6079309686423182	0.2297044240917597
1237	2628724.538	1104543.399	2787.013	2628724.646	1104543.478	2787.064	0.1431991619649918	0.0204570231378559
1238	2628720.391	1104538.685	2787.63	2628720.444	1104538.586	2787.692	0.1282731463107283	0.0183247351872469
1239	2628717.922	1104534.693	2788.064	2628718.003	1104534.635	2788.175	0.1491509303831521	0.0213072757690217
1240	2628715.427	1104530.936	2788.388	2628715.549	1104530.962	2788.438	0.134387499408747	0.0191982142012495
1241	2628711.528	1104527.072	2788.901	2628711.505	1104526.987	2788.925	0.0912688336494982	0.0130384048070711
1242	2628708.152	1104523.893	2789.312	2628708.136	1104523.798	2789.361	0.1080833011579758	0.0154404715939965
1243	2628704.946	1104520.78	2789.69	2628704.909	1104520.878	2789.641	0.1156460116063662	0.0165208588009094
1244	2628700.201	1104517.994	2790.219	2628700.201	1104517.994	2790.219	0.0	0.0
1245	2628673.84	1104516.241	2793.401	2628697.506	1104515.444	2790.69	23.834099227987476	3.4048713182839245
1268	2628795.302	1104664.882	2771.026	2628795.302	1104664.882	2771.026	0.0	0.0
1269	2628795.797	1104656.931	2770.302	2628795.618	1104656.935	2770.117	0.2574529083171731	0.0367789869024533
1270	2628797.955	1104650.218	2770.483	2628797.645	1104650.481	2770.37	0.4219454940283824	0.0602779277183403
1279	2628746.194	1104563.211	2780.385	2628746.035	1104563.214	2779.967	0.4472292476968811	0.0638898925281258
1280	2628740.953	1104556.586	2781.484	2628726.42	1104551.82	2783.737	15.459587769623898	2.2085125385177
1281	2628722.547	1104546.795	2784.357	2628722.857	1104546.921	2784.459	0.3498285295340033	0.0499755042191433
1282	2628719.235	1104542.164	2785.046	2628719.258	1104542.102	2784.985	0.0899666606067352	0.0128523800866764
1283	2628716.141	1104537.884	2785.532	2628716.406	1104537.987	2785.646	0.3063168295175856	0.0437595470739408
1284	2628713.941	1104534.046	2785.969	2628714.086	1104534.045	2786.118	0.207911038681682	0.029701576954526
1285	2628711.116	1104530.423	2786.424	2628711.145	1104530.352	2786.485	0.0979948978524236	0.0139992711217748
1286	2628707.361	1104526.705	2787.244	2628707.849	1104526.663	2787.458	0.5345128622486827	0.0763589803212403
1287	2628704.451	1104523.625	2787.638	2628704.241	1104523.829	2787.514	0.3179496814714951	0.0454213830673564
1288	2628700.355	1104520.596	2788.285	2628700.256	1104520.542	2788.284	0.1127741104437862	0.0161105872062551
1289	2628696.672	1104518.042	2788.841	2628671.796	1104517.982	2792.364	25.12430108450715	3.589185869215307
1290	2628691.225	1104515.812	2789.668	2628690.249	1104515.738	2789.753	0.9824851146480876	0.1403550163782982
1312	2628789.362	1104668.097	2766.204	2628789.665	1104668.397	2766.44	0.4873448470342204	0.06962069243346
1313	2628789.336	1104660.118	2766.145	2628789.318	1104660.639	2766.158	0.5214729139209695	0.0744961305601385
1314	2628792.038	1104654.157	2766.274	2628792.201	1104654.431	2766.399	0.3424470762316347	0.0489210108902335
1315	2628790.946	1104645.07	2766.614	2628789.574	1104644.356	2766.619	1.546675466976364	0.2209536381394805
1323	2628742.166	1104566.95	2777.678	2628742.136	1104566.891	2777.69	0.0672681202569417	0.0096097314652773
1324	2628727.158	1104556.301	2780.447	2628738.851	1104560.614	2778.571	12.603475473059436	1.800496496151348
1325	2628720.776	1104550.141	2781.801	2628720.757	1104549.995	2781.874	0.1643350235944072	0.0234764319420581
1326	2628718.011	1104545.518	2782.486	2628718.008	1104545.37	2782.595	0.1838314443843984	0.0262616349120569
1327	2628715.436	1104541.125	2783.014	2628715.378	1104541.155	2782.965	0.0816394513954203	0.0116627787707743
1328	2628712.973	1104537.123	2783.582	2628712.82	1104537.038	2783.568	0.1755847377069863	0.0250835339581409
1329	2628710.418	1104533.559	2784.114	2628710.51	1104533.527	2784.212	0.1381738033788539	0.0197391147684077
1330	2628706.51	1104529.721	2784.871	2628706.629	1104529.826	2784.873	0.158713578796847	0.0226733683995495
1331	2628703.47	1104526.545	2785.433	2628703.555	1104526.652	2785.41	0.1385748895363666	0.0197964127909095
1332	2628701.149	1104523.399	2786.116	2628701.079	1104523.499	2785.993	0.1732887764985411	0.0247555394997915
1333	2628697.423	1104520.58	2786.646	2628697.255	1104520.417	2786.765	0.2625909367786392	0.037512990968377
1356	2628783.591	1104671.092	2761.92	2628783.733	1104671.185	2762.155	0.2898930837712147	0.0414132976816021
1357	2628784.51	1104663.569	2762.046	2628784.009	1104663.014	2761.818	0.7816712861715638	0.1116673265959376
1358	2628785.528	1104656.62	2762.139	2628785.635	1104656.716	2762.434	0.3281615455045935	0.0468802207863705
1368	2628734.503	1104563.439	2775.833	2628734.594	1104563.52	2775.957	0.1738332534458431	0.0248333219208347
1369	2628717.397	1104552.684	2779.625	2628717.9	1104552.736	2779.864	0.559315653313021	0.0799022361875744
1370	2628717.427	1104549.106	2779.763	2628717.502	1104549.092	2779.873	0.1338693391228168	0.0191241913032595
1371	2628713.89	1104544.361	2780.559	2628713.913	1104544.446	2780.547	0.0888706925579376	0.0126958132225625
1372	2628712.219	1104540.289	2781.149	2628712.298	1104540.326	2781.236	0.1232030842530711	0.0176004406075815
1373	2628709.699	1104536.627	2781.864	2628710.076	1104536.602	2781.979	0.3949417677367216	0.0564202525338173
1374	2628705.921	1104532.53	2782.537	2628705.534	1104532.079	2782.726	0.6236112572642485	0.0890873224663212
1375	2628702.725	1104529.138	2783.378	2628702.782	1104529.091	2783.415	0.0826256619054224	0.0118036659864889
1376	2628700.063	1104526.049	2783.897	2628699.831	1104526.169	2783.76	0.2949457579188644	0.0421351082741234
1377	2628697.717	1104523.303	2784.592	2628697.454	1104523.234	2784.49	0.2904031683016836	0.0414861669002405
1378	2628692.06	1104520.471	2785.744	2628691.362	1104520.3	2785.979	0.7560886189813837	0.1080126598544833
1379	2628685.446	1104518.117	2787.081	2628674.798	1104518.115	2789.129	10.843164298347206	1.549023471192458
1400	2628777.966	1104673.73	2757.895	2628778.184	1104673.973	2758.362	0.5697911897832745	0.0813987413976106
1401	2628778.193	1104665.975	2758.133	2628778.415	1104666.53	2758.541	0.7237216315391573	0.1033888045055938
1402	2628778.812	1104658.532	2758.463	2628778.758	1104658.631	2758.475	0.113406349171823	0.0162009070245461
1412	2628734.342	1104567.816	2772.568	2628734.444	1104567.808	2772.667	0.1423692382264389	0.0203384626037769
1413	2628718.156	1104556.747	2776.603	2628718.614	1104556.985	2776.537	0.5203498824381002	0.0743356974911571
1414	2628715.17	1104551.948	2777.382	2628715.22	1104551.927	2777.468	0.1016710383323068	0.0145244340474724
1415	2628712.203	1104547.311	2778.247	2628712.31	1104547.261	2778.359	0.1627667041233913	0.0232523863033416
1416	2628710.174	1104543.349	2778.907	2628710.334	1104543.442	2779.068	0.2452957397084823	0.0350422485297831
1417	2628707.919	1104539.334	2779.367	2628708.304	1104539.299	2779.568	0.4357189459066853	0.062245563700955
1418	2628706.087	1104535.66	2780.36	2628706.199	1104535.887	2780.277	0.2663869368599937	0.0380552766942848
1419	2628702.272	1104531.92	2781.07	2628701.511	1104531.642	2780.937	0.8210322769977254	0.1172903252853893
1420	2628699.152	1104528.774	2781.974	2628698.961	1104528.752	2781.922	0.1991707806334929	0.0284529686619275
1421	2628697.245	1104525.956	2782.418	2628697.113	1104525.904	2782.379	0.1471359916796918	0.0210194273828131
1422	2628692.302	1104522.825	2783.835	2628692.263	1104522.775	2783.871	0.0729177621098104	0.0104168231585443
1444	2628774.555	1104677.866	2753.694	2628775.259	1104678.293	2754.303	1.024122063034927	0.1463031518621324
1445	2628774.742	1104670.434	2754.019	2628775.349	1104671.18	2754.359	1.0200808790846303	0.1457258398692329
1446	2628772.405	1104660.796	2754.781	2628771.726	1104660.02	2754.428	1.0898743047319523	0.1556963292474217
1456	2628738.81	1104575.049	2768.052	2628739.084	1104575.758	2767.972	0.7643016417448512	0.109185948820693
1457	2628717.374	1104560.34	2773.841	2628717.679	1104560.51	2773.87	0.3503797940477262	0.0500542562925323
1458	2628715.104	1104555.632	2774.642	2628715.503	1104555.691	2774.892	0.4745334552812918	0.0677904936116131
1459	2628711.527	1104550.498	2775.852	2628711.725	1104550.64	2776.014	0.2925952838415421	0.0417993262630774
1460	2628708.705	1104546.216	2776.684	2628708.807	1104546.321	2776.685	0.1463898903168126	0.0209128414738303
1461	2628707.183	1104542.437	2777.252	2628707.293	1104542.42	2777.351	0.1489630825778442	0.0212804403682634
1462	2628705.101	1104538.608	2778.033	2628705.491	1104538.789	2778.247	0.4802676338640906	0.0686096619805843
1463	2628701.806	1104534.902	2778.885	2628702.662	1104535.165	2778.921	0.8962148181475895	0.1280306883067985
1464	2628698.909	1104531.481	2779.864	2628698.239	1104531.3	2779.867	0.6940244951380428	0.0991463564482918
1465	2628696.831	1104528.483	2780.55	2628697.117	1104528.36	2780.59	0.3138869225622837	0.0448409889374691
1466	2628692.639	1104525.424	2781.782	2628692.816	1104525.594	2781.662	0.2731830888339605	0.0390261555477086
1468	2628681.506	1104520.101	2784.701	2628681.536	1104520.159	2784.677	0.0695701084027021	0.0099385869146717
1487	2628773.463	1104693.306	2747.93	2628773.962	1104693.99	2748.366	0.9523408001806682	0.1360486857400954
1488	2628770.429	1104681.556	2749.618	2628770.665	1104681.866	2750.379	0.8549368397174527	0.1221338342453503
1489	2628771.329	1104674.406	2749.769	2628771.543	1104674.338	2750.273	0.5517571930312113	0.0788224561473159
1490	2628766.227	1104661.952	2751.734	2628769.118	1104665.513	2750.608	4.722973427716458	0.6747104896737798
1500	2628736.87	1104578.695	2764.761	2628737.399	1104579.205	2764.647	0.7435973373486368	0.1062281910498052
1501	2628715.586	1104563.592	2771.456	2628716.49	1104563.704	2771.725	0.949800505457368	0.1356857864939097
1502	2628713.59	1104558.571	2772.223	2628713.87	1104558.882	2772.252	0.4194782475146014	0.0599254639306573
1503	2628710.404	1104553.827	2773.354	2628710.661	1104554.053	2773.345	0.3423536181825067	0.0489076597403581
1504	2628706.517	1104548.714	2774.597	2628706.775	1104548.99	2774.796	0.427014051284856	0.0610020073264079
1505	2628705.177	1104545.113	2775.364	2628705.622	1104545.161	2775.357	0.4476360127028494	0.0639480018146927
1506	2628703.821	1104541.461	2775.837	2628703.947	1104541.427	2775.936	0.1638078143445069	0.0234011163349295
1507	2628701.75	1104537.804	2776.692	2628702.003	1104537.978	2776.696	0.3070846788303799	0.0438692398329114
1508	2628698.336	1104534.418	2777.653	2628698.119	1104534.389	2777.527	0.2525984958054179	0.0360854994007739
1509	2628696.267	1104531.072	2778.533	2628696.051	1104530.948	2778.518	0.2495135266188651	0.0356447895169807
1510	2628693.074	1104527.913	2779.643	2628693.297	1104528.01	2779.671	0.2447897054786493	0.0349699579255213
1511	2628684.777	1104524.516	2781.957	2628685.632	1104524.841	2781.774	0.9328124145476188	0.1332589163639455
1512	2628681.522	1104521.984	2783.057	2628673.042	1104521.057	2785.412	8.849618861821957	1.2642312659745654
1531	2628768.833	1104695.842	2744.125	2628768.76	1104696.157	2744.662	0.6268357041617106	0.0895479577373872
1532	2628767.072	1104685.61	2745.479	2628767.431	1104685.732	2745.826	0.5139785985646437	0.0734255140806633
1533	2628766.995	1104677.788	2746.105	2628767.146	1104677.924	2746.498	0.4424319157435594	0.063204559391937
1534	2628766.646	1104669.906	2746.738	2628767.022	1104670.4	2746.965	0.6610151282094084	0.094430732601344
1545	2628730.827	1104575.534	2763.33	2628731.188	1104575.883	2763.274	0.5052306403760629	0.0721758057680089
1546	2628713.187	1104562.416	2769.564	2628713.346	1104562.379	2769.737	0.2378634061728868	0.0339804865961266
1547	2628709.755	1104557.021	2770.971	2628709.773	1104557.167	2770.959	0.1475940377893078	0.0210848625413296
1548	2628706.113	1104551.943	2772.205	2628706.386	1104552.376	2772.063	0.5312080571588541	0.0758868653084077
1549	2628703.848	1104547.874	2773.166	2628703.961	1104548.006	2773.168	0.1737728401448296	0.0248246914492613
1550	2628703.206	1104544.297	2773.698	2628703.356	1104544.382	2773.896	0.2625433299582232	0.0375061899940318
1551	2628700.981	1104540.815	2774.552	2628701.027	1104540.855	2774.54	0.0621288980134762	0.008875556859068
1552	2628698.321	1104537.066	2775.594	2628698.151	1104537.321	2775.336	0.4006107835765384	0.0572301119395054
1553	2628695.874	1104533.745	2776.482	2628696.135	1104534.023	2776.45	0.3826604237853889	0.0546657748264841
1554	2628692.479	1104530.296	2777.65	2628692.483	1104530.348	2777.602	0.070880180530596	0.0101257400757994
1555	2628688.513	1104527.325	2779.24	2628688.642	1104527.325	2779.315	0.1492179615497353	0.0213168516499621
1575	2628764.13	1104698.236	2740.489	2628763.846	1104698.263	2740.486	0.2852963371507557	0.0407566195929651
1576	2628765.073	1104691.419	2741.045	2628765.539	1104692.01	2741.542	0.9019124126162948	0.1288446303737564
1577	2628763.01	1104681.069	2742.395	2628763.411	1104681.327	2742.829	0.6447642981220854	0.0921091854460122
1578	2628762.544	1104673.021	2743.198	2628762.466	1104673.164	2743.32	0.2035116706185329	0.0290730958026475
1579	2628762.06	1104664.866	2742.828	2628761.304	1104664.295	2742.132	1.1755819835615384	0.167940283365934
1589	2628730.0	1104579.296	2760.225	2628729.812	1104578.181	2761.002	1.371968658537838	0.1959955226482626
1590	2628713.441	1104566.314	2766.56	2628714.063	1104566.956	2766.545	0.8940206932493172	0.1277172418927596
1591	2628709.151	1104560.446	2768.321	2628709.453	1104560.582	2768.398	0.3400426444864307	0.0485775206409186
1592	2628705.309	1104555.198	2770.04	2628706.039	1104555.609	2769.929	0.8450692278430378	0.1207241754061482
1593	2628703.711	1104550.982	2770.888	2628703.688	1104551.009	2770.851	0.0512542681358604	0.0073220383051229
1594	2628700.855	1104546.753	2771.902	2628701.273	1104546.958	2772.128	0.5175181157056651	0.0739311593865235
1595	2628699.679	1104543.228	2772.525	2628699.87	1104543.25	2772.576	0.1989120409785718	0.0284160058540816
1596	2628697.753	1104539.716	2773.59	2628697.815	1104539.851	2773.506	0.1706604816364944	0.0243800688052134
1597	2628695.184	1104536.161	2774.573	2628694.871	1104536.0	2774.508	0.3579315578111295	0.0511330796873042
1598	2628691.99	1104532.612	2775.793	2628692.102	1104532.838	2775.648	0.2909381376699489	0.0415625910957069
1600	2628681.002	1104526.272	2779.664	2628681.101	1104526.326	2779.629	0.1180762463887793	0.016868035198397
1620	2628761.159	1104694.549	2737.141	2628762.061	1104695.163	2737.485	1.1440874093401694	0.163441058477167
1621	2628759.711	1104684.981	2738.44	2628759.936	1104684.904	2738.749	0.3899166577787515	0.0557023796826787
1622	2628758.046	1104675.028	2739.833	2628758.073	1104674.922	2739.907	0.1320643781228631	0.0188663397318375
1623	2628758.541	1104668.512	2739.798	2628758.679	1104668.892	2739.788	0.4044057366810776	0.0577722480972968
1634	2628715.288	1104571.407	2762.92	2628723.532	1104575.935	2759.863	9.889973154697785	1.412853307813969
1635	2628709.293	1104563.779	2765.668	2628709.69	1104563.301	2766.026	0.7171171452553002	0.1024453064650428
1636	2628705.398	1104558.63	2767.326	2628705.77	1104558.778	2767.453	0.4200202376003076	0.0600028910857582
1637	2628702.752	1104553.953	2768.562	2628703.057	1104554.011	2768.712	0.3448028423574102	0.0492575489082014
1638	2628699.382	1104549.376	2770.106	2628699.332	1104549.544	2770.142	0.1789413313049558	0.0255630473292794
1639	2628699.117	1104546.077	2770.314	2628699.406	1104546.396	2770.33	0.430741221458789	0.0615344602083984
1640	2628696.805	1104542.358	2771.41	2628697.083	1104542.746	2771.292	0.4916828245832526	0.0702404035118932
1641	2628694.435	1104538.719	2772.615	2628694.459	1104538.691	2772.652	0.052239831392589	0.0074628330560841
1642	2628692.154	1104535.69	2773.543	2628692.644	1104536.394	2773.392	0.8709288145220185	0.124418402074574
1643	2628687.815	1104531.989	2775.455	2628687.819	1104531.928	2775.492	0.0714562803394397	0.0102080400484913
1645	2628679.843	1104526.092	2778.647	2628679.913	1104526.218	2778.587	0.1561281527560699	0.0223040218222957
1665	2628754.506	1104685.967	2735.662	2628757.388	1104689.554	2734.708	4.699213657514952	0.6713162367878504
1666	2628754.578	1104678.455	2736.413	2628754.876	1104678.573	2736.734	0.4536176804039241	0.0648025257719891
1667	2628753.771	1104670.143	2737.418	2628755.027	1104671.341	2737.487	1.7370955642047867	0.2481565091721123
1678	2628722.728	1104580.318	2756.785	2628722.881	1104580.404	2756.75	0.1789692711089152	0.025567038729845
1679	2628711.106	1104568.969	2761.881	2628711.573	1104569.233	2761.936	0.5392680221507798	0.0770382888786828
1680	2628705.523	1104562.302	2764.478	2628705.616	1104562.286	2764.589	0.1456914546966399	0.0208130649566628
1681	2628702.455	1104557.262	2766.33	2628702.783	1104557.291	2766.543	0.3921657810493133	0.0560236830070447
1682	2628699.459	1104552.505	2767.488	2628699.712	1104552.678	2767.541	0.3110417979581424	0.0444345425654489
1683	2628698.225	1104548.948	2768.306	2628698.254	1104548.99	2768.343	0.0630396700273289	0.0090056671467612
1684	2628696.52	1104545.206	2769.202	2628697.081	1104545.567	2769.174	0.6677020291629759	0.0953860041661394
1685	2628694.303	1104541.731	2770.227	2628692.956	1104541.075	2770.574	1.5379057188680414	0.2197008169811487
1686	2628691.536	1104538.04	2771.781	2628691.207	1104537.785	2771.801	0.4167325281315537	0.0595332183045076
1687	2628686.703	1104533.86	2773.955	2628686.448	1104533.669	2774.0	0.3217623349955144	0.045966047856502
1688	2628684.578	1104531.341	2774.727	2628684.283	1104531.309	2774.625	0.3137722107494883	0.0448246015356412
1690	2628670.263	1104524.72	2780.778	2628669.98	1104524.782	2780.848	0.2980486535595348	0.0425783790799335
1710	2628750.808	1104681.764	2732.975	2628751.345	1104683.096	2733.035	1.4374258241186866	0.2053465463026695
1711	2628750.758	1104673.836	2733.65	2628750.997	1104673.56	2733.811	0.3990213026131037	0.0570030432304433
1722	2628725.178	1104586.093	2752.262	2628725.655	1104586.381	2752.342	0.5629147359272823	0.0804163908467546
1723	2628711.536	1104573.133	2758.684	2628715.468	1104575.666	2756.824	5.033518948062924	0.7190741354375606
1724	2628707.319	1104566.782	2761.055	2628707.15	1104566.637	2761.297	0.328861673070579	0.0469802390100827
1725	2628703.374	1104561.107	2763.2	2628703.578	1104561.335	2763.35	0.3407345008972935	0.0486763572710419
1726	2628699.899	1104555.955	2765.145	2628700.329	1104556.09	2765.42	0.5279678018082775	0.0754239716868967
1727	2628696.877	1104551.372	2766.535	2628697.194	1104551.489	2766.674	0.3653751499383856	0.0521964499911979
1728	2628695.891	1104547.886	2767.307	2628696.173	1104548.101	2767.348	0.3569733885115121	0.0509961983587874
1729	2628693.872	1104544.277	2768.383	2628693.872	1104544.277	2768.383	0.0	0.0
1730	2628690.945	1104540.51	2769.898	2628691.696	1104541.118	2769.8	0.9712203664746988	0.1387457666392426
1731	2628688.008	1104537.124	2771.464	2628689.138	1104537.656	2771.113	1.2973530743905357	0.1853361534843622
1732	2628684.431	1104533.65	2773.204	2628685.182	1104533.999	2773.141	0.8305245332675736	0.1186463618953676
1734	2628676.249	1104527.574	2776.942	2628677.802	1104528.019	2776.34	1.724017981636693	0.2462882830909561
1755	2628747.51	1104677.333	2730.928	2628747.708	1104677.318	2731.603	0.703600739150053	0.1005143913071504
1767	2628719.447	1104582.066	2752.36	2628720.059	1104582.311	2752.503	0.674550220230029	0.0963643171757184
1768	2628708.001	1104570.956	2757.764	2628708.649	1104571.407	2757.505	0.8308946984749491	0.1186992426392784
1769	2628704.207	1104565.105	2760.106	2628704.484	1104565.364	2760.098	0.379307263535182	0.0541867519335974
1770	2628699.977	1104559.197	2762.405	2628700.038	1104559.219	2762.43	0.0694982016443288	0.0099283145206184
1771	2628696.962	1104554.543	2764.174	2628697.2	1104554.752	2764.202	0.3179764145109727	0.0454252020729961
1772	2628694.904	1104550.512	2765.358	2628695.193	1104550.813	2765.338	0.417758303224884	0.0596797576035548
1773	2628693.07	1104546.821	2766.461	2628693.044	1104546.927	2766.351	0.1549580587153658	0.0221368655307665
1774	2628691.706	1104543.671	2767.412	2628692.011	1104544.083	2767.392	0.5130000001086428	0.0732857143012346
1775	2628688.853	1104540.036	2769.21	2628689.588	1104540.714	2769.466	1.0322039525166755	0.1474577075023822
1776	2628683.936	1104535.896	2771.444	2628684.164	1104536.08	2771.484	0.2957025530629392	0.0422432218661341
1779	2628669.618	1104526.944	2778.43	2628669.618	1104526.944	2778.43	0.0	0.0
1800	2628744.283	1104672.813	2728.393	2628744.655	1104673.548	2728.803	0.920167919343428	0.131452559906204
1811	2628717.641	1104585.33	2749.436	2628717.851	1104585.498	2749.476	0.2718896833780175	0.0388413833397167
1812	2628710.699	1104576.592	2753.464	2628710.775	1104576.578	2753.514	0.0920434678916752	0.0131490668416678
1813	2628704.576	1104568.892	2757.029	2628704.749	1104569.027	2757.069	0.2230560467365888	0.0318651495337984
1814	2628700.547	1104562.918	2759.466	2628700.893	1104563.285	2759.386	0.5106907088906094	0.0729558155558013
1815	2628696.71	1104557.434	2761.612	2628696.874	1104557.562	2761.651	0.2116624670675284	0.0302374952953612
1816	2628695.085	1104553.668	2762.852	2628695.125	1104553.735	2762.804	0.0916133178539019	0.0130876168362717
1817	2628692.1	1104549.333	2764.634	2628692.272	1104549.677	2764.442	0.4298650948785709	0.0614092992683672
1818	2628690.731	1104545.966	2765.56	2628690.798	1104546.3	2765.427	0.3656965955476535	0.0522423707925219
1819	2628688.266	1104542.281	2767.241	2628689.271	1104542.769	2766.986	1.1459467705076174	0.1637066815010882
1820	2628682.773	1104537.917	2770.004	2628682.698	1104537.932	2769.845	0.1764397915207473	0.0252056845029639
1823	2628659.736	1104526.143	2781.426	2628659.884	1104526.176	2781.49	0.164587362870842	0.0235124804101202
1824	2628659.623	1104525.899	2781.559	2628659.706	1104525.746	2781.706	0.2278310775966677	0.0325472967995239
1825	2628669.618	1104526.944	2778.43	2628669.618	1104526.944	2778.43	0.0	0.0
1855	2628718.504	1104590.323	2745.783	2628718.772	1104590.348	2745.921	0.3024780980990038	0.0432111568712862
1856	2628713.111	1104582.091	2749.087	2628712.745	1104581.708	2749.326	0.5811763930831313	0.0830251990118759
1857	2628705.264	1104572.908	2753.86	2628705.522	1104573.038	2753.961	0.3060473818327187	0.0437210545475312
1858	2628701.593	1104566.971	2756.264	2628701.873	1104567.282	2756.281	0.4188197704716379	0.0598313957816625
1859	2628698.028	1104561.305	2758.524	2628698.283	1104561.738	2758.431	0.5110410941490915	0.0730058705927273
1860	2628694.532	1104556.379	2760.64	2628694.739	1104556.512	2760.704	0.254232177375253	0.036318882482179
1861	2628693.116	1104552.634	2761.882	2628693.503	1104552.876	2761.998	0.470944795076356	0.0672778278680508
1862	2628689.912	1104548.286	2763.82	2628689.904	1104548.182	2763.869	0.1152432210981954	0.0164633172997422
1867	2628673.276	1104530.77	2773.576	2628673.441	1104530.897	2773.541	0.2111373961107126	0.0301624851586732
1868	2628667.242	1104528.405	2776.875	2628667.242	1104528.405	2776.875	0.0	0.0
1869	2628667.242	1104528.405	2776.875	2628667.242	1104528.405	2776.875	0.0	0.0
1870	2628667.242	1104528.405	2776.875	2628667.242	1104528.405	2776.875	0.0	0.0
1900	2628714.328	1104586.923	2745.365	2628714.422	1104586.474	2745.805	0.6356390484703401	0.0908055783529057
1901	2628705.983	1104577.243	2750.582	2628706.027	1104577.136	2750.655	0.1367991227874241	0.0195427318267748
1902	2628702.371	1104571.147	2752.974	2628702.954	1104571.852	2752.996	0.9150945305781468	0.1307277900825924
1903	2628698.735	1104565.372	2755.514	2628699.093	1104565.668	2755.446	0.4694720439582023	0.0670674348511717
1904	2628694.917	1104559.729	2758.1	2628695.382	1104560.201	2758.046	0.6647743979260946	0.0949677711322992
1905	2628692.459	1104555.238	2759.779	2628692.615	1104555.375	2759.781	0.20762706991402	0.0296610099877171
1906	2628690.742	1104551.521	2761.054	2628690.875	1104551.59	2761.141	0.1732599203385307	0.0247514171912186
1907	2628686.449	1104546.811	2763.625	2628686.757	1104547.095	2763.348	0.5022439647331651	0.0717491378190235
1909	2628680.901	1104539.453	2767.345	2628680.968	1104539.544	2767.309	0.118600168535823	0.0169428812194032
1910	2628679.036	1104536.517	2768.656	2628679.032	1104536.465	2768.705	0.0715611625695142	0.0102230232242163
1911	2628660.773	1104529.218	2778.528	2628659.876	1104528.972	2779.029	1.0564686459178143	0.1509240922739735
1912	2628664.357	1104528.916	2776.961	2628664.357	1104528.916	2776.961	0.0	0.0
1913	2628667.242	1104528.405	2776.875	2628667.242	1104528.405	2776.875	0.0	0.0
1914	2628667.242	1104528.405	2776.875	2628667.242	1104528.405	2776.875	0.0	0.0
1915	2628667.242	1104528.405	2776.875	2628667.242	1104528.405	2776.875	0.0	0.0
1916	2628667.242	1104528.405	2776.875	2628667.242	1104528.405	2776.875	0.0	0.0
1944	2628712.981	1104590.623	2742.608	2628713.006	1104591.002	2742.67	0.3848506205521085	0.0549786600788726
1945	2628704.477	1104579.835	2748.455	2628709.147	1104583.3	2745.813	6.387118990584414	0.9124455700834876
1946	2628702.077	1104574.552	2750.328	2628702.251	1104574.817	2750.282	0.320338883230363	0.0457626976043375
1947	2628699.396	1104569.251	2752.38	2628699.768	1104569.738	2752.215	0.6346479338547606	0.09066399055068
1948	2628695.804	1104563.403	2755.152	2628696.199	1104563.845	2755.049	0.6016626962420942	0.0859518137488706
1949	2628692.876	1104558.535	2757.191	2628692.977	1104558.753	2757.156	0.2427962108554497	0.0346851729793499
1950	2628690.324	1104554.075	2758.966	2628690.489	1104554.22	2758.981	0.2201703886032473	0.0314529126576067
1951	2628686.784	1104549.584	2761.327	2628686.894	1104549.681	2761.329	0.1466731058658123	0.0209533008379731
1952	2628682.97	1104545.761	2763.491	2628682.557	1104546.24	2763.059	0.765920361521105	0.109417194503015
1953	2628680.733	1104542.129	2765.272	2628680.632	1104542.509	2764.954	0.5056925944185056	0.0722417992026436
1956	2628669.687	1104531.79	2772.481	2628663.738	1104530.295	2775.735	6.943640399718254	0.9919486285311792
1957	2628672.676	1104532.203	2771.103	2628672.38	1104532.301	2771.026	0.321168180323952	0.0458811686177074
1958	2628664.326	1104528.728	2777.119	2628664.326	1104528.728	2777.119	0.0	0.0
1959	2628667.242	1104528.405	2776.875	2628667.242	1104528.405	2776.875	0.0	0.0
1960	2628667.242	1104528.405	2776.875	2628667.242	1104528.405	2776.875	0.0	0.0
1961	2628667.242	1104528.405	2776.875	2628667.242	1104528.405	2776.875	0.0	0.0
1962	2628667.242	1104528.405	2776.875	2628667.242	1104528.405	2776.875	0.0	0.0
1964	2628667.242	1104528.405	2776.875	2628667.242	1104528.405	2776.875	0.0	0.0
1988	2628710.725	1104592.917	2740.752	2628709.848	1104592.405	2740.336	1.0974192451505342	0.1567741778786477
1989	2628710.71	1104588.95	2741.621	2628710.713	1104588.855	2741.596	0.0982802116137957	0.0140400302305422
1990	2628700.761	1104577.069	2748.497	2628701.238	1104577.453	2748.455	0.6137988269925476	0.087685546713221
1991	2628698.814	1104572.44	2750.182	2628698.971	1104572.82	2750.026	0.4397556140978762	0.0628222305854109
1992	2628696.83	1104567.649	2751.841	2628696.838	1104567.753	2751.756	0.1345548215750587	0.0192221173678655
1993	2628693.009	1104561.876	2754.672	2628693.403	1104562.335	2754.617	0.6074059597292117	0.0867722799613159
1994	2628690.566	1104557.011	2756.631	2628690.871	1104557.666	2756.49	0.7361596293296913	0.105165661332813
1995	2628687.288	1104552.701	2759.057	2628688.023	1104553.632	2758.531	1.2975600178766231	0.1853657168395175
1996	2628682.929	1104547.725	2762.041	2628682.876	1104547.486	2762.223	0.3050475372977699	0.0435782196139671
1997	2628680.842	1104544.37	2763.581	2628680.874	1104544.22	2763.691	0.1887432118511894	0.0269633159787413
1998	2628678.899	1104541.351	2765.161	2628679.292	1104541.871	2764.886	0.7074418702454578	0.1010631243207796
2000	2628672.671	1104534.521	2769.301	2628672.978	1104534.692	2769.159	0.3790171500721652	0.0541453071531664
2001	2628671.251	1104532.655	2770.45	2628671.251	1104532.655	2770.45	0.0	0.0
2002	2628671.251	1104532.655	2770.45	2628671.251	1104532.655	2770.45	0.0	0.0
2003	2628664.326	1104528.728	2777.119	2628664.326	1104528.728	2777.119	0.0	0.0
2004	2628664.326	1104528.728	2777.119	2628664.326	1104528.728	2777.119	0.0	0.0
2005	2628667.242	1104528.405	2776.875	2628667.242	1104528.405	2776.875	0.0	0.0
2006	2628667.242	1104528.405	2776.875	2628667.242	1104528.405	2776.875	0.0	0.0
2007	2628667.242	1104528.405	2776.875	2628667.242	1104528.405	2776.875	0.0	0.0
2008	2628667.242	1104528.405	2776.875	2628667.242	1104528.405	2776.875	0.0	0.0
2009	2628667.242	1104528.405	2776.875	2628667.242	1104528.405	2776.875	0.0	0.0
