ID	X_x	Y_x	Z_x	X_y	Y_y	Z_y	Distances	Velocity
32	2628831.139	1104494.383	2873.423	2628831.139	1104494.383	2873.423	0.0	0.0
33	2628829.388	1104492.677	2872.272	2628829.388	1104492.677	2872.272	0.0	0.0
34	2628819.256	1104484.916	2865.519	2628819.183	1104484.722	2865.481	0.2107344298898377	0.0301049185556911
35	2628797.404	1104479.672	2860.93	2628797.404	1104479.672	2860.93	0.0	0.0
36	2628792.005	1104478.921	2858.927	2628792.13	1104478.626	2859.123	0.3755875398537303	0.0536553628362471
37	2628779.135	1104477.483	2858.045	2628778.729	1104477.969	2857.809	0.6758165431529892	0.096545220450427
78	2628829.388	1104492.677	2872.272	2628829.388	1104492.677	2872.272	0.0	0.0
79	2628819.165	1104484.576	2865.481	2628819.165	1104484.576	2865.481	0.0	0.0
80	2628797.404	1104479.672	2860.93	2628797.404	1104479.672	2860.93	0.0	0.0
108	2628948.442	1104647.991	2848.028	2628948.442	1104647.991	2848.028	0.0	0.0
123	2628829.388	1104492.677	2872.272	2628829.388	1104492.677	2872.272	0.0	0.0
124	2628829.388	1104492.677	2872.272	2628829.388	1104492.677	2872.272	0.0	0.0
125	2628797.404	1104479.672	2860.93	2628797.404	1104479.672	2860.93	0.0	0.0
126	2628792.005	1104478.921	2858.927	2628792.13	1104478.626	2859.123	0.3755875398537303	0.0536553628362471
127	2628771.838	1104477.648	2857.498	2628771.838	1104477.648	2857.498	0.0	0.0
153	2628920.28	1104638.27	2842.537	2628927.005	1104642.997	2843.42	8.267396385853921	1.1810566265505602
154	2628947.137	1104636.746	2853.113	2628947.137	1104636.746	2853.113	0.0	0.0
168	2628829.388	1104492.677	2872.272	2628829.388	1104492.677	2872.272	0.0	0.0
169	2628819.165	1104484.576	2865.481	2628819.165	1104484.576	2865.481	0.0	0.0
170	2628797.404	1104479.672	2860.93	2628797.404	1104479.672	2860.93	0.0	0.0
171	2628792.005	1104478.921	2858.927	2628792.13	1104478.626	2859.123	0.3755875398537303	0.0536553628362471
198	2628921.356	1104638.439	2843.15	2628921.356	1104638.439	2843.15	0.0	0.0
199	2628947.137	1104636.746	2853.113	2628947.137	1104636.746	2853.113	0.0	0.0
213	2628829.388	1104492.677	2872.272	2628829.388	1104492.677	2872.272	0.0	0.0
214	2628819.183	1104484.722	2865.481	2628819.165	1104484.576	2865.481	0.1471054045877788	0.0210150577982541
215	2628797.404	1104479.672	2860.93	2628797.404	1104479.672	2860.93	0.0	0.0
216	2628797.053	1104478.796	2860.862	2628797.053	1104478.796	2860.862	0.0	0.0
217	2628790.344	1104473.872	2863.73	2628790.344	1104473.872	2863.73	0.0	0.0
243	2628948.442	1104647.991	2848.028	2628948.442	1104647.991	2848.028	0.0	0.0
244	2628947.137	1104636.746	2853.113	2628947.137	1104636.746	2853.113	0.0	0.0
245	2628943.47	1104621.771	2853.648	2628945.756	1104620.98	2855.557	3.081518781258725	0.4402169687512464
258	2628829.388	1104492.677	2872.272	2628829.388	1104492.677	2872.272	0.0	0.0
259	2628829.388	1104492.677	2872.272	2628829.388	1104492.677	2872.272	0.0	0.0
260	2628797.404	1104479.672	2860.93	2628797.404	1104479.672	2860.93	0.0	0.0
288	2628948.442	1104647.991	2848.028	2628948.442	1104647.991	2848.028	0.0	0.0
289	2628947.137	1104636.746	2853.113	2628947.137	1104636.746	2853.113	0.0	0.0
290	2628945.756	1104620.98	2855.557	2628945.756	1104620.98	2855.557	0.0	0.0
303	2628829.388	1104492.677	2872.272	2628829.388	1104492.677	2872.272	0.0	0.0
304	2628819.256	1104484.916	2865.519	2628819.183	1104484.722	2865.481	0.2107344298898377	0.0301049185556911
305	2628797.404	1104479.672	2860.93	2628797.404	1104479.672	2860.93	0.0	0.0
306	2628797.053	1104478.796	2860.862	2628797.053	1104478.796	2860.862	0.0	0.0
309	2628765.609	1104472.525	2856.389	2628765.399	1104472.47	2856.3	0.2346188397745846	0.0335169771106549
310	2628758.381	1104471.007	2853.259	2628758.359	1104470.939	2853.308	0.0866544862698956	0.0123792123242708
333	2628948.442	1104647.991	2848.028	2628948.442	1104647.991	2848.028	0.0	0.0
334	2628947.137	1104636.746	2853.113	2628947.137	1104636.746	2853.113	0.0	0.0
335	2628945.756	1104620.98	2855.557	2628945.756	1104620.98	2855.557	0.0	0.0
336	2628962.195	1104607.439	2869.093	2628962.195	1104607.439	2869.093	0.0	0.0
348	2628829.388	1104492.677	2872.272	2628829.388	1104492.677	2872.272	0.0	0.0
349	2628819.256	1104484.916	2865.519	2628819.256	1104484.916	2865.519	0.0	0.0
350	2628797.404	1104479.672	2860.93	2628797.404	1104479.672	2860.93	0.0	0.0
351	2628792.002	1104479.129	2858.866	2628792.002	1104479.129	2858.866	0.0	0.0
352	2628790.786	1104473.931	2863.284	2628790.74	1104473.908	2863.381	0.1097907098410105	0.0156843871201443
353	2628768.648	1104475.966	2854.617	2628768.648	1104475.966	2854.617	0.0	0.0
354	2628760.957	1104473.943	2851.199	2628760.938	1104473.943	2851.346	0.1482228052441994	0.021174686463457
378	2628948.442	1104647.991	2848.028	2628948.442	1104647.991	2848.028	0.0	0.0
379	2628947.137	1104636.746	2853.113	2628947.137	1104636.746	2853.113	0.0	0.0
380	2628945.756	1104620.98	2855.557	2628945.756	1104620.98	2855.557	0.0	0.0
381	2628962.195	1104607.439	2869.093	2628962.195	1104607.439	2869.093	0.0	0.0
392	2628831.139	1104494.383	2873.423	2628831.139	1104494.383	2873.423	0.0	0.0
393	2628829.388	1104492.677	2872.272	2628846.556	1104487.749	2876.895	18.449865500880925	2.635695071554418
394	2628819.256	1104484.916	2865.519	2628819.256	1104484.916	2865.519	0.0	0.0
395	2628795.067	1104481.488	2858.851	2628795.067	1104481.488	2858.851	0.0	0.0
396	2628792.002	1104479.129	2858.866	2628792.002	1104479.129	2858.866	0.0	0.0
397	2628775.189	1104478.521	2853.854	2628775.189	1104478.521	2853.854	0.0	0.0
398	2628759.162	1104478.671	2847.584	2628759.144	1104478.525	2847.583	0.1471088034718982	0.0210155433531283
399	2628748.493	1104477.947	2843.495	2628748.305	1104477.96	2843.395	0.2133377600347133	0.0304768228621019
423	2628921.356	1104638.439	2843.15	2628920.966	1104638.032	2843.107	0.565329992306953	0.0807614274724218
424	2628947.137	1104636.746	2853.113	2628947.137	1104636.746	2853.113	0.0	0.0
425	2628943.47	1104621.771	2853.648	2628943.47	1104621.771	2853.648	0.0	0.0
426	2628962.195	1104607.439	2869.093	2628962.195	1104607.439	2869.093	0.0	0.0
427	2628960.527	1104599.45	2870.784	2628960.527	1104599.45	2870.784	0.0	0.0
437	2628815.343	1104497.958	2866.126	2628815.343	1104497.958	2866.126	0.0	0.0
438	2628838.954	1104488.611	2873.461	2628839.186	1104488.379	2873.672	0.3900884517375574	0.0557269216767939
439	2628819.256	1104484.916	2865.519	2628819.256	1104484.916	2865.519	0.0	0.0
440	2628826.354	1104477.581	2868.061	2628826.354	1104477.581	2868.061	0.0	0.0
441	2628774.182	1104483.353	2850.078	2628774.182	1104483.353	2850.078	0.0	0.0
442	2628766.217	1104480.914	2847.071	2628766.058	1104480.969	2846.91	0.2328669147562808	0.0332667021080401
443	2628753.333	1104480.339	2842.319	2628753.273	1104480.239	2842.403	0.1437219537118033	0.0205317076731147
444	2628733.571	1104482.686	2835.516	2628733.751	1104482.682	2835.629	0.212567636435955	0.0303668052051364
468	2628948.442	1104647.991	2848.028	2628948.442	1104647.991	2848.028	0.0	0.0
469	2628946.727	1104636.238	2852.764	2628946.727	1104636.238	2852.764	0.0	0.0
470	2628943.47	1104621.771	2853.648	2628945.756	1104620.98	2855.557	3.081518781258725	0.4402169687512464
471	2628962.195	1104607.439	2869.093	2628962.195	1104607.439	2869.093	0.0	0.0
472	2628960.795	1104600.057	2870.582	2628960.795	1104600.057	2870.582	0.0	0.0
473	2628955.722	1104586.533	2873.485	2628955.722	1104586.533	2873.485	0.0	0.0
483	2628799.466	1104494.027	2855.46	2628799.264	1104493.946	2855.225	0.3202967374490885	0.0457566767784412
484	2628784.606	1104490.841	2850.247	2628784.349	1104490.893	2850.305	0.268546085619518	0.0383637265170739
485	2628777.919	1104487.303	2847.816	2628777.921	1104487.354	2847.877	0.0795361552829087	0.0113623078975583
486	2628766.975	1104485.107	2844.086	2628766.954	1104484.961	2844.232	0.2075403576681467	0.0296486225240209
487	2628755.979	1104483.564	2840.321	2628755.949	1104483.506	2840.308	0.0665807778804593	0.0095115396972084
488	2628738.566	1104484.47	2834.597	2628738.653	1104484.369	2834.708	0.1734675761472397	0.0247810823067485
489	2628723.123	1104486.134	2829.78	2628723.178	1104486.087	2829.903	0.1426989837701838	0.0203855691100262
513	2628948.442	1104647.991	2848.028	2628948.442	1104647.991	2848.028	0.0	0.0
514	2628946.727	1104636.238	2852.764	2628946.727	1104636.238	2852.764	0.0	0.0
515	2628945.756	1104620.98	2855.557	2628945.756	1104620.98	2855.557	0.0	0.0
516	2628962.195	1104607.439	2869.093	2628962.195	1104607.439	2869.093	0.0	0.0
517	2628960.795	1104600.057	2870.582	2628960.795	1104600.057	2870.582	0.0	0.0
518	2628955.722	1104586.533	2873.485	2628955.722	1104586.533	2873.485	0.0	0.0
523	2628868.43	1104525.191	2874.203	2628868.43	1104525.191	2874.203	0.0	0.0
527	2628793.544	1104500.335	2849.717	2628794.605	1104500.229	2850.134	1.1449218311568858	0.1635602615938408
528	2628785.263	1104495.9	2846.823	2628785.263	1104495.9	2846.823	0.0	0.0
529	2628776.418	1104492.384	2843.985	2628776.377	1104492.396	2843.887	0.1069065012681758	0.0152723573240251
530	2628771.013	1104488.741	2842.279	2628771.095	1104488.796	2842.281	0.0987572786402214	0.0141081826628887
531	2628758.216	1104487.19	2837.916	2628757.832	1104487.129	2837.838	0.3965614707185845	0.0566516386740835
532	2628737.572	1104488.398	2831.882	2628737.473	1104488.344	2831.868	0.1136353817540613	0.0162336259648659
533	2628728.634	1104487.511	2829.049	2628728.817	1104487.429	2829.174	0.2363006557123394	0.0337572365303342
558	2628948.442	1104647.991	2848.028	2628948.442	1104647.991	2848.028	0.0	0.0
559	2628947.137	1104636.746	2853.113	2628947.137	1104636.746	2853.113	0.0	0.0
560	2628945.756	1104620.98	2855.557	2628945.756	1104620.98	2855.557	0.0	0.0
561	2628962.195	1104607.439	2869.093	2628962.195	1104607.439	2869.093	0.0	0.0
566	2628883.119	1104543.74	2873.015	2628883.315	1104543.96	2873.092	0.3045406376598712	0.0435058053799816
567	2628865.649	1104533.413	2867.651	2628865.535	1104533.559	2867.845	0.2682312435173972	0.0383187490739138
571	2628789.782	1104506.202	2844.674	2628789.782	1104506.202	2844.674	0.0	0.0
572	2628782.266	1104501.499	2842.18	2628782.266	1104501.499	2842.18	0.0	0.0
573	2628774.232	1104497.625	2839.767	2628774.232	1104497.625	2839.767	0.0	0.0
574	2628766.946	1104493.987	2837.621	2628766.971	1104493.994	2837.719	0.101380471468129	0.014482924495447
575	2628756.588	1104491.646	2834.657	2628756.588	1104491.646	2834.657	0.0	0.0
576	2628741.239	1104490.913	2830.299	2628741.471	1104490.905	2830.449	0.2763837909973338	0.0394833987139048
577	2628729.19	1104490.512	2826.865	2628729.19	1104490.512	2826.865	0.0	0.0
603	2628921.356	1104638.439	2843.15	2628920.966	1104638.032	2843.107	0.565329992306953	0.0807614274724218
604	2628947.137	1104636.746	2853.113	2628947.137	1104636.746	2853.113	0.0	0.0
605	2628945.756	1104620.98	2855.557	2628945.756	1104620.98	2855.557	0.0	0.0
606	2628962.195	1104607.439	2869.093	2628962.195	1104607.439	2869.093	0.0	0.0
607	2628960.795	1104600.057	2870.582	2628960.975	1104600.087	2870.877	0.3468789415085168	0.0495541345012166
610	2628875.949	1104552.294	2864.904	2628876.19	1104552.329	2865.176	0.3650890301781055	0.0521555757397293
611	2628871.011	1104542.517	2863.2	2628871.36	1104542.744	2863.535	0.5343734648448819	0.0763390664064117
615	2628789.124	1104511.792	2840.562	2628789.107	1104511.94	2840.611	0.1568247429871216	0.0224035347124459
616	2628779.221	1104507.057	2837.731	2628779.319	1104507.145	2837.929	0.2378066442369713	0.0339723777481387
617	2628770.194	1104502.817	2835.268	2628770.194	1104502.817	2835.268	0.0	0.0
618	2628765.5	1104498.727	2833.815	2628765.5	1104498.727	2833.815	0.0	0.0
619	2628753.386	1104496.096	2830.667	2628753.386	1104496.096	2830.667	0.0	0.0
620	2628740.472	1104494.713	2827.476	2628740.154	1104494.726	2827.338	0.3468962380625419	0.0495566054375059
621	2628731.666	1104493.167	2825.072	2628731.666	1104493.167	2825.072	0.0	0.0
648	2628948.442	1104647.991	2848.028	2628948.442	1104647.991	2848.028	0.0	0.0
649	2628946.727	1104636.238	2852.764	2628946.727	1104636.238	2852.764	0.0	0.0
650	2628945.756	1104620.98	2855.557	2628945.756	1104620.98	2855.557	0.0	0.0
651	2628962.195	1104607.439	2869.093	2628962.195	1104607.439	2869.093	0.0	0.0
652	2628960.795	1104600.057	2870.582	2628960.795	1104600.057	2870.582	0.0	0.0
653	2628955.722	1104586.533	2873.485	2628955.722	1104586.533	2873.485	0.0	0.0
656	2628858.89	1104541.511	2853.519	2628859.059	1104541.499	2853.754	0.289706748137474	0.0413866783053534
660	2628777.399	1104512.342	2833.665	2628777.472	1104512.407	2833.715	0.109790709862383	0.0156843871231975
661	2628768.719	1104507.775	2831.486	2628768.871	1104507.747	2831.622	0.2058737475396553	0.0294105353628079
662	2628763.898	1104503.364	2830.177	2628764.042	1104503.458	2830.289	0.2052218311142344	0.0293174044448906
663	2628753.42	1104500.45	2827.612	2628753.42	1104500.45	2827.612	0.0	0.0
664	2628741.382	1104498.393	2824.81	2628741.382	1104498.393	2824.81	0.0	0.0
665	2628732.267	1104496.286	2822.718	2628732.189	1104496.283	2822.704	0.0793032157814074	0.0113290308259153
666	2628719.661	1104495.972	2819.863	2628719.545	1104496.015	2819.74	0.1744534320880072	0.0249219188697153
667	2628703.683	1104497.147	2816.383	2628703.696	1104497.094	2816.407	0.0596154342648205	0.00851649060926
668	2628700.383	1104495.646	2815.529	2628700.578	1104495.59	2815.531	0.2028915969211354	0.0289845138458764
693	2628948.442	1104647.991	2848.028	2628948.442	1104647.991	2848.028	0.0	0.0
694	2628946.727	1104636.238	2852.764	2628946.727	1104636.238	2852.764	0.0	0.0
695	2628943.47	1104621.771	2853.648	2628943.47	1104621.771	2853.648	0.0	0.0
696	2628962.272	1104607.842	2868.606	2628962.272	1104607.842	2868.606	0.0	0.0
697	2628960.738	1104601.239	2870.291	2628960.696	1104600.861	2870.277	0.3805837621487138	0.0543691088783876
698	2628880.715	1104572.015	2853.142	2628880.619	1104572.074	2852.897	0.2696701689028209	0.0385243098432601
704	2628780.654	1104517.487	2830.557	2628778.701	1104517.479	2830.25	1.976998229849462	0.2824283185499231
705	2628769.154	1104512.623	2828.059	2628769.273	1104512.615	2828.195	0.1808894689754147	0.0258413527107735
706	2628761.456	1104508.318	2826.248	2628761.456	1104508.318	2826.248	0.0	0.0
707	2628753.453	1104504.657	2824.508	2628753.453	1104504.657	2824.508	0.0	0.0
708	2628741.748	1104502.1	2822.234	2628741.748	1104502.1	2822.234	0.0	0.0
709	2628732.629	1104499.846	2820.288	2628732.96	1104499.893	2820.415	0.3576296965458535	0.0510899566494076
710	2628725.289	1104497.819	2818.586	2628725.289	1104497.819	2818.586	0.0	0.0
711	2628701.083	1104500.158	2813.962	2628700.952	1104500.124	2813.887	0.1547320264606645	0.0221045752086663
712	2628701.245	1104497.75	2813.872	2628701.245	1104497.75	2813.872	0.0	0.0
713	2628694.79	1104497.283	2812.576	2628694.644	1104497.284	2812.538	0.1508674917043577	0.0215524988149082
738	2628920.966	1104638.032	2843.107	2628920.966	1104638.032	2843.107	0.0	0.0
739	2628946.727	1104636.238	2852.764	2628946.727	1104636.238	2852.764	0.0	0.0
740	2628943.47	1104621.771	2853.648	2628945.756	1104620.98	2855.557	3.081518781258725	0.4402169687512464
741	2628950.714	1104610.976	2859.982	2628950.714	1104610.976	2859.982	0.0	0.0
742	2628880.502	1104581.349	2846.542	2628880.502	1104581.349	2846.542	0.0	0.0
748	2628781.612	1104522.872	2826.979	2628782.058	1104522.972	2827.144	0.4859434123591876	0.0694204874798839
749	2628768.533	1104517.533	2824.288	2628768.533	1104517.533	2824.288	0.0	0.0
750	2628760.121	1104512.964	2822.724	2628760.1	1104512.93	2822.821	0.1049094847334958	0.0149870692476422
751	2628752.211	1104509.044	2821.204	2628751.151	1104509.072	2820.995	1.080770558497422	0.1543957940710602
752	2628741.927	1104505.803	2819.35	2628741.981	1104505.851	2819.388	0.0816333265018276	0.0116619037859753
753	2628733.21	1104503.14	2817.689	2628733.21	1104503.14	2817.689	0.0	0.0
754	2628728.245	1104500.521	2816.701	2628728.245	1104500.521	2816.701	0.0	0.0
755	2628701.342	1104502.528	2812.138	2628702.048	1104502.385	2812.343	0.7489392496439629	0.1069913213777089
756	2628699.806	1104500.467	2811.881	2628699.613	1104500.411	2811.792	0.2197862597467493	0.0313980371066784
783	2628948.442	1104647.991	2848.028	2628948.442	1104647.991	2848.028	0.0	0.0
784	2628946.055	1104635.362	2851.36	2628946.055	1104635.362	2851.36	0.0	0.0
785	2628936.774	1104619.64	2849.803	2628936.774	1104619.64	2849.803	0.0	0.0
786	2628922.333	1104602.84	2846.097	2628922.333	1104602.84	2846.097	0.0	0.0
793	2628769.662	1104522.552	2820.932	2628769.662	1104522.552	2820.932	0.0	0.0
794	2628759.087	1104517.58	2819.24	2628759.124	1104517.612	2819.253	0.0506162028781635	0.0072308861254519
795	2628748.925	1104513.343	2817.556	2628751.683	1104513.375	2817.983	2.7910422788071574	0.3987203255438796
796	2628741.336	1104509.756	2816.347	2628741.215	1104509.747	2816.272	0.1426429110336773	0.0203775587190967
797	2628734.459	1104506.598	2815.186	2628734.459	1104506.598	2815.186	0.0	0.0
798	2628729.75	1104503.719	2814.456	2628729.763	1104503.666	2814.505	0.0733416662107194	0.0104773808872456
799	2628710.708	1104503.467	2811.628	2628703.938	1104504.594	2810.724	6.922445016066673	0.9889207165809532
800	2628699.878	1104502.867	2809.957	2628699.883	1104502.823	2810.006	0.0660454388916338	0.0094350626988048
828	2628888.026	1104625.513	2834.613	2628887.956	1104625.224	2834.563	0.3015310930949952	0.0430758704421421
837	2628769.656	1104527.628	2817.328	2628769.656	1104527.628	2817.328	0.0	0.0
838	2628759.381	1104522.256	2815.823	2628759.381	1104522.256	2815.823	0.0	0.0
839	2628752.221	1104517.618	2814.837	2628752.406	1104517.666	2814.864	0.1930233146954754	0.0275747592422107
840	2628740.734	1104513.667	2813.356	2628740.734	1104513.667	2813.356	0.0	0.0
841	2628733.842	1104510.319	2812.353	2628733.842	1104510.319	2812.353	0.0	0.0
842	2628730.047	1104507.17	2811.867	2628730.047	1104507.17	2811.867	0.0	0.0
843	2628725.259	1104504.271	2811.088	2628725.512	1104504.314	2811.177	0.2716229003943353	0.038803271484905
844	2628699.835	1104505.282	2808.24	2628699.835	1104505.282	2808.24	0.0	0.0
846	2628698.557	1104500.815	2807.821	2628698.546	1104500.773	2807.796	0.0500999001021387	0.0071571285860198
881	2628769.926	1104533.043	2813.485	2628769.779	1104533.157	2813.337	0.2377162172118214	0.0339594596016887
882	2628761.265	1104527.172	2812.464	2628761.337	1104527.089	2812.489	0.1126854026602961	0.0160979146657565
883	2628750.326	1104521.902	2811.378	2628750.326	1104521.902	2811.378	0.0	0.0
884	2628739.375	1104517.759	2810.246	2628739.01	1104517.731	2810.143	0.3802867341526189	0.0543266763075169
885	2628732.123	1104514.113	2809.444	2628732.109	1104514.166	2809.42	0.0598414572579577	0.0085487796082796
886	2628728.21	1104510.522	2809.066	2628728.91	1104510.519	2809.173	0.7081369925804756	0.1011624275114965
887	2628724.655	1104507.6	2808.62	2628724.595	1104507.595	2808.571	0.0776273144713557	0.0110896163530508
889	2628699.367	1104505.39	2806.169	2628699.363	1104505.355	2806.243	0.0819573059321914	0.0117081865617416
890	2628698.165	1104503.167	2806.001	2628698.165	1104503.167	2806.001	0.0	0.0
891	2628694.566	1104501.685	2805.62	2628694.566	1104501.685	2805.62	0.0	0.0
916	2628854.241	1104630.783	2817.383	2628854.071	1104630.439	2817.355	0.3847336741212672	0.0549619534458953
925	2628766.329	1104537.407	2809.429	2628766.329	1104537.407	2809.429	0.0	0.0
926	2628760.897	1104532.013	2808.867	2628760.897	1104532.013	2808.867	0.0	0.0
927	2628752.755	1104526.582	2808.172	2628752.81	1104526.778	2808.258	0.2209909500792803	0.0315701357256114
928	2628738.686	1104521.788	2807.168	2628738.596	1104521.742	2807.167	0.1010791771029145	0.0144398824432735
929	2628733.286	1104517.69	2806.781	2628733.294	1104517.793	2806.696	0.1337834071574011	0.0191119153082001
930	2628727.201	1104514.191	2806.203	2628727.201	1104514.191	2806.203	0.0	0.0
931	2628724.712	1104510.972	2806.076	2628724.762	1104511.064	2806.077	0.1047138960119477	0.0149591280017068
932	2628720.003	1104508.144	2805.653	2628720.003	1104508.144	2805.653	0.0	0.0
960	2628844.988	1104635.655	2810.175	2628844.988	1104635.655	2810.175	0.0	0.0
969	2628765.532	1104542.892	2805.462	2628765.508	1104542.903	2805.377	0.0890056178491473	0.0127150882641639
970	2628759.009	1104536.773	2805.263	2628758.973	1104536.871	2805.165	0.1431921785176456	0.0204560255025208
971	2628751.664	1104531.037	2804.931	2628751.664	1104531.037	2804.931	0.0	0.0
972	2628739.234	1104525.83	2804.29	2628739.378	1104525.812	2804.377	0.1692010637194349	0.0241715805313478
973	2628732.154	1104521.462	2803.892	2628732.117	1104521.43	2803.88	0.0503686411240964	0.0071955201605852
974	2628726.97	1104517.782	2803.644	2628726.97	1104517.782	2803.644	0.0	0.0
975	2628723.273	1104514.349	2803.476	2628723.187	1104514.337	2803.414	0.1066958294343707	0.0152422613477672
976	2628721.078	1104511.24	2803.329	2628721.18	1104511.233	2803.416	0.1342460427373704	0.0191780061053386
977	2628704.616	1104509.711	2802.596	2628704.616	1104509.711	2802.596	0.0	0.0
1004	2628838.361	1104641.32	2803.395	2628838.361	1104641.32	2803.395	0.0	0.0
1014	2628758.355	1104541.624	2801.675	2628758.405	1104541.7	2801.517	0.18231840270234	0.0260454861003342
1015	2628752.06	1104535.819	2801.467	2628751.979	1104535.764	2801.429	0.1050238069746734	0.0150034009963819
1016	2628736.74	1104529.642	2801.152	2628736.672	1104529.534	2801.114	0.1331615562423591	0.0190230794631941
1017	2628732.493	1104525.405	2801.207	2628732.417	1104525.419	2801.133	0.1069953269143932	0.0152850467020561
1018	2628727.668	1104521.26	2800.949	2628726.907	1104521.128	2800.915	0.7731112467846158	0.1104444638263737
1019	2628721.85	1104517.69	2800.778	2628721.83	1104517.657	2800.827	0.062369864552944	0.0089099806504205
1021	2628714.465	1104511.758	2800.531	2628714.516	1104511.754	2800.581	0.0715332090528279	0.0102190298646897
1048	2628831.196	1104646.794	2797.169	2628830.467	1104646.367	2797.085	0.8490147228734526	0.1212878175533503
1058	2628757.888	1104546.49	2797.845	2628757.888	1104546.49	2797.845	0.0	0.0
1059	2628753.097	1104540.722	2797.986	2628753.097	1104540.722	2797.986	0.0	0.0
1060	2628731.119	1104532.96	2798.228	2628731.104	1104532.865	2798.239	0.096803925533019	0.0138291322190027
1061	2628730.405	1104528.973	2798.208	2628730.405	1104528.973	2798.208	0.0	0.0
1062	2628726.789	1104524.963	2798.198	2628726.698	1104524.883	2798.136	0.136106575941871	0.0194437965631244
1063	2628723.422	1104521.204	2798.291	2628723.43	1104521.195	2798.34	0.0504579032788198	0.0072082718969742
1064	2628718.643	1104517.912	2798.207	2628718.643	1104517.912	2798.207	0.0	0.0
1065	2628711.243	1104514.94	2798.286	2628707.611	1104515.007	2798.312	3.63271097091307	0.5189587101304386
1102	2628756.764	1104551.433	2794.3	2628756.649	1104551.511	2794.225	0.1579050345655626	0.0225578620807946
1103	2628750.871	1104544.847	2794.437	2628750.899	1104544.741	2794.449	0.1102905256725469	0.0157557893817924
1104	2628731.301	1104536.94	2795.21	2628731.117	1104536.779	2795.269	0.2515114309748802	0.0359302044249828
1105	2628728.391	1104532.623	2795.319	2628728.391	1104532.623	2795.319	0.0	0.0
1106	2628725.44	1104528.498	2795.502	2628725.511	1104528.545	2795.576	0.1128095740680161	0.016115653438288
1107	2628722.141	1104524.735	2795.656	2628722.141	1104524.735	2795.656	0.0	0.0
1108	2628718.697	1104521.119	2795.748	2628718.724	1104521.144	2795.785	0.0521823724498836	0.0074546246356976
1147	2628747.827	1104549.215	2791.158	2628747.827	1104549.215	2791.158	0.0	0.0
1148	2628728.767	1104540.476	2792.437	2628728.717	1104540.384	2792.485	0.1151868046759544	0.0164552578108506
1149	2628727.643	1104536.344	2792.558	2628727.738	1104536.346	2792.608	0.1073731807758365	0.0153390258251195
1150	2628724.126	1104532.049	2792.781	2628724.111	1104531.954	2792.83	0.1079397982341948	0.0154199711763135
1151	2628720.184	1104528.016	2793.086	2628720.184	1104528.016	2793.086	0.0	0.0
1152	2628717.764	1104524.47	2793.35	2628717.764	1104524.47	2793.35	0.0	0.0
1153	2628711.084	1104520.93	2793.705	2628711.062	1104520.975	2793.68	0.0559821400895729	0.0079974485842247
1155	2628704.027	1104515.242	2794.208	2628704.57	1104515.214	2794.24	0.5446622807557362	0.0778088972508194
1180	2628807.944	1104657.882	2780.362	2628807.844	1104657.777	2780.214	0.2071931466404133	0.0295990209486304
1191	2628747.843	1104553.987	2787.64	2628746.94	1104553.813	2787.652	0.9196896214691486	0.1313842316384497
1192	2628744.075	1104548.272	2787.966	2628744.075	1104548.272	2787.966	0.0	0.0
1193	2628725.272	1104539.748	2789.823	2628725.277	1104539.687	2789.811	0.0623698644962846	0.0089099806423263
1194	2628722.634	1104535.558	2790.242	2628722.593	1104535.457	2790.266	0.1116154112180817	0.0159450587454402
1195	2628719.595	1104531.405	2790.423	2628719.652	1104531.358	2790.509	0.1133754821479465	0.0161964974497066
1196	2628715.884	1104527.608	2790.817	2628715.924	1104527.561	2790.866	0.0788035532504979	0.0112576504643568
1197	2628712.399	1104524.089	2791.287	2628712.188	1104524.034	2791.26	0.219715725532464	0.031387960790352
1198	2628708.982	1104520.921	2791.588	2628708.982	1104520.921	2791.588	0.0	0.0
1199	2628704.496	1104517.971	2791.986	2628704.741	1104518.007	2791.952	0.2499539958882529	0.0357077136983218
1224	2628801.032	1104661.301	2775.503	2628801.332	1104661.419	2775.605	0.3381242373627914	0.0483034624803987
1225	2628803.06	1104654.181	2775.595	2628803.06	1104654.181	2775.595	0.0	0.0
1235	2628746.998	1104558.557	2784.073	2628746.416	1104558.405	2784.053	0.6018538027850696	0.0859791146835813
1236	2628741.311	1104552.188	2784.849	2628741.311	1104552.188	2784.849	0.0	0.0
1237	2628724.561	1104543.484	2786.989	2628724.538	1104543.399	2787.013	0.0912688336493786	0.013038404807054
1238	2628720.376	1104538.704	2787.533	2628720.376	1104538.704	2787.533	0.0	0.0
1239	2628717.922	1104534.693	2788.064	2628717.76	1104534.6	2788.025	0.1908245266749964	0.0272606466678566
1240	2628715.234	1104530.897	2788.336	2628715.234	1104530.897	2788.336	0.0	0.0
1241	2628711.574	1104527.112	2788.901	2628711.574	1104527.112	2788.901	0.0	0.0
1242	2628708.152	1104523.893	2789.312	2628708.152	1104523.893	2789.312	0.0	0.0
1243	2628705.094	1104520.813	2789.741	2628704.946	1104520.78	2789.69	0.1599812489537142	0.0228544641362448
1244	2628700.397	1104517.972	2790.307	2628700.284	1104517.953	2790.293	0.115438295117971	0.016491185016853
1245	2628697.538	1104515.407	2790.739	2628673.826	1104516.294	2793.401	23.87743614825436	3.41106230689348
1268	2628795.305	1104664.882	2770.806	2628795.305	1104664.882	2770.806	0.0	0.0
1269	2628796.171	1104657.278	2770.552	2628795.797	1104656.931	2770.302	0.5681417077725062	0.081163101110358
1270	2628797.955	1104650.218	2770.483	2628797.955	1104650.218	2770.483	0.0	0.0
1279	2628746.435	1104563.229	2780.547	2628746.352	1104563.14	2780.472	0.1429510407232372	0.0204215772461767
1280	2628740.953	1104556.586	2781.484	2628740.953	1104556.586	2781.484	0.0	0.0
1281	2628722.741	1104546.868	2784.396	2628722.547	1104546.795	2784.357	0.2109170454595288	0.0301310064942184
1282	2628719.168	1104542.186	2785.033	2628719.235	1104542.164	2785.046	0.0717077399504048	0.0102439628500578
1283	2628716.141	1104537.884	2785.532	2628716.141	1104537.884	2785.532	0.0	0.0
1284	2628713.913	1104534.005	2785.932	2628713.941	1104534.046	2785.969	0.0619193024246872	0.0088456146320981
1285	2628711.192	1104530.41	2786.498	2628711.116	1104530.423	2786.424	0.1068690787055676	0.0152670112436525
1286	2628707.361	1104526.705	2787.244	2628707.361	1104526.705	2787.244	0.0	0.0
1287	2628704.451	1104523.625	2787.638	2628704.451	1104523.625	2787.638	0.0	0.0
1288	2628700.418	1104520.635	2788.274	2628700.418	1104520.635	2788.274	0.0	0.0
1289	2628696.672	1104518.042	2788.841	2628696.63	1104518.054	2788.791	0.0663927706458101	0.00948468152083
1312	2628789.342	1104668.194	2766.204	2628789.362	1104668.097	2766.204	0.0990403956402872	0.0141486279486124
1313	2628789.402	1104660.096	2766.256	2628789.394	1104660.235	2766.268	0.1397461987105175	0.019963742672931
1314	2628791.704	1104653.686	2766.207	2628792.038	1104654.157	2766.274	0.5812796229745579	0.0830399461392225
1315	2628791.099	1104645.172	2766.702	2628791.099	1104645.172	2766.702	0.0	0.0
1323	2628742.097	1104566.938	2777.58	2628742.158	1104567.072	2777.581	0.1472345065824302	0.0210335009403471
1324	2628727.158	1104556.301	2780.447	2628727.297	1104556.326	2780.498	0.1501565848906256	0.0214509406986608
1325	2628720.776	1104550.141	2781.801	2628720.776	1104550.141	2781.801	0.0	0.0
1326	2628717.927	1104545.428	2782.448	2628717.927	1104545.428	2782.448	0.0	0.0
1327	2628715.436	1104541.125	2783.014	2628715.436	1104541.125	2783.014	0.0	0.0
1328	2628712.973	1104537.123	2783.582	2628712.79	1104537.092	2783.519	0.19600765308623	0.0280010932980328
1329	2628710.317	1104533.471	2784.112	2628710.317	1104533.471	2784.112	0.0	0.0
1330	2628706.51	1104529.721	2784.871	2628706.51	1104529.721	2784.871	0.0	0.0
1331	2628703.474	1104526.484	2785.482	2628703.409	1104526.411	2785.445	0.1045131569327685	0.0149304509903955
1332	2628701.149	1104523.399	2786.116	2628701.02	1104523.399	2786.041	0.1492179615495067	0.0213168516499295
1333	2628697.473	1104520.559	2786.671	2628697.423	1104520.58	2786.646	0.0597159948053127	0.0085308564007589
1356	2628783.591	1104671.092	2761.92	2628783.682	1104670.895	2761.897	0.2182177810676686	0.0311739687239526
1357	2628784.51	1104663.569	2762.046	2628784.51	1104663.569	2762.046	0.0	0.0
1358	2628785.328	1104656.59	2762.063	2628785.328	1104656.59	2762.063	0.0	0.0
1368	2628734.411	1104563.472	2775.783	2628734.503	1104563.439	2775.833	0.1097861559418356	0.0156837365631193
1369	2628717.312	1104552.69	2779.575	2628717.397	1104552.684	2779.625	0.0987977732254682	0.0141139676036383
1370	2628717.427	1104549.106	2779.763	2628717.427	1104549.106	2779.763	0.0	0.0
1371	2628713.895	1104544.3	2780.559	2628713.89	1104544.361	2780.559	0.0612045749702725	0.0087435107100389
1372	2628712.182	1104540.386	2781.112	2628712.124	1104540.286	2781.124	0.1162239217825851	0.0166034173975121
1373	2628709.539	1104536.552	2781.776	2628709.539	1104536.552	2781.776	0.0	0.0
1374	2628706.01	1104532.576	2782.55	2628705.921	1104532.53	2782.537	0.1010247491019612	0.0144321070145658
1375	2628702.725	1104529.138	2783.378	2628702.674	1104529.142	2783.328	0.0715332090528279	0.0102190298646897
1376	2628700.308	1104526.085	2783.925	2628699.96	1104526.056	2783.895	0.3504925108370781	0.0500703586910111
1377	2628697.653	1104523.264	2784.591	2628697.607	1104523.223	2784.602	0.0625939294630732	0.0089419899232961
1379	2628674.798	1104518.115	2789.129	2628670.373	1104518.111	2789.951	4.500702722725798	0.6429575318179711
1399	2628777.755	1104681.319	2757.546	2628777.755	1104681.319	2757.546	0.0	0.0
1400	2628778.022	1104673.535	2757.907	2628777.966	1104673.73	2757.895	0.2032363156781013	0.0290337593825859
1401	2628778.193	1104665.975	2758.133	2628778.193	1104665.975	2758.133	0.0	0.0
1402	2628778.767	1104658.492	2758.377	2628778.694	1104658.558	2758.364	0.09926731568274	0.0141810450975342
1412	2628734.081	1104567.764	2772.467	2628734.069	1104567.609	2772.564	0.1832430080519877	0.0261775725788553
1413	2628718.456	1104556.944	2776.486	2628718.156	1104556.747	2776.603	0.3774890725036476	0.0539270103576639
1414	2628715.17	1104551.948	2777.382	2628715.17	1104551.948	2777.382	0.0	0.0
1415	2628712.212	1104547.336	2778.321	2628712.212	1104547.336	2778.321	0.0	0.0
1416	2628710.174	1104543.349	2778.907	2628710.174	1104543.349	2778.907	0.0	0.0
1417	2628708.202	1104539.419	2779.396	2628708.066	1104539.332	2779.382	0.1620524606225962	0.0231503515175137
1418	2628706.019	1104535.665	2780.323	2628706.019	1104535.665	2780.323	0.0	0.0
1419	2628702.681	1104532.083	2781.125	2628702.449	1104531.978	2781.109	0.2551568144737406	0.0364509734962486
1420	2628699.152	1104528.774	2781.974	2628699.063	1104528.728	2781.96	0.1011582915658838	0.0144511845094119
1421	2628697.324	1104525.863	2782.529	2628697.312	1104525.934	2782.48	0.0870976463629888	0.0124425209089984
1422	2628692.223	1104522.804	2783.822	2628692.125	1104522.767	2783.821	0.1047568615704821	0.0149652659386403
1443	2628774.605	1104686.33	2753.095	2628774.661	1104686.283	2753.218	0.1430873858413705	0.0204410551201957
1444	2628774.438	1104677.909	2753.546	2628774.45	1104677.787	2753.399	0.1914079413089262	0.0273439916155608
1445	2628774.622	1104670.295	2753.882	2628774.675	1104670.196	2753.932	0.1229227398367702	0.0175603914052528
1446	2628772.466	1104660.705	2754.916	2628772.405	1104660.796	2754.781	0.173859138470158	0.0248370197814511
1456	2628738.698	1104574.918	2768.025	2628738.698	1104574.918	2768.025	0.0	0.0
1457	2628717.378	1104560.392	2773.817	2628717.279	1104560.338	2773.803	0.1136353817540613	0.0162336259648659
1458	2628715.067	1104555.73	2774.63	2628715.067	1104555.73	2774.63	0.0	0.0
1459	2628711.573	1104550.634	2775.707	2628711.39	1104550.507	2775.802	0.2421631679769753	0.034594738282425
1460	2628708.705	1104546.216	2776.684	2628708.705	1104546.216	2776.684	0.0	0.0
1461	2628707.088	1104542.305	2777.238	2628707.183	1104542.437	2777.252	0.1632329624631835	0.0233189946375976
1462	2628705.101	1104538.608	2778.033	2628705.101	1104538.608	2778.033	0.0	0.0
1463	2628702.043	1104534.947	2778.863	2628701.806	1104534.902	2778.885	0.2422354228573896	0.0346050604081985
1464	2628699.25	1104531.553	2779.917	2628699.104	1104531.554	2779.854	0.1590157226602968	0.0227165318086138
1465	2628696.831	1104528.483	2780.55	2628696.819	1104528.423	2780.525	0.0660984114637983	0.009442630209114
1466	2628692.388	1104525.285	2781.766	2628692.477	1104525.33	2781.779	0.100573356518684	0.014367622359812
1467	2628685.468	1104522.36	2783.769	2628685.376	1104522.297	2783.804	0.1168674460984248	0.0166953494426321
1468	2628681.506	1104520.101	2784.701	2628670.66	1104519.719	2787.356	11.172764429535208	1.5961092042193157
1487	2628773.411	1104693.162	2747.88	2628773.449	1104693.099	2747.941	0.0955719625392089	0.0136531375056012
1488	2628770.288	1104681.609	2749.396	2628770.377	1104681.542	2749.507	0.1572609295073429	0.0224658470724775
1489	2628771.22	1104674.57	2749.683	2628771.287	1104674.418	2749.695	0.1665442883277974	0.0237920411896853
1490	2628766.241	1104661.9	2751.746	2628766.241	1104661.9	2751.746	0.0	0.0
1500	2628736.87	1104578.695	2764.761	2628736.92	1104578.787	2764.738	0.1072054101780354	0.0153150585968622
1501	2628732.813	1104571.99	2766.266	2628732.813	1104571.99	2766.266	0.0	0.0
1502	2628713.699	1104558.764	2772.164	2628713.749	1104558.743	2772.201	0.0656505900906232	0.0093786557272318
1503	2628710.349	1104553.779	2773.341	2628710.349	1104553.779	2773.341	0.0	0.0
1504	2628706.575	1104548.814	2774.61	2628706.53	1104548.774	2774.585	0.065192024344921	0.0093131463349887
1505	2628705.148	1104545.054	2775.351	2628705.148	1104545.054	2775.351	0.0	0.0
1506	2628703.821	1104541.461	2775.837	2628703.821	1104541.461	2775.837	0.0	0.0
1507	2628701.69	1104537.817	2776.655	2628701.702	1104537.86	2776.631	0.0506853036684814	0.0072407576669259
1508	2628698.297	1104534.238	2777.725	2628698.265	1104534.275	2777.7	0.0549363265872141	0.0078480466553163
1509	2628696.267	1104531.072	2778.533	2628696.178	1104531.026	2778.495	0.1071494284352138	0.0153070612050305
1510	2628693.074	1104527.913	2779.643	2628693.074	1104527.913	2779.643	0.0	0.0
1511	2628684.968	1104524.521	2781.936	2628684.876	1104524.57	2781.91	0.107429046158629	0.0153470065940898
1512	2628674.165	1104521.616	2785.086	2628681.66	1104522.105	2782.998	7.795761027746583	1.1136801468209403
1531	2628768.67	1104695.828	2743.927	2628768.67	1104695.828	2743.927	0.0	0.0
1532	2628766.931	1104685.681	2745.331	2628767.072	1104685.61	2745.479	0.2163931608955545	0.0309133086993649
1533	2628766.775	1104677.691	2745.918	2628766.923	1104677.724	2746.018	0.1816397533620113	0.025948536194573
1534	2628766.384	1104669.482	2746.734	2628766.534	1104669.775	2746.712	0.3298984690366568	0.0471283527195224
1535	2628765.983	1104661.58	2746.61	2628765.902	1104661.638	2746.499	0.1491509303831521	0.0213072757690217
1545	2628730.827	1104575.534	2763.33	2628731.015	1104575.634	2763.357	0.2146462206735641	0.0306637458105091
1546	2628713.043	1104562.322	2769.501	2628713.043	1104562.322	2769.501	0.0	0.0
1547	2628709.694	1104557.129	2770.873	2628709.773	1104557.167	2770.959	0.122804722960676	0.0175435318515251
1548	2628706.128	1104552.038	2772.181	2628706.128	1104552.038	2772.181	0.0	0.0
1549	2628703.903	1104547.923	2773.179	2628703.848	1104547.874	2773.166	0.0747997323238218	0.0106856760462602
1550	2628703.196	1104544.402	2773.625	2628703.2	1104544.341	2773.662	0.0714562803392042	0.0102080400484577
1551	2628700.926	1104540.766	2774.551	2628700.926	1104540.766	2774.551	0.0	0.0
1552	2628698.155	1104537.034	2775.568	2628697.994	1104536.958	2775.614	0.1838831148671589	0.0262690164095941
1553	2628695.81	1104533.706	2776.481	2628695.81	1104533.706	2776.481	0.0	0.0
1554	2628692.748	1104530.434	2777.605	2628692.581	1104530.385	2777.591	0.174602405797972	0.0249432008282817
1555	2628688.392	1104527.316	2779.19	2628688.392	1104527.316	2779.19	0.0	0.0
1557	2628667.784	1104521.163	2785.502	2628666.858	1104521.085	2785.795	0.9743762106883964	0.1391966015269138
1575	2628764.13	1104698.236	2740.489	2628764.13	1104698.236	2740.489	0.0	0.0
1576	2628764.891	1104691.242	2740.859	2628764.962	1104691.289	2740.946	0.1217333150842245	0.0173904735834606
1577	2628762.915	1104681.05	2742.296	2628762.999	1104681.009	2742.31	0.0945145489520587	0.0135020784217226
1578	2628762.433	1104672.873	2742.989	2628762.519	1104673.014	2743.125	0.2139462548375564	0.0305637506910794
1579	2628762.005	1104664.903	2743.23	2628762.048	1104664.874	2743.133	0.1099954544406275	0.015713636348661
1589	2628730.197	1104579.647	2760.143	2628729.975	1104579.436	2760.164	0.3069951141031902	0.0438564448718843
1590	2628713.486	1104566.467	2766.5	2628713.436	1104566.375	2766.523	0.1072054101780354	0.0153150585968622
1591	2628709.151	1104560.446	2768.321	2628709.151	1104560.446	2768.321	0.0	0.0
1592	2628705.21	1104555.127	2769.929	2628705.295	1104555.087	2769.905	0.0969587541000905	0.0138512505857272
1593	2628701.495	1104550.183	2771.517	2628701.487	1104550.08	2771.541	0.1060613029112857	0.0151516147016122
1594	2628700.829	1104546.729	2771.841	2628700.829	1104546.729	2771.841	0.0	0.0
1595	2628699.78	1104543.317	2772.49	2628699.822	1104543.305	2772.515	0.0503289184582237	0.0071898454940319
1596	2628697.707	1104539.772	2773.419	2628697.707	1104539.772	2773.419	0.0	0.0
1597	2628695.384	1104536.303	2774.601	2628695.087	1104536.124	2774.535	0.3529957508977122	0.0504279644139588
1598	2628692.109	1104532.829	2775.697	2628692.099	1104532.691	2775.794	0.1689763295562468	0.0241394756508924
1599	2628687.66	1104529.517	2777.451	2628687.637	1104529.432	2777.475	0.0912688336493786	0.013038404807054
1600	2628681.143	1104526.314	2779.666	2628663.217	1104523.837	2785.584	19.039425647822817	2.719917949688974
1620	2628761.166	1104694.506	2737.031	2628761.26	1104694.491	2737.045	0.0962133042987018	0.0137447577569574
1621	2628759.66	1104684.837	2738.293	2628759.711	1104684.981	2738.44	0.2120047168245518	0.0302863881177931
1622	2628757.986	1104675.266	2739.711	2628758.056	1104675.166	2739.785	0.1427445270235162	0.0203920752890737
1623	2628758.714	1104668.777	2739.789	2628758.541	1104668.512	2739.798	0.3165991154898251	0.045228445069975
1634	2628715.191	1104571.37	2762.894	2628723.39	1104575.988	2759.726	9.92903565299112	1.4184336647130174
1635	2628709.271	1104564.066	2765.534	2628709.242	1104563.895	2765.57	0.1771383641004938	0.0253054805857848
1636	2628705.309	1104558.584	2767.3	2628705.309	1104558.584	2767.3	0.0	0.0
1637	2628702.658	1104553.951	2768.524	2628702.658	1104553.951	2768.524	0.0	0.0
1638	2628699.409	1104549.383	2770.045	2628699.409	1104549.383	2770.045	0.0	0.0
1639	2628699.183	1104546.168	2770.327	2628699.188	1104546.107	2770.351	0.0657419196349353	0.0093917028049907
1640	2628697.012	1104542.474	2771.388	2628697.012	1104542.474	2771.388	0.0	0.0
1641	2628694.477	1104538.82	2772.604	2628694.431	1104538.78	2772.591	0.0623297682588632	0.008904252608409
1642	2628692.248	1104535.675	2773.568	2628692.312	1104535.732	2773.569	0.0857088092045594	0.0122441156006513
1643	2628687.775	1104532.035	2775.406	2628687.815	1104531.989	2775.455	0.0782112523220483	0.0111730360460069
1665	2628754.295	1104685.635	2735.573	2628754.37	1104685.734	2735.623	0.1338880129583799	0.0191268589940542
1666	2628754.371	1104678.322	2736.3	2628754.468	1104678.212	2736.337	0.1512547519395992	0.021607821705657
1667	2628753.723	1104670.182	2737.308	2628753.779	1104670.1	2737.271	0.1059669758678582	0.015138139409694
1678	2628722.42	1104579.967	2756.694	2628722.455	1104579.982	2756.731	0.0530942559450808	0.0075848937064401
1679	2628711.114	1104569.073	2761.832	2628711.064	1104568.981	2761.843	0.1052853269019036	0.0150407609859862
1680	2628705.452	1104562.159	2764.538	2628705.452	1104562.159	2764.538	0.0	0.0
1681	2628702.11	1104557.008	2766.252	2628702.283	1104557.143	2766.291	0.2228788908483146	0.0318398415497592
1682	2628699.615	1104552.642	2767.491	2628699.563	1104552.628	2767.441	0.0734846923774044	0.010497813196772
1683	2628698.225	1104548.948	2768.306	2628698.225	1104548.948	2768.306	0.0	0.0
1684	2628696.63	1104545.303	2769.228	2628696.52	1104545.206	2769.202	0.1489462989950259	0.0212780427135751
1685	2628694.295	1104541.515	2770.373	2628694.275	1104541.594	2770.299	0.1100772457114376	0.0157253208159196
1686	2628691.477	1104538.053	2771.744	2628691.477	1104538.053	2771.744	0.0	0.0
1687	2628686.866	1104534.066	2773.787	2628686.871	1104534.023	2773.836	0.0653834841861968	0.0093404977408852
1688	2628684.762	1104531.372	2774.754	2628684.708	1104531.341	2774.753	0.0622735898905882	0.0088962271272268
1689	2628683.065	1104528.694	2775.751	2628683.113	1104528.638	2775.8	0.0885494211179741	0.0126499173025677
1690	2628670.222	1104524.749	2780.741	2628670.511	1104524.791	2780.66	0.3030610498205978	0.0432944356886568
1710	2628750.837	1104681.563	2733.036	2628750.837	1104681.563	2733.036	0.0	0.0
1711	2628750.744	1104673.906	2733.723	2628750.758	1104673.836	2733.65	0.1021028893233121	0.0145861270461874
1722	2628724.93	1104586.005	2752.222	2628725.178	1104586.093	2752.262	0.2661728759216589	0.0380246965602369
1723	2628711.536	1104573.133	2758.684	2628711.536	1104573.133	2758.684	0.0	0.0
1724	2628707.24	1104566.762	2761.005	2628707.274	1104566.76	2761.042	0.0502891638362821	0.007184166262326
1725	2628703.253	1104560.968	2763.162	2628703.253	1104560.968	2763.162	0.0	0.0
1726	2628699.637	1104555.774	2765.092	2628699.73	1104555.871	2765.094	0.1343949403442804	0.01919927719204
1727	2628696.826	1104551.376	2766.485	2628696.877	1104551.372	2766.535	0.07153320905251	0.0102190298646442
1728	2628695.897	1104547.972	2767.27	2628695.84	1104547.89	2767.282	0.1005832989675705	0.0143690427096529
1729	2628693.872	1104544.277	2768.383	2628693.872	1104544.277	2768.383	0.0	0.0
1730	2628690.846	1104540.456	2769.885	2628690.945	1104540.51	2769.898	0.1135165185617745	0.0162166455088249
1731	2628687.508	1104536.914	2771.591	2628687.962	1104537.083	2771.475	0.4981295011509822	0.0711613573072831
1732	2628684.333	1104533.613	2773.215	2628684.419	1104533.607	2773.228	0.0871837141880024	0.0124548163125717
1733	2628682.341	1104530.66	2774.219	2628682.252	1104530.614	2774.206	0.1010247495121374	0.0144321070731624
1755	2628747.689	1104677.046	2730.392	2628747.689	1104677.046	2730.392	0.0	0.0
1767	2628718.782	1104581.825	2752.338	2628718.776	1104581.739	2752.362	0.0894874291862218	0.0127839184551745
1768	2628708.001	1104570.956	2757.764	2628708.102	1104571.044	2757.766	0.1339738778862968	0.0191391254123281
1769	2628703.88	1104564.884	2760.162	2628703.847	1104564.791	2760.21	0.1097360469884939	0.0156765781412134
1770	2628699.9	1104559.211	2762.343	2628699.9	1104559.211	2762.343	0.0	0.0
1771	2628696.833	1104554.431	2764.147	2628696.928	1104554.546	2764.137	0.1494991637043728	0.0213570233863389
1772	2628694.77	1104550.443	2765.332	2628694.77	1104550.443	2765.332	0.0	0.0
1773	2628693.009	1104546.816	2766.448	2628692.805	1104546.622	2766.53	0.2932166434832984	0.0418880919261854
1774	2628691.637	1104543.545	2767.423	2628691.563	1104543.481	2767.458	0.1039086137189724	0.0148440876741389
1775	2628688.082	1104539.654	2769.345	2628684.914	1104538.647	2770.816	3.6351222813500383	0.5193031830500054
1778	2628678.67	1104530.012	2774.292	2628660.489	1104526.176	2782.255	20.215662887872323	2.8879518411246177
1779	2628669.618	1104526.944	2778.43	2628669.618	1104526.944	2778.43	0.0	0.0
1800	2628744.241	1104672.824	2728.319	2628744.241	1104672.824	2728.319	0.0	0.0
1811	2628717.575	1104585.369	2749.411	2628717.785	1104585.537	2749.402	0.2690817719683607	0.0384402531383372
1812	2628710.573	1104576.514	2753.438	2628710.573	1104576.514	2753.438	0.0	0.0
1813	2628704.53	1104568.851	2757.029	2628704.53	1104568.851	2757.029	0.0	0.0
1814	2628700.51	1104562.885	2759.453	2628700.51	1104562.885	2759.453	0.0	0.0
1815	2628696.726	1104557.528	2761.552	2628696.71	1104557.434	2761.612	0.1126587768538862	0.0160941109791266
1816	2628695.011	1104553.587	2762.814	2628695.078	1104553.677	2762.803	0.1127386358335862	0.016105519404798
1817	2628692.1	1104549.333	2764.634	2628692.159	1104549.32	2764.659	0.0653834840626954	0.0093404977232422
1818	2628690.794	1104546.005	2765.573	2628690.684	1104545.909	2765.547	0.1482969994812969	0.0211852856401852
1819	2628687.443	1104541.936	2767.51	2628687.597	1104542.021	2767.464	0.1818158409587145	0.0259736915655306
1820	2628682.719	1104537.869	2769.906	2628682.773	1104537.917	2770.004	0.12175385002432	0.0173934071463314
1822	2628679.658	1104532.464	2772.014	2628661.354	1104527.925	2780.597	20.719720702726377	2.9599601003894827
1823	2628659.736	1104526.143	2781.426	2628659.736	1104526.143	2781.426	0.0	0.0
1824	2628659.623	1104525.899	2781.559	2628659.623	1104525.899	2781.559	0.0	0.0
1825	2628669.618	1104526.944	2778.43	2628669.618	1104526.944	2778.43	0.0	0.0
1855	2628718.394	1104590.34	2745.66	2628718.437	1104590.345	2745.697	0.0569473441377925	0.0081353348768275
1856	2628713.274	1104582.314	2748.98	2628713.389	1104582.35	2748.994	0.121313642885197	0.017330520412171
1857	2628705.324	1104573.008	2753.763	2628705.324	1104573.008	2753.763	0.0	0.0
1858	2628701.543	1104566.992	2756.19	2628701.597	1104567.023	2756.216	0.0674759216154426	0.0096394173736346
1859	2628698.031	1104561.339	2758.475	2628698.031	1104561.339	2758.475	0.0	0.0
1860	2628694.492	1104556.425	2760.591	2628694.492	1104556.425	2760.591	0.0	0.0
1861	2628693.06	1104552.681	2761.784	2628693.116	1104552.634	2761.882	0.1222661031803052	0.017466586168615
1862	2628689.898	1104548.339	2763.784	2628689.898	1104548.339	2763.784	0.0	0.0
1863	2628686.671	1104544.296	2765.686	2628687.324	1104544.557	2765.414	0.7539986736601575	0.1077140962371653
1864	2628684.201	1104540.784	2767.294	2628684.201	1104540.784	2767.294	0.0	0.0
1866	2628679.216	1104534.482	2770.401	2628679.193	1104534.414	2770.461	0.0935574689589062	0.0133653527084151
1867	2628673.29	1104530.847	2773.539	2628673.178	1104530.733	2773.574	0.1636001224260126	0.0233714460608589
1868	2628667.242	1104528.405	2776.875	2628667.242	1104528.405	2776.875	0.0	0.0
1869	2628667.242	1104528.405	2776.875	2628667.242	1104528.405	2776.875	0.0	0.0
1870	2628667.242	1104528.405	2776.875	2628667.242	1104528.405	2776.875	0.0	0.0
1900	2628714.252	1104587.067	2745.267	2628714.232	1104587.033	2745.315	0.0621288982660547	0.0088755568951506
1901	2628705.834	1104577.21	2750.543	2628705.886	1104577.207	2750.568	0.0577754274314206	0.0082536324902029
1902	2628702.325	1104571.107	2752.973	2628702.325	1104571.107	2752.973	0.0	0.0
1903	2628698.618	1104565.301	2755.5	2628698.65	1104565.265	2755.549	0.0687095336444108	0.0098156476634872
1904	2628694.85	1104559.751	2758.038	2628694.88	1104559.697	2758.087	0.0788479548758668	0.0112639935536952
1905	2628692.471	1104555.281	2759.73	2628692.471	1104555.281	2759.73	0.0	0.0
1906	2628690.697	1104551.499	2761.029	2628690.742	1104551.521	2761.054	0.0559821399024172	0.0079974485574881
1907	2628686.548	1104546.865	2763.602	2628687.366	1104547.237	2763.198	0.9852532668973188	0.1407504666996169
1909	2628680.904	1104539.505	2767.32	2628680.909	1104539.574	2767.284	0.0779871785448983	0.011141025506414
1910	2628679.203	1104536.662	2768.537	2628679.203	1104536.662	2768.537	0.0	0.0
1911	2628660.644	1104529.235	2778.587	2628659.79	1104528.978	2779.04	1.0002869587269736	0.1428981369609962
1912	2628664.357	1104528.916	2776.961	2628664.357	1104528.916	2776.961	0.0	0.0
1913	2628667.242	1104528.405	2776.875	2628667.242	1104528.405	2776.875	0.0	0.0
1914	2628667.242	1104528.405	2776.875	2628667.242	1104528.405	2776.875	0.0	0.0
1915	2628667.242	1104528.405	2776.875	2628667.242	1104528.405	2776.875	0.0	0.0
1916	2628667.242	1104528.405	2776.875	2628667.242	1104528.405	2776.875	0.0	0.0
1944	2628712.981	1104590.623	2742.608	2628712.981	1104590.623	2742.608	0.0	0.0
1945	2628704.489	1104579.99	2748.358	2628704.4	1104579.832	2748.43	0.1951127880078795	0.027873255429697
1946	2628702.031	1104574.511	2750.327	2628702.015	1104574.417	2750.388	0.1131945228453346	0.016170646120762
1947	2628699.411	1104569.199	2752.356	2628699.411	1104569.199	2752.356	0.0	0.0
1948	2628695.646	1104563.362	2755.114	2628695.756	1104563.441	2755.103	0.1358749424801184	0.0194107060685883
1949	2628692.842	1104558.537	2757.141	2628692.842	1104558.537	2757.141	0.0	0.0
1950	2628690.374	1104554.168	2758.918	2628690.374	1104554.168	2758.918	0.0	0.0
1951	2628686.894	1104549.681	2761.329	2628686.822	1104549.634	2761.291	0.0940053187747298	0.0134293312535328
1952	2628683.04	1104545.548	2763.674	2628682.998	1104545.559	2763.649	0.0500999001021387	0.0071571285860198
1953	2628680.796	1104542.055	2765.346	2628680.742	1104542.024	2765.345	0.0622735898905956	0.0088962271272279
1954	2628678.751	1104538.801	2766.899	2628678.751	1104538.801	2766.899	0.0	0.0
1955	2628675.309	1104535.481	2769.069	2628675.763	1104535.633	2768.868	0.5192504212029042	0.0741786316004149
1956	2628670.439	1104532.071	2772.051	2628670.439	1104532.071	2772.051	0.0	0.0
1957	2628672.339	1104532.33	2771.001	2628672.676	1104532.203	2771.103	0.3743020169677032	0.0534717167096718
1958	2628664.326	1104528.728	2777.119	2628664.326	1104528.728	2777.119	0.0	0.0
1959	2628667.242	1104528.405	2776.875	2628667.242	1104528.405	2776.875	0.0	0.0
1960	2628667.242	1104528.405	2776.875	2628667.242	1104528.405	2776.875	0.0	0.0
1961	2628667.242	1104528.405	2776.875	2628667.242	1104528.405	2776.875	0.0	0.0
1962	2628667.242	1104528.405	2776.875	2628667.242	1104528.405	2776.875	0.0	0.0
1988	2628710.848	1104593.203	2740.754	2628710.895	1104593.148	2740.803	0.0873784868996171	0.0124826409856595
1989	2628710.558	1104588.719	2741.496	2628710.647	1104588.765	2741.546	0.1119687453313521	0.015995535047336
1990	2628700.678	1104577.109	2748.435	2628700.701	1104577.064	2748.459	0.0559464028811989	0.0079923432687427
1991	2628698.631	1104572.166	2750.203	2628698.59	1104572.195	2750.178	0.0560981285081585	0.0080140183583083
1992	2628696.792	1104567.599	2751.829	2628696.752	1104567.516	2751.864	0.0985596265263668	0.0140799466466238
1993	2628692.856	1104561.678	2754.718	2628692.935	1104561.812	2754.683	0.1594427795305602	0.0227775399329371
1994	2628690.607	1104557.225	2756.522	2628690.585	1104557.157	2756.534	0.0724706838823171	0.010352954840331
1995	2628687.037	1104552.579	2759.114	2628687.145	1104552.641	2759.079	0.1293560977314465	0.0184794425330637
1996	2628682.851	1104547.722	2762.016	2628682.851	1104547.722	2762.016	0.0	0.0
1998	2628678.685	1104541.131	2765.218	2628678.739	1104541.162	2765.207	0.0632297398212341	0.009032819974462
2000	2628672.675	1104534.573	2769.252	2628672.729	1104534.604	2769.241	0.0632297398212341	0.009032819974462
2001	2628671.251	1104532.655	2770.45	2628671.251	1104532.655	2770.45	0.0	0.0
2002	2628671.251	1104532.655	2770.45	2628671.251	1104532.655	2770.45	0.0	0.0
2003	2628664.326	1104528.728	2777.119	2628664.326	1104528.728	2777.119	0.0	0.0
2004	2628664.326	1104528.728	2777.119	2628664.326	1104528.728	2777.119	0.0	0.0
2005	2628667.242	1104528.405	2776.875	2628667.242	1104528.405	2776.875	0.0	0.0
2006	2628667.242	1104528.405	2776.875	2628667.242	1104528.405	2776.875	0.0	0.0
2007	2628667.242	1104528.405	2776.875	2628667.242	1104528.405	2776.875	0.0	0.0
2008	2628667.242	1104528.405	2776.875	2628667.242	1104528.405	2776.875	0.0	0.0
2009	2628667.242	1104528.405	2776.875	2628667.242	1104528.405	2776.875	0.0	0.0
