ID	X_x	Y_x	Z_x	X_y	Y_y	Z_y	Distances	Velocity
32	2628831.139	1104494.383	2873.423	2628831.139	1104494.383	2873.423	0.0	0.0
33	2628829.388	1104492.677	2872.272	2628829.388	1104492.677	2872.272	0.0	0.0
34	2628819.183	1104484.722	2865.481	2628819.183	1104484.722	2865.481	0.0	0.0
35	2628797.404	1104479.672	2860.93	2628797.404	1104479.672	2860.93	0.0	0.0
36	2628793.656	1104477.603	2860.338	2628793.732	1104477.459	2860.448	0.196499363715336	0.0280713376736194
37	2628778.729	1104477.969	2857.809	2628778.729	1104477.969	2857.809	0.0	0.0
77	2628831.139	1104494.383	2873.423	2628830.941	1104494.258	2873.347	0.2461808277341597	0.0351686896763085
78	2628829.388	1104492.677	2872.272	2628829.388	1104492.677	2872.272	0.0	0.0
79	2628827.505	1104480.952	2867.328	2628827.43	1104480.792	2867.632	0.3516262220111397	0.0502323174301628
80	2628797.404	1104479.672	2860.93	2628797.404	1104479.672	2860.93	0.0	0.0
108	2628948.442	1104647.991	2848.028	2628948.442	1104647.991	2848.028	0.0	0.0
123	2628829.388	1104492.677	2872.272	2628829.388	1104492.677	2872.272	0.0	0.0
124	2628829.388	1104492.677	2872.272	2628829.388	1104492.677	2872.272	0.0	0.0
125	2628797.404	1104479.672	2860.93	2628797.404	1104479.672	2860.93	0.0	0.0
126	2628793.808	1104477.784	2860.242	2628793.656	1104477.603	2860.338	0.2551097805006389	0.0364442543572341
127	2628771.838	1104477.648	2857.498	2628771.838	1104477.648	2857.498	0.0	0.0
153	2628927.105	1104643.475	2843.472	2628927.105	1104643.475	2843.472	0.0	0.0
154	2628945.379	1104631.561	2851.988	2628944.995	1104630.902	2852.202	0.7921698050548326	0.1131671150078332
167	2628831.139	1104494.383	2873.423	2628831.139	1104494.383	2873.423	0.0	0.0
168	2628829.388	1104492.677	2872.272	2628829.388	1104492.677	2872.272	0.0	0.0
169	2628828.004	1104481.241	2867.042	2628827.679	1104480.88	2867.538	0.6942348306915843	0.099176404384512
170	2628797.404	1104479.672	2860.93	2628797.404	1104479.672	2860.93	0.0	0.0
171	2628793.521	1104477.291	2860.506	2628793.18	1104477.106	2860.489	0.3883233189377532	0.0554747598482504
198	2628920.28	1104638.27	2842.537	2628920.175	1104638.0	2842.523	0.2900362046471741	0.0414337435210248
199	2628946.727	1104636.238	2852.764	2628946.727	1104636.238	2852.764	0.0	0.0
213	2628829.388	1104492.677	2872.272	2628829.388	1104492.677	2872.272	0.0	0.0
214	2628819.165	1104484.576	2865.481	2628819.165	1104484.576	2865.481	0.0	0.0
215	2628797.404	1104479.672	2860.93	2628797.404	1104479.672	2860.93	0.0	0.0
216	2628797.053	1104478.796	2860.862	2628797.053	1104478.796	2860.862	0.0	0.0
217	2628771.838	1104477.648	2857.498	2628771.838	1104477.648	2857.498	0.0	0.0
243	2628948.442	1104647.991	2848.028	2628948.442	1104647.991	2848.028	0.0	0.0
244	2628947.137	1104636.746	2853.113	2628947.137	1104636.746	2853.113	0.0	0.0
245	2628945.756	1104620.98	2855.557	2628945.756	1104620.98	2855.557	0.0	0.0
258	2628829.388	1104492.677	2872.272	2628829.388	1104492.677	2872.272	0.0	0.0
259	2628829.388	1104492.677	2872.272	2628829.388	1104492.677	2872.272	0.0	0.0
260	2628797.404	1104479.672	2860.93	2628797.404	1104479.672	2860.93	0.0	0.0
288	2628948.442	1104647.991	2848.028	2628925.468	1104636.55	2844.849	25.86130696608139	3.694472423725913
289	2628947.137	1104636.746	2853.113	2628947.137	1104636.746	2853.113	0.0	0.0
290	2628945.756	1104620.98	2855.557	2628945.756	1104620.98	2855.557	0.0	0.0
303	2628829.388	1104492.677	2872.272	2628829.388	1104492.677	2872.272	0.0	0.0
304	2628819.165	1104484.576	2865.481	2628819.165	1104484.576	2865.481	0.0	0.0
305	2628797.404	1104479.672	2860.93	2628797.404	1104479.672	2860.93	0.0	0.0
306	2628797.053	1104478.796	2860.862	2628797.053	1104478.796	2860.862	0.0	0.0
309	2628765.161	1104472.504	2856.126	2628765.161	1104472.504	2856.126	0.0	0.0
310	2628758.352	1104470.853	2853.405	2628758.359	1104470.939	2853.308	0.1298229564632182	0.0185461366376026
333	2628948.442	1104647.991	2848.028	2628948.442	1104647.991	2848.028	0.0	0.0
334	2628947.137	1104636.746	2853.113	2628947.137	1104636.746	2853.113	0.0	0.0
335	2628945.756	1104620.98	2855.557	2628945.756	1104620.98	2855.557	0.0	0.0
336	2628962.195	1104607.439	2869.093	2628962.195	1104607.439	2869.093	0.0	0.0
347	2628831.139	1104494.383	2873.423	2628831.139	1104494.383	2873.423	0.0	0.0
348	2628829.388	1104492.677	2872.272	2628829.388	1104492.677	2872.272	0.0	0.0
349	2628819.256	1104484.916	2865.519	2628819.256	1104484.916	2865.519	0.0	0.0
350	2628797.404	1104479.672	2860.93	2628797.404	1104479.672	2860.93	0.0	0.0
351	2628792.002	1104479.129	2858.866	2628792.005	1104478.921	2858.927	0.2167809953505139	0.0309687136215019
352	2628790.786	1104473.931	2863.284	2628790.786	1104473.931	2863.284	0.0	0.0
353	2628768.568	1104475.634	2854.371	2628768.568	1104475.634	2854.371	0.0	0.0
354	2628760.675	1104473.953	2850.963	2628760.886	1104473.896	2851.113	0.2650848921699212	0.0378692703099887
378	2628948.442	1104647.991	2848.028	2628948.442	1104647.991	2848.028	0.0	0.0
379	2628947.137	1104636.746	2853.113	2628946.727	1104636.238	2852.764	0.7402465807225909	0.1057495115317986
380	2628945.756	1104620.98	2855.557	2628945.756	1104620.98	2855.557	0.0	0.0
381	2628962.195	1104607.439	2869.093	2628962.195	1104607.439	2869.093	0.0	0.0
392	2628831.139	1104494.383	2873.423	2628831.139	1104494.383	2873.423	0.0	0.0
393	2628846.556	1104487.749	2876.895	2628846.556	1104487.749	2876.895	0.0	0.0
394	2628819.256	1104484.916	2865.519	2628819.256	1104484.916	2865.519	0.0	0.0
395	2628795.067	1104481.488	2858.851	2628795.067	1104481.488	2858.851	0.0	0.0
396	2628792.005	1104478.921	2858.927	2628792.005	1104478.921	2858.927	0.0	0.0
397	2628775.369	1104478.258	2854.002	2628775.368	1104478.353	2853.905	0.1357755500632249	0.0193965071518892
398	2628759.144	1104478.525	2847.583	2628759.162	1104478.671	2847.584	0.1471088034718982	0.0210155433531283
399	2628747.935	1104478.072	2843.134	2628747.935	1104478.072	2843.134	0.0	0.0
423	2628948.442	1104647.991	2848.028	2628948.442	1104647.991	2848.028	0.0	0.0
424	2628947.137	1104636.746	2853.113	2628947.137	1104636.746	2853.113	0.0	0.0
425	2628943.47	1104621.771	2853.648	2628943.47	1104621.771	2853.648	0.0	0.0
426	2628962.195	1104607.439	2869.093	2628962.195	1104607.439	2869.093	0.0	0.0
427	2628960.527	1104599.45	2870.784	2628960.527	1104599.45	2870.784	0.0	0.0
437	2628815.357	1104497.758	2866.102	2628815.357	1104497.758	2866.102	0.0	0.0
438	2628839.186	1104488.379	2873.672	2628839.186	1104488.379	2873.672	0.0	0.0
439	2628819.256	1104484.916	2865.519	2628819.256	1104484.916	2865.519	0.0	0.0
440	2628826.047	1104477.947	2868.254	2628826.156	1104477.767	2868.267	0.2108316864560111	0.0301188123508587
441	2628780.634	1104481.862	2852.273	2628780.828	1104481.822	2852.458	0.2710368979585527	0.0387195568512218
442	2628765.957	1104480.993	2846.787	2628766.058	1104480.969	2846.91	0.1609534095655399	0.0229933442236485
443	2628753.372	1104480.31	2842.514	2628753.372	1104480.31	2842.514	0.0	0.0
444	2628733.594	1104482.641	2835.565	2628733.662	1104482.636	2835.627	0.0921574739082239	0.0131653534154605
468	2628948.442	1104647.991	2848.028	2628948.442	1104647.991	2848.028	0.0	0.0
469	2628946.727	1104636.238	2852.764	2628946.727	1104636.238	2852.764	0.0	0.0
470	2628945.756	1104620.98	2855.557	2628945.756	1104620.98	2855.557	0.0	0.0
471	2628962.195	1104607.439	2869.093	2628962.195	1104607.439	2869.093	0.0	0.0
472	2628960.795	1104600.057	2870.582	2628960.795	1104600.057	2870.582	0.0	0.0
473	2628955.722	1104586.533	2873.485	2628955.722	1104586.533	2873.485	0.0	0.0
483	2628798.448	1104494.089	2854.836	2628798.448	1104494.089	2854.836	0.0	0.0
484	2628784.566	1104490.645	2850.27	2628788.595	1104489.914	2851.653	4.322023947255726	0.6174319924651037
485	2628777.898	1104487.365	2847.767	2628777.898	1104487.365	2847.767	0.0	0.0
486	2628766.87	1104484.967	2844.072	2628766.87	1104484.967	2844.072	0.0	0.0
487	2628755.793	1104483.465	2840.16	2628755.912	1104483.456	2840.296	0.1809364529026326	0.025848064700376
488	2628738.327	1104484.487	2834.435	2628738.418	1104484.437	2834.546	0.1519934209343982	0.0217133458477711
489	2628723.123	1104486.134	2829.78	2628723.123	1104486.134	2829.78	0.0	0.0
513	2628948.442	1104647.991	2848.028	2628948.442	1104647.991	2848.028	0.0	0.0
514	2628946.727	1104636.238	2852.764	2628946.727	1104636.238	2852.764	0.0	0.0
515	2628945.756	1104620.98	2855.557	2628945.756	1104620.98	2855.557	0.0	0.0
516	2628962.195	1104607.439	2869.093	2628962.195	1104607.439	2869.093	0.0	0.0
517	2628960.795	1104600.057	2870.582	2628960.795	1104600.057	2870.582	0.0	0.0
518	2628955.722	1104586.533	2873.485	2628955.722	1104586.533	2873.485	0.0	0.0
523	2628868.504	1104524.995	2874.203	2628868.504	1104524.995	2874.203	0.0	0.0
527	2628794.711	1104499.996	2850.135	2628794.711	1104499.996	2850.135	0.0	0.0
528	2628785.269	1104495.89	2846.958	2628785.269	1104495.89	2846.958	0.0	0.0
529	2628776.418	1104492.384	2843.985	2628776.418	1104492.384	2843.985	0.0	0.0
530	2628771.095	1104488.796	2842.281	2628771.013	1104488.741	2842.279	0.0987572786402214	0.0141081826628887
531	2628757.666	1104487.097	2837.774	2628757.666	1104487.097	2837.774	0.0	0.0
532	2628737.292	1104488.443	2831.707	2628737.292	1104488.443	2831.707	0.0	0.0
533	2628728.229	1104487.53	2828.946	2628728.029	1104487.5	2828.895	0.2085689331849559	0.0297955618835651
558	2628948.442	1104647.991	2848.028	2628948.442	1104647.991	2848.028	0.0	0.0
559	2628947.137	1104636.746	2853.113	2628947.137	1104636.746	2853.113	0.0	0.0
560	2628945.756	1104620.98	2855.557	2628945.756	1104620.98	2855.557	0.0	0.0
561	2628962.195	1104607.439	2869.093	2628962.195	1104607.439	2869.093	0.0	0.0
566	2628883.119	1104543.74	2873.015	2628883.318	1104543.803	2873.397	0.4353090856153472	0.0621870122307638
567	2628865.564	1104533.521	2868.09	2628865.564	1104533.521	2868.09	0.0	0.0
571	2628789.735	1104506.241	2844.551	2628789.782	1104506.202	2844.674	0.1373280743837334	0.0196182963405333
572	2628782.266	1104501.499	2842.18	2628782.096	1104501.511	2842.019	0.2344461558047012	0.0334923079721001
573	2628774.232	1104497.625	2839.767	2628774.232	1104497.625	2839.767	0.0	0.0
574	2628766.946	1104493.987	2837.621	2628766.946	1104493.987	2837.621	0.0	0.0
575	2628756.049	1104491.691	2834.405	2628756.294	1104491.631	2834.543	0.2875221731648625	0.0410745961664089
576	2628741.168	1104490.883	2830.298	2628740.505	1104491.014	2830.045	0.7216224776471981	0.1030889253781711
577	2628729.223	1104490.492	2826.902	2628729.19	1104490.512	2826.865	0.0534602658027096	0.0076371808289585
603	2628921.356	1104638.439	2843.15	2628920.966	1104638.032	2843.107	0.565329992306953	0.0807614274724218
604	2628947.137	1104636.746	2853.113	2628947.137	1104636.746	2853.113	0.0	0.0
605	2628945.756	1104620.98	2855.557	2628945.756	1104620.98	2855.557	0.0	0.0
606	2628962.195	1104607.439	2869.093	2628962.195	1104607.439	2869.093	0.0	0.0
607	2628960.527	1104599.45	2870.784	2628960.527	1104599.45	2870.784	0.0	0.0
610	2628875.402	1104551.812	2864.566	2628875.901	1104552.107	2864.915	0.6766291453925617	0.0966613064846516
611	2628870.459	1104542.26	2863.07	2628870.459	1104542.26	2863.07	0.0	0.0
615	2628789.124	1104511.792	2840.562	2628789.124	1104511.792	2840.562	0.0	0.0
616	2628779.175	1104507.017	2837.731	2628779.175	1104507.017	2837.731	0.0	0.0
617	2628770.124	1104502.77	2835.059	2628770.124	1104502.77	2835.059	0.0	0.0
618	2628765.153	1104498.698	2833.749	2628764.898	1104498.733	2833.587	0.3041282623122574	0.0434468946160367
619	2628753.017	1104496.095	2830.418	2628753.386	1104496.096	2830.667	0.4451550291317296	0.063593575590247
620	2628741.183	1104494.543	2827.815	2628741.291	1104494.493	2827.914	0.1548063306402474	0.0221151900914639
621	2628731.721	1104493.102	2825.158	2628731.555	1104493.07	2825.119	0.1734963973837364	0.024785199626248
622	2628711.366	1104495.109	2820.278	2628711.366	1104495.109	2820.278	0.0	0.0
648	2628948.442	1104647.991	2848.028	2628948.442	1104647.991	2848.028	0.0	0.0
649	2628946.727	1104636.238	2852.764	2628946.727	1104636.238	2852.764	0.0	0.0
650	2628945.756	1104620.98	2855.557	2628945.756	1104620.98	2855.557	0.0	0.0
651	2628962.195	1104607.439	2869.093	2628962.195	1104607.439	2869.093	0.0	0.0
652	2628960.795	1104600.057	2870.582	2628960.795	1104600.057	2870.582	0.0	0.0
653	2628955.722	1104586.533	2873.485	2628955.722	1104586.533	2873.485	0.0	0.0
656	2628858.216	1104541.471	2853.205	2628858.89	1104541.511	2853.519	0.7446287666740784	0.1063755380962969
660	2628777.472	1104512.407	2833.715	2628777.399	1104512.342	2833.665	0.109790709862383	0.0156843871231975
661	2628768.571	1104507.629	2831.472	2628768.571	1104507.629	2831.472	0.0	0.0
662	2628763.898	1104503.364	2830.177	2628763.816	1104503.292	2830.127	0.1200333287578874	0.0171476183939839
663	2628753.42	1104500.45	2827.612	2628753.42	1104500.45	2827.612	0.0	0.0
664	2628741.061	1104498.354	2824.659	2628740.998	1104498.315	2824.658	0.0741012821657509	0.0105858974522501
665	2628732.267	1104496.286	2822.718	2628732.267	1104496.286	2822.718	0.0	0.0
666	2628719.708	1104496.029	2819.864	2628719.708	1104496.029	2819.864	0.0	0.0
667	2628703.606	1104497.031	2816.393	2628703.564	1104497.043	2816.344	0.0656429739817434	0.0093775677116776
693	2628948.442	1104647.991	2848.028	2628948.442	1104647.991	2848.028	0.0	0.0
694	2628946.727	1104636.238	2852.764	2628946.727	1104636.238	2852.764	0.0	0.0
695	2628945.756	1104620.98	2855.557	2628945.756	1104620.98	2855.557	0.0	0.0
696	2628962.195	1104607.439	2869.093	2628962.195	1104607.439	2869.093	0.0	0.0
697	2628960.372	1104600.493	2870.052	2628960.372	1104600.493	2870.052	0.0	0.0
698	2628880.627	1104572.516	2852.507	2628880.682	1104572.711	2852.594	0.2204971654082189	0.0314995950583169
704	2628778.504	1104517.709	2829.979	2628778.831	1104517.722	2830.142	0.3656049777123578	0.0522292825303368
705	2628769.154	1104512.623	2828.059	2628769.273	1104512.615	2828.195	0.1808894689754147	0.0258413527107735
706	2628761.251	1104508.22	2826.196	2628761.251	1104508.22	2826.196	0.0	0.0
707	2628752.74	1104504.696	2824.316	2628752.74	1104504.696	2824.316	0.0	0.0
708	2628741.748	1104502.1	2822.234	2628741.753	1104502.056	2822.283	0.0660454388916338	0.0094350626988048
709	2628732.96	1104499.893	2820.415	2628732.96	1104499.893	2820.415	0.0	0.0
710	2628725.32	1104497.783	2818.623	2628725.32	1104497.783	2818.623	0.0	0.0
711	2628701.088	1104499.968	2813.925	2628701.088	1104499.968	2813.925	0.0	0.0
712	2628701.191	1104497.702	2813.822	2628701.245	1104497.75	2813.872	0.0878635305216327	0.0125519329316618
738	2628948.442	1104647.991	2848.028	2628948.442	1104647.991	2848.028	0.0	0.0
739	2628946.727	1104636.238	2852.764	2628946.727	1104636.238	2852.764	0.0	0.0
740	2628945.756	1104620.98	2855.557	2628945.756	1104620.98	2855.557	0.0	0.0
741	2628950.714	1104610.976	2859.982	2628950.714	1104610.976	2859.982	0.0	0.0
742	2628880.502	1104581.349	2846.542	2628880.762	1104581.626	2846.582	0.3820065446127118	0.0545723635161016
748	2628781.595	1104523.116	2826.833	2628781.595	1104523.116	2826.833	0.0	0.0
749	2628768.481	1104517.407	2824.299	2628768.533	1104517.533	2824.288	0.136751599652797	0.0195359428075424
750	2628759.966	1104512.844	2822.734	2628759.966	1104512.844	2822.734	0.0	0.0
751	2628751.151	1104509.072	2820.995	2628751.151	1104509.072	2820.995	0.0	0.0
752	2628742.367	1104505.816	2819.503	2628742.017	1104505.753	2819.437	0.361697387432579	0.0516710553475112
753	2628732.91	1104503.056	2817.734	2628733.306	1104503.047	2817.862	0.4162703445805568	0.0594671920829366
754	2628728.18	1104500.431	2816.59	2628728.18	1104500.431	2816.59	0.0	0.0
755	2628701.364	1104502.483	2812.212	2628701.364	1104502.483	2812.212	0.0	0.0
756	2628699.697	1104500.388	2811.842	2628699.608	1104500.342	2811.841	0.1001898200188672	0.0143128314312667
783	2628948.442	1104647.991	2848.028	2628948.442	1104647.991	2848.028	0.0	0.0
784	2628946.055	1104635.362	2851.36	2628946.462	1104635.446	2851.732	0.5577535295506644	0.0796790756500949
785	2628935.839	1104618.481	2849.909	2628935.839	1104618.481	2849.909	0.0	0.0
786	2628873.117	1104588.61	2838.351	2628873.117	1104588.61	2838.351	0.0	0.0
793	2628769.529	1104522.404	2821.076	2628769.529	1104522.404	2821.076	0.0	0.0
794	2628759.087	1104517.58	2819.24	2628759.087	1104517.58	2819.24	0.0	0.0
795	2628751.683	1104513.375	2817.983	2628748.925	1104513.343	2817.556	2.7910422788071574	0.3987203255438796
796	2628741.732	1104509.86	2816.377	2628741.202	1104509.8	2816.248	0.5487631545480224	0.0783947363640032
797	2628734.574	1104506.651	2815.261	2628734.744	1104506.622	2815.373	0.2056331684828682	0.029376166926124
798	2628729.766	1104503.57	2814.456	2628729.766	1104503.57	2814.456	0.0	0.0
799	2628707.903	1104503.897	2811.177	2628702.122	1104504.82	2810.395	5.906218248544245	0.8437454640777492
800	2628699.883	1104502.823	2810.006	2628699.883	1104502.823	2810.006	0.0	0.0
801	2628699.422	1104500.534	2809.811	2628699.438	1104500.533	2809.86	0.0515557951085768	0.0073651135869395
828	2628888.508	1104625.419	2835.059	2628888.508	1104625.419	2835.059	0.0	0.0
837	2628769.421	1104527.454	2817.202	2628769.421	1104527.454	2817.202	0.0	0.0
838	2628759.472	1104522.206	2815.873	2628759.544	1104522.253	2815.959	0.121610032583484	0.0173728617976405
839	2628752.8	1104517.622	2814.991	2628752.8	1104517.622	2814.991	0.0	0.0
840	2628740.146	1104513.542	2813.299	2628740.146	1104513.542	2813.299	0.0	0.0
841	2628733.881	1104510.273	2812.402	2628733.686	1104510.182	2812.338	0.2245038973766693	0.0320719853395241
842	2628730.026	1104507.137	2811.928	2628730.026	1104507.137	2811.928	0.0	0.0
843	2628725.36	1104504.246	2811.187	2628725.407	1104504.191	2811.285	0.1218113295906103	0.0174016185129443
844	2628699.835	1104505.282	2808.24	2628699.842	1104505.273	2808.301	0.0620564259384984	0.0088652037054997
846	2628698.557	1104500.815	2807.821	2628698.557	1104500.815	2807.821	0.0	0.0
881	2628769.02	1104533.269	2813.083	2628769.262	1104533.4	2813.098	0.2755902755797614	0.0393700393685373
882	2628761.337	1104527.089	2812.489	2628761.337	1104527.089	2812.489	0.0	0.0
883	2628752.814	1104521.909	2811.789	2628752.814	1104521.909	2811.789	0.0	0.0
884	2628738.961	1104517.639	2810.118	2628738.91	1104517.643	2810.08	0.0637259758448485	0.0091037108349783
885	2628732.026	1104514.077	2809.345	2628732.123	1104514.113	2809.444	0.1431991620158559	0.0204570231451222
886	2628729.093	1104510.55	2809.224	2628729.038	1104510.501	2809.223	0.0736681748011669	0.0105240249715952
887	2628724.551	1104507.46	2808.557	2628724.711	1104507.423	2808.718	0.2299782599476078	0.0328540371353725
891	2628694.51	1104501.636	2805.668	2628694.51	1104501.636	2805.668	0.0	0.0
925	2628766.313	1104537.426	2809.38	2628766.489	1104537.94	2809.824	0.7016466346799008	0.1002352335257001
926	2628760.897	1104532.013	2808.867	2628760.897	1104532.013	2808.867	0.0	0.0
927	2628752.77	1104526.677	2808.172	2628752.826	1104526.629	2808.258	0.1132960722191795	0.0161851531741685
928	2628738.85	1104521.916	2807.171	2628738.686	1104521.788	2807.168	0.2080600873909494	0.0297228696272784
929	2628733.45	1104517.817	2806.771	2628733.45	1104517.817	2806.771	0.0	0.0
930	2628726.981	1104514.128	2806.114	2628726.981	1104514.128	2806.114	0.0	0.0
931	2628724.561	1104511.034	2806.013	2628724.674	1104510.923	2806.076	0.1704670055579153	0.0243524293654164
932	2628706.687	1104509.497	2804.724	2628719.965	1104508.094	2805.64	13.383301124835778	1.9119001606908252
933	2628701.638	1104507.478	2804.531	2628701.638	1104507.478	2804.531	0.0	0.0
934	2628698.045	1104505.579	2804.21	2628697.999	1104505.539	2804.246	0.070795480029331	0.0101136400041901
960	2628844.85	1104635.76	2809.966	2628844.992	1104635.853	2810.151	0.2510736943110488	0.0358676706158641
969	2628764.827	1104542.855	2804.903	2628765.327	1104543.098	2804.935	0.5568419883666793	0.0795488554809541
970	2628759.273	1104537.215	2805.157	2628759.383	1104537.311	2805.183	0.1482969991358904	0.0211852855908414
971	2628751.691	1104531.191	2804.944	2628751.691	1104531.191	2804.944	0.0	0.0
972	2628739.378	1104525.812	2804.377	2628739.378	1104525.812	2804.377	0.0	0.0
973	2628732.29	1104521.453	2803.992	2628732.29	1104521.453	2803.992	0.0	0.0
974	2628727.07	1104517.853	2803.608	2628727.07	1104517.853	2803.608	0.0	0.0
975	2628723.124	1104514.298	2803.376	2628723.111	1104514.239	2803.4	0.0650076917150054	0.0092868131021436
1004	2628837.759	1104641.179	2803.057	2628837.759	1104641.179	2803.057	0.0	0.0
1014	2628758.192	1104541.463	2801.415	2628758.128	1104541.52	2801.317	0.1301883250343728	0.0185983321477675
1015	2628751.913	1104535.673	2801.403	2628751.913	1104535.673	2801.403	0.0	0.0
1016	2628736.775	1104529.527	2801.201	2628736.817	1104529.533	2801.262	0.0743034319005191	0.0106147759857884
1017	2628732.445	1104525.46	2801.158	2628732.493	1104525.405	2801.207	0.087920418494099	0.0125600597848712
1018	2628726.179	1104521.107	2800.868	2628726.229	1104521.087	2800.918	0.0734846921619516	0.010497813165993
1019	2628721.832	1104517.657	2800.68	2628721.742	1104517.498	2800.776	0.2063904066773454	0.0294843438110493
1020	2628719.371	1104514.028	2800.968	2628719.326	1104513.987	2800.955	0.062249497915211	0.0088927854164587
1021	2628714.518	1104511.659	2800.617	2628714.611	1104511.643	2800.716	0.1367698796484181	0.0195385542354883
1022	2628702.726	1104509.775	2800.482	2628702.78	1104509.823	2800.532	0.0878635306490872	0.0125519329498696
1048	2628830.101	1104646.35	2796.518	2628830.016	1104646.469	2796.347	0.2250044443587578	0.0321434920512511
1058	2628757.779	1104546.654	2797.722	2628757.883	1104546.681	2797.845	0.1633217681818078	0.0233316811688296
1059	2628753.13	1104540.72	2798.085	2628753.13	1104540.72	2798.085	0.0	0.0
1060	2628731.104	1104532.865	2798.239	2628731.104	1104532.865	2798.239	0.0	0.0
1061	2628730.405	1104528.973	2798.208	2628730.405	1104528.973	2798.208	0.0	0.0
1062	2628726.789	1104524.963	2798.198	2628726.825	1104524.865	2798.272	0.1279687462710161	0.018281249467288
1063	2628723.181	1104521.09	2798.3	2628722.973	1104520.974	2798.382	0.2518809240176293	0.0359829891453756
1064	2628718.561	1104517.839	2798.194	2628718.565	1104517.778	2798.23	0.0709436395754272	0.0101348056536324
1065	2628707.56	1104515.011	2798.262	2628711.179	1104514.883	2798.224	3.6214622736719466	0.5173517533817067
1066	2628706.086	1104512.13	2798.382	2628709.43	1104511.909	2798.388	3.351300195481039	0.4787571707830055
1102	2628756.598	1104551.774	2794.164	2628756.487	1104551.773	2794.028	0.1755505625380337	0.0250786517911476
1103	2628750.915	1104544.593	2794.425	2628750.842	1104544.641	2794.35	0.1151433887582081	0.0164490555368868
1104	2628743.886	1104538.929	2794.831	2628744.149	1104538.998	2794.907	0.2823225108408185	0.040331787262974
1105	2628728.33	1104532.618	2795.27	2628728.284	1104532.578	2795.257	0.0623297682588632	0.008904252608409
1106	2628725.509	1104528.641	2795.552	2628725.511	1104528.545	2795.576	0.0989747443823426	0.0141392491974775
1107	2628722.197	1104524.67	2795.706	2628722.251	1104524.718	2795.755	0.087298339148593	0.0124711913069418
1108	2628718.729	1104521.1	2795.822	2628718.79	1104521.104	2795.859	0.071456280524931	0.0102080400749901
1109	2628713.364	1104517.784	2796.085	2628713.364	1104517.784	2796.085	0.0	0.0
1111	2628704.526	1104512.483	2796.322	2628704.526	1104512.483	2796.322	0.0	0.0
1147	2628747.887	1104549.315	2791.111	2628747.894	1104549.419	2791.062	0.1151781229529469	0.0164540175647067
1148	2628728.763	1104540.312	2792.547	2628728.606	1104540.288	2792.508	0.1635420431914627	0.0233631490273518
1149	2628727.848	1104536.329	2792.683	2628727.848	1104536.329	2792.683	0.0	0.0
1150	2628724.236	1104532.015	2792.856	2628724.236	1104532.015	2792.856	0.0	0.0
1151	2628720.184	1104528.016	2793.086	2628721.246	1104528.084	2793.026	1.0658649069285775	0.152266415275511
1152	2628717.764	1104524.47	2793.35	2628717.903	1104524.478	2793.413	0.1528201557037593	0.0218314508148227
1153	2628711.062	1104520.975	2793.68	2628711.03	1104520.882	2793.692	0.0990807752710513	0.014154396467293
1154	2628708.466	1104517.892	2793.858	2628708.466	1104517.892	2793.858	0.0	0.0
1155	2628704.669	1104515.268	2794.229	2628704.669	1104515.268	2794.229	0.0	0.0
1180	2628807.77	1104657.842	2780.225	2628807.666	1104657.798	2780.065	0.1958366665399856	0.0279766666485693
1191	2628747.765	1104554.097	2787.542	2628747.774	1104554.235	2787.53	0.1388128236553419	0.0198304033793345
1192	2628744.152	1104548.275	2788.077	2628744.145	1104548.319	2788.126	0.0662268827290836	0.0094609832470119
1193	2628725.277	1104539.687	2789.811	2628725.341	1104539.743	2789.861	0.0986508998565174	0.0140929856937882
1194	2628722.85	1104535.587	2790.416	2628722.846	1104535.648	2790.367	0.0783453891427382	0.0111921984489626
1195	2628719.652	1104531.358	2790.509	2628719.697	1104531.398	2790.559	0.0782623794565589	0.0111803399223655
1196	2628715.924	1104527.561	2790.866	2628715.783	1104527.519	2790.803	0.1600437442531131	0.022863392036159
1197	2628712.188	1104524.034	2791.26	2628712.188	1104524.034	2791.26	0.0	0.0
1198	2628708.976	1104520.965	2791.551	2628708.982	1104520.921	2791.588	0.0578013840678014	0.0082573405811144
1199	2628704.741	1104518.007	2791.952	2628704.661	1104518.003	2792.086	0.1561153420117966	0.0223021917159709
1224	2628801.819	1104662.105	2775.662	2628801.819	1104662.105	2775.662	0.0	0.0
1225	2628802.971	1104654.282	2775.607	2628802.971	1104654.282	2775.607	0.0	0.0
1235	2628746.629	1104558.591	2783.958	2628746.967	1104558.724	2783.975	0.363623431546494	0.051946204506642
1236	2628741.711	1104552.361	2784.855	2628742.395	1104552.618	2784.828	0.73118670655558	0.1044552437936543
1237	2628724.538	1104543.399	2787.013	2628724.538	1104543.399	2787.013	0.0	0.0
1238	2628720.391	1104538.685	2787.63	2628720.391	1104538.685	2787.63	0.0	0.0
1239	2628717.907	1104534.598	2788.076	2628717.907	1104534.598	2788.076	0.0	0.0
1240	2628715.427	1104530.936	2788.388	2628715.427	1104530.936	2788.388	0.0	0.0
1241	2628711.473	1104527.024	2788.9	2628711.473	1104527.024	2788.9	0.0	0.0
1242	2628708.097	1104523.844	2789.311	2628708.136	1104523.798	2789.361	0.0783390068760045	0.011191286696572
1243	2628704.952	1104520.866	2789.666	2628704.952	1104520.866	2789.666	0.0	0.0
1244	2628700.201	1104517.994	2790.219	2628700.284	1104517.953	2790.293	0.1185158217881074	0.0169308316840153
1245	2628697.578	1104515.361	2790.776	2628697.708	1104515.378	2790.815	0.1367845019390214	0.0195406431341459
1268	2628795.33	1104664.889	2770.892	2628795.33	1104664.889	2770.892	0.0	0.0
1269	2628795.677	1104656.94	2770.215	2628795.677	1104656.94	2770.215	0.0	0.0
1270	2628798.038	1104650.533	2770.327	2628798.038	1104650.533	2770.327	0.0	0.0
1279	2628746.194	1104563.211	2780.385	2628746.194	1104563.211	2780.385	0.0	0.0
1280	2628726.377	1104551.814	2783.687	2628726.423	1104551.855	2783.688	0.0616279157981942	0.0088039879711706
1281	2628722.547	1104546.795	2784.357	2628722.741	1104546.868	2784.396	0.2109170454595288	0.0301310064942184
1282	2628719.258	1104542.102	2784.985	2628719.258	1104542.102	2784.985	0.0	0.0
1283	2628716.141	1104537.884	2785.532	2628716.141	1104537.884	2785.532	0.0	0.0
1284	2628713.941	1104534.046	2785.969	2628713.941	1104534.046	2785.969	0.0	0.0
1285	2628711.178	1104530.462	2786.461	2628711.178	1104530.462	2786.461	0.0	0.0
1286	2628707.322	1104526.638	2787.28	2628707.574	1104526.665	2787.32	0.2565794222665342	0.0366542031809334
1287	2628704.359	1104523.674	2787.6	2628704.451	1104523.625	2787.638	0.1109459325912327	0.0158494189416046
1288	2628700.418	1104520.635	2788.274	2628700.481	1104520.674	2788.275	0.0741012821657509	0.0105858974522501
1289	2628671.83	1104518.092	2792.292	2628671.83	1104518.092	2792.292	0.0	0.0
1290	2628690.885	1104515.791	2789.712	2628690.885	1104515.791	2789.712	0.0	0.0
1312	2628789.362	1104668.097	2766.204	2628789.565	1104668.308	2766.304	0.3094026500408972	0.044200378577271
1313	2628789.301	1104660.251	2766.133	2628789.301	1104660.251	2766.133	0.0	0.0
1314	2628792.038	1104654.157	2766.274	2628792.038	1104654.157	2766.274	0.0	0.0
1315	2628790.783	1104644.943	2766.502	2628790.946	1104645.07	2766.614	0.2350361676024044	0.033576595371772
1323	2628742.136	1104566.891	2777.69	2628742.136	1104566.891	2777.69	0.0	0.0
1324	2628727.297	1104556.326	2780.498	2628727.297	1104556.326	2780.498	0.0	0.0
1325	2628720.776	1104550.141	2781.801	2628720.729	1104550.083	2781.8	0.0746592259488012	0.0106656037069716
1326	2628717.815	1104545.314	2782.482	2628718.008	1104545.37	2782.595	0.2305515126810369	0.0329359303830052
1327	2628715.436	1104541.125	2783.014	2628715.436	1104541.125	2783.014	0.0	0.0
1328	2628712.79	1104537.092	2783.519	2628712.973	1104537.123	2783.582	0.19600765308623	0.0280010932980328
1329	2628710.365	1104533.528	2784.064	2628710.317	1104533.471	2784.112	0.0886397204613924	0.0126628172087703
1330	2628706.557	1104529.779	2784.835	2628706.51	1104529.721	2784.871	0.082879430779218	0.0118399186827454
1331	2628703.47	1104526.545	2785.433	2628703.474	1104526.597	2785.385	0.0708801806748213	0.010125740096403
1332	2628701.043	1104523.371	2786.077	2628701.149	1104523.399	2786.116	0.1163658026527849	0.0166236860932549
1333	2628697.236	1104520.497	2786.643	2628697.327	1104520.56	2786.62	0.1130442391855722	0.0161491770265103
1356	2628783.554	1104671.19	2761.896	2628783.627	1104671.141	2762.043	0.1712863099252618	0.0244694728464659
1357	2628784.446	1104663.496	2761.923	2628784.11	1104663.12	2761.893	0.5051455236199505	0.0721636462314214
1358	2628785.429	1104656.695	2762.186	2628785.526	1104656.749	2762.334	0.1850108105309453	0.026430115790135
1368	2628734.443	1104563.435	2775.796	2628734.515	1104563.499	2775.883	0.1298036980395167	0.0185433854342166
1369	2628717.497	1104552.625	2779.675	2628717.615	1104552.712	2779.714	0.1517036587196652	0.0216719512456664
1370	2628717.427	1104549.106	2779.763	2628717.427	1104549.106	2779.763	0.0	0.0
1371	2628713.89	1104544.361	2780.559	2628713.987	1104544.398	2780.597	0.1105531546987084	0.0157933078141012
1372	2628712.124	1104540.286	2781.124	2628712.219	1104540.289	2781.149	0.0982802118388554	0.0140400302626936
1373	2628709.699	1104536.627	2781.864	2628709.699	1104536.627	2781.864	0.0	0.0
1374	2628705.866	1104532.482	2782.536	2628705.848	1104532.353	2782.596	0.1434050209646777	0.0204864315663825
1375	2628702.725	1104529.138	2783.378	2628702.725	1104529.138	2783.378	0.0	0.0
1376	2628699.806	1104526.067	2783.771	2628699.878	1104526.114	2783.858	0.1223192545145328	0.0174741792163618
1377	2628697.717	1104523.303	2784.592	2628697.717	1104523.303	2784.592	0.0	0.0
1378	2628691.33	1104520.319	2785.918	2628691.283	1104520.279	2785.966	0.0781856764896498	0.0111693823556642
1379	2628685.589	1104518.177	2787.047	2628674.306	1104518.155	2789.245	11.495119703877258	1.6421599576967512
1400	2628778.054	1104673.775	2757.994	2628778.054	1104673.775	2757.994	0.0	0.0
1401	2628778.142	1104666.109	2758.121	2628778.142	1104666.109	2758.121	0.0	0.0
1402	2628778.912	1104658.62	2758.563	2628778.758	1104658.631	2758.475	0.1777104387157793	0.0253872055308256
1412	2628734.19	1104567.618	2772.639	2628734.19	1104567.618	2772.639	0.0	0.0
1413	2628718.08	1104556.648	2776.614	2628718.08	1104556.648	2776.614	0.0	0.0
1414	2628715.167	1104551.896	2777.382	2628715.167	1104551.896	2777.382	0.0	0.0
1415	2628712.212	1104547.336	2778.321	2628712.268	1104547.272	2778.322	0.0850470458569885	0.0121495779795697
1416	2628710.174	1104543.349	2778.907	2628710.253	1104543.37	2778.957	0.0958227530052912	0.0136889647150416
1417	2628707.908	1104539.291	2779.392	2628708.152	1104539.327	2779.444	0.2520634840279915	0.0360090691468559
1418	2628706.019	1104535.665	2780.323	2628706.019	1104535.665	2780.323	0.0	0.0
1419	2628702.007	1104531.817	2781.005	2628702.007	1104531.817	2781.005	0.0	0.0
1420	2628699.152	1104528.774	2781.974	2628699.227	1104528.856	2781.963	0.1116691542797421	0.0159527363256774
1421	2628697.214	1104525.993	2782.393	2628697.245	1104525.956	2782.418	0.0543599116839874	0.007765701669141
1422	2628692.125	1104522.767	2783.821	2628692.175	1104522.746	2783.858	0.0656505900908795	0.0093786557272685
1423	2628685.516	1104520.517	2785.268	2628667.686	1104519.875	2789.163	18.26176576856799	2.6088236812239987
1424	2628681.576	1104518.116	2786.481	2628681.679	1104518.222	2786.409	0.1644049879272967	0.0234864268467566
1443	2628774.792	1104686.221	2753.439	2628774.792	1104686.221	2753.439	0.0	0.0
1444	2628774.598	1104677.871	2753.732	2628774.744	1104677.87	2753.843	0.1834066517800351	0.0262009502542907
1445	2628774.89	1104670.58	2754.046	2628774.89	1104670.58	2754.046	0.0	0.0
1446	2628771.743	1104660.217	2754.807	2628771.847	1104660.193	2754.674	0.1705315221819027	0.0243616460259861
1456	2628738.882	1104575.339	2768.005	2628739.019	1104575.329	2768.116	0.1766069078522922	0.0252295582646131
1457	2628717.374	1104560.34	2773.841	2628717.374	1104560.34	2773.841	0.0	0.0
1458	2628715.21	1104555.677	2774.668	2628715.21	1104555.677	2774.668	0.0	0.0
1459	2628711.633	1104550.526	2775.854	2628711.633	1104550.526	2775.854	0.0	0.0
1460	2628708.718	1104546.276	2776.672	2628708.705	1104546.216	2776.684	0.0625539767047321	0.0089362823863903
1461	2628707.185	1104542.341	2777.289	2628707.185	1104542.341	2777.289	0.0	0.0
1462	2628705.202	1104538.583	2778.12	2628705.257	1104538.632	2778.109	0.0744781847720491	0.0106397406817213
1463	2628701.836	1104534.848	2778.934	2628701.836	1104534.848	2778.934	0.0	0.0
1464	2628698.411	1104531.419	2779.857	2628698.869	1104531.527	2779.815	0.4724320057889137	0.0674902865412733
1465	2628696.78	1104528.486	2780.5	2628696.78	1104528.486	2780.5	0.0	0.0
1466	2628692.668	1104525.465	2781.794	2628692.639	1104525.424	2781.782	0.0516333226028927	0.0073761889432703
1467	2628685.314	1104522.162	2783.901	2628685.4	1104522.156	2783.939	0.0942125258254558	0.0134589322607794
1468	2628681.506	1104520.101	2784.701	2628681.429	1104520.115	2784.663	0.0870000000374717	0.0124285714339245
1487	2628773.554	1104693.386	2748.041	2628773.449	1104693.099	2747.941	0.3215493741287271	0.0459356248755324
1488	2628770.402	1104681.695	2749.74	2628770.474	1104681.613	2749.79	0.1200333289169441	0.0171476184167063
1489	2628771.329	1104674.406	2749.769	2628771.329	1104674.406	2749.769	0.0	0.0
1490	2628766.227	1104661.952	2751.734	2628766.227	1104661.952	2751.734	0.0	0.0
1500	2628736.87	1104578.695	2764.761	2628736.92	1104578.787	2764.738	0.1072054101780354	0.0153150585968622
1501	2628715.491	1104563.477	2771.503	2628732.818	1104571.834	2766.449	19.889879185227738	2.8414113121753912
1502	2628713.59	1104558.571	2772.223	2628713.749	1104558.743	2772.201	0.2352636818599649	0.0336090974085664
1503	2628710.404	1104553.827	2773.354	2628710.603	1104553.953	2773.308	0.2399854162058859	0.0342836308865551
1504	2628706.522	1104548.67	2774.621	2628706.632	1104548.767	2774.671	0.1549483787806189	0.0221354826829455
1505	2628705.369	1104545.134	2775.354	2628705.369	1104545.134	2775.354	0.0	0.0
1506	2628703.821	1104541.461	2775.837	2628703.821	1104541.461	2775.837	0.0	0.0
1507	2628701.957	1104537.938	2776.695	2628701.973	1104538.032	2776.647	0.1067520490359378	0.0152502927194196
1508	2628698.421	1104534.525	2777.629	2628698.237	1104534.477	2777.566	0.2003222402920039	0.0286174628988577
1509	2628696.178	1104531.026	2778.495	2628696.267	1104531.072	2778.533	0.1071494284352138	0.0153070612050305
1510	2628693.074	1104527.913	2779.643	2628693.195	1104527.922	2779.682	0.1274480284485087	0.0182068612069298
1511	2628684.876	1104524.57	2781.91	2628685.121	1104524.606	2781.889	0.2485196165609052	0.0355028023658436
1531	2628768.833	1104695.842	2744.125	2628768.788	1104696.034	2744.565	0.4821711314547593	0.0688815902078227
1532	2628767.137	1104685.701	2745.627	2628767.098	1104685.617	2745.528	0.1355654821713713	0.019366497453053
1533	2628766.995	1104677.788	2746.105	2628767.09	1104677.79	2746.191	0.1281600559878026	0.0183085794268289
1534	2628766.646	1104669.906	2746.738	2628766.543	1104669.67	2746.785	0.2617517909019622	0.0373931129859946
1545	2628731.175	1104575.823	2763.31	2628731.175	1104575.823	2763.31	0.0	0.0
1546	2628713.117	1104562.291	2769.624	2628713.257	1104562.446	2769.59	0.2116152169508265	0.0302307452786895
1547	2628709.758	1104557.073	2770.971	2628709.83	1104557.12	2771.033	0.1060047169940108	0.0151435309991444
1548	2628706.02	1104551.846	2772.167	2628706.185	1104552.12	2772.182	0.3201968146728061	0.0457424020961151
1549	2628703.848	1104547.874	2773.166	2628703.903	1104547.923	2773.179	0.0747997323238218	0.0106856760462602
1550	2628703.13	1104544.215	2773.746	2628703.193	1104544.254	2773.808	0.0966126285763636	0.0138018040823376
1551	2628700.981	1104540.815	2774.552	2628701.027	1104540.855	2774.54	0.0621288980134762	0.008875556859068
1552	2628698.268	1104537.165	2775.508	2628698.268	1104537.165	2775.508	0.0	0.0
1553	2628695.975	1104533.834	2776.484	2628695.915	1104533.847	2776.446	0.072201108077553	0.010314444011079
1554	2628692.433	1104530.369	2777.564	2628692.383	1104530.39	2777.539	0.0597159947234344	0.008530856389062
1555	2628688.513	1104527.325	2779.24	2628688.513	1104527.325	2779.24	0.0	0.0
1557	2628667.679	1104521.04	2785.622	2628668.917	1104521.097	2785.297	1.281217389729398	0.1830310556756283
1575	2628764.13	1104698.236	2740.489	2628764.13	1104698.236	2740.489	0.0	0.0
1576	2628765.198	1104691.61	2741.072	2628765.198	1104691.61	2741.072	0.0	0.0
1577	2628763.15	1104681.111	2742.52	2628763.11	1104681.157	2742.531	0.0619435225813364	0.0088490746544766
1578	2628762.544	1104673.021	2743.198	2628762.544	1104673.021	2743.198	0.0	0.0
1579	2628761.917	1104664.625	2742.593	2628761.717	1104664.448	2742.48	0.2899965514551737	0.0414280787793105
1589	2628729.979	1104579.003	2760.371	2628729.943	1104578.892	2760.504	0.1769350163093664	0.025276430901338
1590	2628713.638	1104566.552	2766.538	2628713.724	1104566.546	2766.588	0.0996594201249213	0.0142370600178459
1591	2628709.211	1104560.451	2768.358	2628709.211	1104560.451	2768.358	0.0	0.0
1592	2628705.36	1104555.195	2770.078	2628705.312	1104555.25	2770.053	0.0771621668188769	0.0110231666884109
1593	2628703.725	1104550.929	2770.925	2628703.766	1104551.03	2770.889	0.1147954702207663	0.0163993528886809
1594	2628700.897	1104546.741	2771.952	2628700.96	1104546.797	2772.038	0.1204200980789595	0.017202871154137
1595	2628699.683	1104543.167	2772.549	2628699.822	1104543.305	2772.515	0.1987988933582232	0.0283998419083176
1596	2628697.815	1104539.851	2773.506	2628697.81	1104539.912	2773.469	0.0715192281647211	0.0102170325949601
1597	2628695.251	1104536.252	2774.538	2628695.341	1104536.298	2774.551	0.1019068199875791	0.0145581171410827
1598	2628692.004	1104532.689	2775.744	2628691.895	1104532.61	2775.743	0.1346216922462027	0.0192316703208861
1599	2628687.881	1104529.355	2777.612	2628687.881	1104529.355	2777.612	0.0	0.0
1600	2628681.599	1104526.371	2779.477	2628681.599	1104526.371	2779.477	0.0	0.0
1620	2628761.613	1104695.012	2737.173	2628761.644	1104694.958	2737.185	0.0634113554331224	0.0090587650618746
1621	2628759.72	1104685.118	2738.49	2628759.731	1104685.031	2738.477	0.0886510011716378	0.0126644287388053
1622	2628758.158	1104675.159	2739.921	2628758.046	1104675.028	2739.833	0.1935174409543925	0.0276453487077703
1623	2628758.541	1104668.512	2739.798	2628758.53	1104668.599	2739.761	0.0951787790342655	0.0135969684334665
1634	2628723.457	1104575.966	2759.788	2628723.434	1104575.881	2759.763	0.0915368777910188	0.0130766968272884
1635	2628709.268	1104563.529	2765.691	2628709.417	1104563.58	2765.779	0.1804050994876659	0.0257721570696665
1636	2628705.47	1104558.66	2767.339	2628705.47	1104558.66	2767.339	0.0	0.0
1637	2628702.752	1104553.953	2768.562	2628702.749	1104553.902	2768.586	0.0564446631478226	0.0080635233068318
1638	2628699.409	1104549.383	2770.045	2628699.382	1104549.376	2770.106	0.067074585256349	0.0095820836080498
1639	2628699.117	1104546.077	2770.314	2628699.117	1104546.077	2770.314	0.0	0.0
1640	2628696.791	1104542.411	2771.373	2628696.969	1104542.485	2771.363	0.1930284951666092	0.0275754993095156
1641	2628694.431	1104538.78	2772.591	2628694.477	1104538.82	2772.604	0.0623297682588632	0.008904252608409
1642	2628692.323	1104535.887	2773.472	2628692.384	1104536.004	2773.449	0.1339365521147537	0.0191337931592505
1645	2628679.889	1104526.133	2778.66	2628679.889	1104526.133	2778.66	0.0	0.0
1665	2628754.692	1104686.163	2735.69	2628757.08	1104689.072	2734.617	3.9135858239208248	0.5590836891315464
1666	2628754.578	1104678.455	2736.413	2628754.578	1104678.455	2736.413	0.0	0.0
1667	2628754.773	1104671.489	2737.129	2628754.729	1104671.223	2737.153	0.2706806237112153	0.0386686605301736
1678	2628722.88	1104580.499	2756.701	2628722.88	1104580.499	2756.701	0.0	0.0
1679	2628711.106	1104568.969	2761.881	2628711.157	1104568.966	2761.918	0.0630793151349629	0.0090113307335661
1680	2628705.452	1104562.159	2764.538	2628705.515	1104562.198	2764.575	0.0828190800395268	0.0118312971485038
1681	2628702.576	1104557.271	2766.405	2628702.685	1104557.35	2766.407	0.1346328342567962	0.0192332620366851
1682	2628699.459	1104552.505	2767.488	2628699.615	1104552.642	2767.491	0.2076391103840567	0.0296627300548652
1683	2628698.225	1104548.948	2768.306	2628698.225	1104548.948	2768.306	0.0	0.0
1684	2628696.52	1104545.206	2769.202	2628696.571	1104545.203	2769.239	0.0630793151346962	0.009011330733528
1685	2628693.182	1104541.224	2770.565	2628693.274	1104541.288	2770.53	0.1174095397936662	0.0167727913990951
1686	2628691.37	1104538.008	2771.742	2628691.582	1104538.193	2771.66	0.2930750756145815	0.0418678679449402
1689	2628683.434	1104528.79	2775.842	2628683.434	1104528.79	2775.842	0.0	0.0
1690	2628670.552	1104524.762	2780.684	2628670.624	1104524.792	2780.673	0.0787718220160458	0.0112531174308636
1710	2628750.808	1104681.764	2732.975	2628750.908	1104681.853	2733.074	0.1664992489810966	0.0237856069972995
1711	2628750.849	1104673.77	2733.663	2628750.849	1104673.77	2733.663	0.0	0.0
1722	2628725.241	1104586.019	2752.336	2628725.428	1104586.215	2752.302	0.2730219770785206	0.0390031395826458
1723	2628711.582	1104573.173	2758.684	2628711.673	1104573.237	2758.698	0.1121293895656784	0.0160184842236683
1724	2628707.319	1104566.782	2761.055	2628707.132	1104566.621	2761.236	0.3060245086920025	0.0437177869560003
1725	2628703.46	1104561.118	2763.262	2628703.502	1104561.107	2763.3	0.0576974868624324	0.0082424981232046
1726	2628699.984	1104555.949	2765.256	2628699.984	1104555.949	2765.256	0.0	0.0
1727	2628696.898	1104551.31	2766.559	2628696.898	1104551.31	2766.559	0.0	0.0
1728	2628696.008	1104547.956	2767.357	2628696.008	1104547.956	2767.357	0.0	0.0
1729	2628693.872	1104544.277	2768.383	2628693.872	1104544.277	2768.383	0.0	0.0
1730	2628691.082	1104540.63	2769.925	2628691.031	1104540.634	2769.875	0.0715332090658473	0.0102190298665496
1731	2628688.769	1104537.464	2771.23	2628688.582	1104537.398	2771.289	0.2068961090810996	0.0295565870115856
1732	2628684.679	1104533.737	2773.207	2628684.679	1104533.737	2773.207	0.0	0.0
1733	2628682.008	1104530.579	2774.141	2628681.902	1104530.551	2774.116	0.1124499890042242	0.0160642841434606
1755	2628747.632	1104677.038	2731.357	2628747.632	1104677.038	2731.357	0.0	0.0
1767	2628719.705	1104582.179	2752.388	2628719.705	1104582.179	2752.388	0.0	0.0
1768	2628708.001	1104570.956	2757.764	2628708.102	1104571.044	2757.766	0.1339738778862968	0.0191391254123281
1769	2628704.316	1104565.184	2760.095	2628704.316	1104565.184	2760.095	0.0	0.0
1770	2628699.977	1104559.197	2762.405	2628700.038	1104559.219	2762.43	0.0694982016443288	0.0099283145206184
1771	2628697.052	1104554.606	2764.2	2628697.052	1104554.606	2764.2	0.0	0.0
1772	2628694.904	1104550.512	2765.358	2628694.904	1104550.512	2765.358	0.0	0.0
1773	2628692.966	1104546.698	2766.52	2628692.91	1104546.762	2766.446	0.1127297653091622	0.0161042521870231
1774	2628691.844	1104543.791	2767.426	2628691.746	1104543.755	2767.388	0.1111035555283327	0.0158719365040475
1775	2628689.015	1104540.129	2769.249	2628689.112	1104540.166	2769.262	0.1046279122120166	0.0149468446017166
1776	2628683.991	1104535.944	2771.445	2628683.991	1104535.944	2771.445	0.0	0.0
1779	2628669.618	1104526.944	2778.43	2628669.618	1104526.944	2778.43	0.0	0.0
1800	2628744.254	1104672.935	2728.576	2628744.254	1104672.935	2728.576	0.0	0.0
1811	2628717.677	1104585.362	2749.498	2628717.677	1104585.362	2749.498	0.0	0.0
1812	2628710.729	1104576.538	2753.514	2628710.729	1104576.538	2753.514	0.0	0.0
1813	2628704.686	1104568.988	2757.056	2628704.686	1104568.988	2757.056	0.0	0.0
1814	2628700.567	1104562.838	2759.551	2628700.676	1104563.03	2759.443	0.2457824242136062	0.035111774887658
1815	2628696.71	1104557.434	2761.612	2628696.71	1104557.434	2761.612	0.0	0.0
1816	2628695.078	1104553.677	2762.803	2628695.085	1104553.668	2762.852	0.0503090448500142	0.0071870064071448
1817	2628692.1	1104549.333	2764.634	2628692.076	1104549.36	2764.597	0.0517107339930492	0.0073872477132927
1818	2628690.754	1104546.051	2765.536	2628690.649	1104546.024	2765.498	0.1148825487016625	0.016411792671666
1819	2628688.37	1104542.291	2767.254	2628688.518	1104542.42	2767.208	0.201645728945998	0.0288065327065711
1820	2628682.773	1104537.917	2770.004	2628682.722	1104537.921	2769.906	0.1105486318288538	0.0157926616898362
1821	2628681.84	1104535.337	2770.657	2628681.84	1104535.337	2770.657	0.0	0.0
1822	2628661.309	1104527.92	2780.645	2628679.824	1104532.479	2772.041	20.919333689340174	2.988476241334311
1823	2628659.799	1104526.182	2781.415	2628659.799	1104526.182	2781.415	0.0	0.0
1824	2628659.706	1104525.858	2781.621	2628659.709	1104525.797	2781.682	0.0863191751497225	0.0123313107356746
1825	2628669.618	1104526.944	2778.43	2628669.618	1104526.944	2778.43	0.0	0.0
1855	2628718.649	1104590.418	2745.785	2628718.516	1104590.253	2745.82	0.2147999071540527	0.0306857010220075
1856	2628712.745	1104581.708	2749.326	2628712.79	1104581.731	2749.327	0.0505470076724729	0.0072210010960675
1857	2628705.264	1104572.908	2753.86	2628705.277	1104572.855	2753.909	0.0733416662107194	0.0104773808872456
1858	2628701.593	1104566.971	2756.264	2628701.644	1104567.081	2756.229	0.1261982568036491	0.0180283224005213
1859	2628697.944	1104561.215	2758.535	2628698.028	1104561.305	2758.524	0.123600161566971	0.0176571659381387
1860	2628694.532	1104556.379	2760.64	2628694.578	1104556.419	2760.641	0.0609672043906072	0.0087096006272296
1861	2628693.197	1104552.689	2761.945	2628693.197	1104552.689	2761.945	0.0	0.0
1862	2628689.966	1104548.334	2763.87	2628689.966	1104548.334	2763.87	0.0	0.0
1866	2628679.488	1104534.429	2770.49	2628679.702	1104534.518	2770.456	0.2342498667045319	0.0334642666720759
1867	2628669.778	1104529.931	2775.312	2628665.465	1104528.884	2777.476	4.937719514183727	0.7053885020262467
1868	2628667.242	1104528.405	2776.875	2628667.242	1104528.405	2776.875	0.0	0.0
1869	2628667.242	1104528.405	2776.875	2628667.242	1104528.405	2776.875	0.0	0.0
1870	2628667.242	1104528.405	2776.875	2628667.242	1104528.405	2776.875	0.0	0.0
1890	2628733.327	1104661.587	2725.421	2628733.122	1104661.601	2725.284	0.2469615355263464	0.0352802193609066
1900	2628714.419	1104586.873	2745.452	2628714.449	1104586.819	2745.464	0.0629285307956737	0.0089897901136676
1901	2628705.983	1104577.243	2750.582	2628705.932	1104577.134	2750.63	0.1295607964792678	0.0185086852113239
1902	2628702.447	1104571.246	2753.0	2628702.447	1104571.246	2753.0	0.0	0.0
1903	2628698.838	1104565.477	2755.479	2628698.908	1104565.49	2755.492	0.0723740283351739	0.0103391469050248
1904	2628694.963	1104559.77	2758.113	2628695.002	1104559.836	2758.077	0.0846935651252133	0.0120990807321733
1905	2628692.521	1104555.26	2759.816	2628692.56	1104555.327	2759.768	0.0911811383748873	0.0130258769106981
1906	2628690.824	1104551.594	2761.092	2628690.778	1104551.554	2761.091	0.0609672043906072	0.0087096006272296
1907	2628686.548	1104546.865	2763.602	2628686.548	1104546.865	2763.602	0.0	0.0
1908	2628683.289	1104543.215	2765.248	2628683.303	1104543.275	2765.211	0.071867934281197	0.0102668477544567
1909	2628680.901	1104539.453	2767.345	2628680.901	1104539.453	2767.345	0.0	0.0
1911	2628659.529	1104528.848	2779.17	2628659.529	1104528.848	2779.17	0.0	0.0
1912	2628664.357	1104528.916	2776.961	2628664.357	1104528.916	2776.961	0.0	0.0
1913	2628667.242	1104528.405	2776.875	2628667.242	1104528.405	2776.875	0.0	0.0
1914	2628667.242	1104528.405	2776.875	2628667.242	1104528.405	2776.875	0.0	0.0
1915	2628667.242	1104528.405	2776.875	2628667.242	1104528.405	2776.875	0.0	0.0
1916	2628667.242	1104528.405	2776.875	2628667.242	1104528.405	2776.875	0.0	0.0
1944	2628712.944	1104590.721	2742.608	2628712.973	1104590.762	2742.645	0.0623778808721413	0.0089111258388773
1945	2628708.898	1104583.178	2745.76	2628704.598	1104579.957	2748.445	6.006168995230968	0.8580241421758525
1946	2628702.176	1104574.606	2750.342	2628702.176	1104574.606	2750.342	0.0	0.0
1947	2628699.412	1104569.363	2752.381	2628699.447	1104569.248	2752.442	0.134799851662778	0.0192571216661111
1948	2628695.878	1104563.467	2755.141	2628695.878	1104563.467	2755.141	0.0	0.0
1949	2628692.876	1104558.535	2757.191	2628692.87	1104558.579	2757.166	0.0509607692261009	0.0072801098894429
1950	2628690.387	1104554.115	2758.979	2628690.387	1104554.115	2758.979	0.0	0.0
1951	2628686.73	1104549.553	2761.326	2628686.73	1104549.553	2761.326	0.0	0.0
1952	2628682.784	1104545.921	2763.305	2628682.751	1104546.053	2763.22	0.1604306703338822	0.0229186671905546
1953	2628680.711	1104542.304	2765.138	2628680.724	1104542.364	2765.102	0.0711688134057064	0.0101669733436723
1954	2628678.797	1104538.841	2766.9	2628678.797	1104538.841	2766.9	0.0	0.0
1956	2628669.593	1104531.805	2772.492	2628672.813	1104532.758	2770.703	3.8048823899407473	0.5435546271343925
1957	2628672.676	1104532.203	2771.103	2628672.676	1104532.203	2771.103	0.0	0.0
1958	2628664.326	1104528.728	2777.119	2628664.326	1104528.728	2777.119	0.0	0.0
1959	2628667.242	1104528.405	2776.875	2628667.242	1104528.405	2776.875	0.0	0.0
1960	2628667.242	1104528.405	2776.875	2628667.242	1104528.405	2776.875	0.0	0.0
1961	2628667.242	1104528.405	2776.875	2628667.242	1104528.405	2776.875	0.0	0.0
1962	2628667.242	1104528.405	2776.875	2628667.242	1104528.405	2776.875	0.0	0.0
1964	2628667.242	1104528.405	2776.875	2628667.242	1104528.405	2776.875	0.0	0.0
1981	2628719.807	1104638.097	2726.024	2628719.604	1104638.05	2726.033	0.2085641390271513	0.0297948770038787
1987	2628711.535	1104597.96	2738.784	2628711.214	1104597.583	2738.913	0.5116747012445073	0.0730963858920724
1988	2628710.456	1104592.762	2740.674	2628710.358	1104592.708	2740.636	0.11816936978085	0.0168813385401214
1989	2628710.762	1104588.947	2741.658	2628710.762	1104588.947	2741.658	0.0	0.0
1990	2628700.82	1104577.169	2748.473	2628700.82	1104577.169	2748.473	0.0	0.0
1991	2628698.856	1104572.541	2750.158	2628698.8	1104572.493	2750.157	0.0737631346438316	0.0105375906634045
1992	2628696.792	1104567.599	2751.829	2628696.792	1104567.599	2751.829	0.0	0.0
1993	2628693.079	1104561.906	2754.697	2628693.079	1104561.906	2754.697	0.0	0.0
1994	2628690.647	1104557.066	2756.656	2628690.651	1104557.118	2756.62	0.063371918008153	0.0090531311440218
1995	2628687.57	1104553.012	2758.902	2628687.399	1104552.798	2759.01	0.2944503352634025	0.0420643336090574
1996	2628682.988	1104547.712	2762.079	2628683.043	1104547.761	2762.067	0.0746324326747046	0.0106617760963863
1997	2628680.942	1104544.424	2763.546	2628681.106	1104544.534	2763.487	0.2060994907380346	0.0294427843911478
1999	2628675.936	1104537.783	2767.129	2628675.936	1104537.783	2767.129	0.0	0.0
2000	2628672.667	1104534.469	2769.35	2628672.667	1104534.469	2769.35	0.0	0.0
2001	2628671.251	1104532.655	2770.45	2628671.251	1104532.655	2770.45	0.0	0.0
2002	2628671.251	1104532.655	2770.45	2628671.251	1104532.655	2770.45	0.0	0.0
2003	2628664.326	1104528.728	2777.119	2628664.326	1104528.728	2777.119	0.0	0.0
2004	2628664.326	1104528.728	2777.119	2628664.326	1104528.728	2777.119	0.0	0.0
2005	2628667.242	1104528.405	2776.875	2628667.242	1104528.405	2776.875	0.0	0.0
2006	2628667.242	1104528.405	2776.875	2628667.242	1104528.405	2776.875	0.0	0.0
2007	2628667.242	1104528.405	2776.875	2628667.242	1104528.405	2776.875	0.0	0.0
2008	2628667.242	1104528.405	2776.875	2628667.242	1104528.405	2776.875	0.0	0.0
2009	2628667.242	1104528.405	2776.875	2628667.242	1104528.405	2776.875	0.0	0.0
2010	2628667.242	1104528.405	2776.875	2628667.242	1104528.405	2776.875	0.0	0.0
